    0.000000000   -1.982630256   -1.940507093
    0.032445000   -1.980327946   -1.938353178
    0.064890000   -1.973438922   -1.931904016
    0.097335000   -1.962015995   -1.921197320
    0.129780000   -1.946144302   -1.906295809
    0.162225000   -1.925937516   -1.887286990
    0.194670000   -1.901533466   -1.864282811
    0.227115000   -1.873089924   -1.837419164
    0.259560000   -1.840781199   -1.806855201
    0.292005000   -1.804796041   -1.772772461
    0.324450000   -1.765337070   -1.735373776
    0.356895000   -1.722621633   -1.694881963
    0.389340000   -1.676883708   -1.651538297
    0.421785000   -1.628376244   -1.605600772
    0.454230000   -1.577373234   -1.557342139
    0.486675000   -1.524170817   -1.507047715
    0.519120000   -1.469086851   -1.455012962
    0.551565000   -1.412458646   -1.401540801
    0.584010000   -1.354638790   -1.346938673
    0.616455000   -1.295989314   -1.291515325
    0.648900000   -1.236874648   -1.235577364
    0.681345000   -1.177653965   -1.179425619
    0.713790000   -1.118673567   -1.123351393
    0.746235000   -1.060259897   -1.067632726
    0.778680000   -1.002713634   -1.012530804
    0.811125000   -0.946305148   -0.958286666
    0.843570000   -0.891271412   -0.905118368
    0.876015000   -0.837814297   -0.853218731
    0.908460000   -0.786100065   -0.802753791
    0.940905000   -0.736259839   -0.753861999
    0.973350000   -0.688390810   -0.706654196
    1.005795000   -0.642558019   -0.661214312
    1.038240000   -0.598796582   -0.617600715
    1.070685000   -0.557114317   -0.575848092
    1.103130000   -0.517494762   -0.535969715
    1.135575000   -0.479900546   -0.497959967
    1.168020000   -0.444277091   -0.461796972
    1.200465000   -0.410556523   -0.427445232
    1.232910000   -0.378661635   -0.394858168
    1.265355000   -0.348509685   -0.363980503
    1.297800000   -0.320015797   -0.334750439
    1.330245000   -0.293095762   -0.307101621
    1.362690000   -0.267668071   -0.280964860
    1.395135000   -0.243655136   -0.256269619
    1.427580000   -0.220983742   -0.232945272
    1.460025000   -0.199584857   -0.210922125
    1.492470000   -0.179393034   -0.190132213
    1.524915000   -0.160345623   -0.170509883
    1.557360000   -0.142382053   -0.151992171
    1.589805000   -0.125443341   -0.134519001
    1.622250000   -0.109471933   -0.118033241
    1.654695000   -0.094411886   -0.102480644
    1.687140000   -0.080209315   -0.087809717
    1.719585000   -0.066812961   -0.073971570
    1.752030000   -0.054174738   -0.060919758
    1.784475000   -0.042250112   -0.048610155
    1.816920000   -0.030998217   -0.037000861
    1.849365000   -0.020381675   -0.026052154
    1.881810000   -0.010366167   -0.015726457
    1.914255000   -0.000919838   -0.005988320
    1.946700000    0.007987344    0.003195611
    1.979145000    0.016384141    0.011856658
    2.011590000    0.024298427    0.020024202
    2.044035000    0.031757350    0.027725818
    2.076480000    0.038787267    0.034987432
    2.108925000    0.045413524    0.041833495
    2.141370000    0.051660165    0.048287146
    2.173815000    0.057549660    0.054370351
    2.206260000    0.063102745    0.060104011
    2.238705000    0.068338422    0.065508027
    2.271150000    0.073274122    0.070601328
    2.303595000    0.077925997    0.075401871
    2.336040000    0.082309274    0.079926632
    2.368485000    0.086438590    0.084191599
    2.400930000    0.090328232    0.088211782
    2.433375000    0.093992248    0.092001247
    2.465820000    0.097444388    0.095573173
    2.498265000    0.100697942    0.098939930
    2.530710000    0.103765492    0.102113167
    2.563155000    0.106658679    0.105103893
    2.595600000    0.109388030    0.107922547
    2.628045000    0.111962914    0.110579046
    2.660490000    0.114391634    0.113082804
    2.692935000    0.116681632    0.115442743
    2.725380000    0.118839780    0.117667278
    2.757825000    0.120872677    0.119764309
    2.790270000    0.122786888    0.121741221
    2.822715000    0.124589086    0.123604893
    2.855160000    0.126286062    0.125361737
    2.887605000    0.127884611    0.127017743
    2.920050000    0.129391333    0.128578540
    2.952495000    0.130812412    0.130049454
    2.984940000    0.132153410    0.131435559
    3.017385000    0.133419160    0.132741716
    3.049830000    0.134613762    0.133972583
    3.082275000    0.135740693    0.135132612
    3.114720000    0.136803010    0.136226034
    3.147165000    0.137803586    0.137256834
    3.179610000    0.138745335    0.138228728
    3.212055000    0.139631364    0.139145160
    3.244500000    0.140465030    0.140009303
    3.276945000    0.141249885    0.140824087
    3.309390000    0.141989525    0.141592236
    3.341835000    0.142687398    0.142316306
    3.374280000    0.143346605    0.142998733
    3.406725000    0.143969750    0.143641858
    3.439170000    0.144558886    0.144247951
    3.471615000    0.145115556    0.144819202
    3.504060000    0.145640928    0.145357717
    3.536505000    0.146135988    0.145865487
    3.568950000    0.146601747    0.146344370
    3.601395000    0.147039409    0.146796074
    3.633840000    0.147450472    0.147222148
    3.666285000    0.147836719    0.147623995
    3.698730000    0.148200136    0.148002897
    3.731175000    0.148542747    0.148360042
    3.763620000    0.148866434    0.148696563
    3.796065000    0.149172778    0.149013564
    3.828510000    0.149462953    0.149312142
    3.860955000    0.149737712    0.149593389
    3.893400000    0.149997465    0.149858382
    3.925845000    0.150242412    0.150108165
    3.958290000    0.150472731    0.150343719
    3.990735000    0.150688737    0.150565945
    4.023180000    0.150891007    0.150775648
    4.055625000    0.151080420    0.150973530
    4.088070000    0.151258114    0.151160206
    4.120515000    0.151425369    0.151336227
    4.152960000    0.151583451    0.151502103
    4.185405000    0.151733449    0.151658332
    4.217850000    0.151876146    0.151805423
    4.250295000    0.152011969    0.151943903
    4.282740000    0.152141006    0.152074316
    4.315185000    0.152263107    0.152197209
    4.347630000    0.152378028    0.152313105
    4.380075000    0.152485597    0.152422490
    4.412520000    0.152585846    0.152525785
    4.444965000    0.152679093    0.152623343
    4.477410000    0.152765941    0.152715449
    4.509855000    0.152847209    0.152802338
    4.542300000    0.152923803    0.152884210
    4.574745000    0.152996565    0.152961263
    4.607190000    0.153066138    0.153033710
    4.639635000    0.153132875    0.153101793
    4.672080000    0.153196817    0.153165789
    4.704525000    0.153257745    0.153225997
    4.736970000    0.153315293    0.153282723
    4.769415000    0.153369092    0.153336258
    4.801860000    0.153418904    0.153386857
    4.834305000    0.153464731    0.153434722
    4.866750000    0.153506849    0.153480003
    4.899195000    0.153545783    0.153522799
    4.931640000    0.153582210    0.153563175
    4.964085000    0.153616832    0.153601188
    4.996530000    0.153650235    0.153636901
    5.028975000    0.153682779    0.153670405
    5.061420000    0.153714547    0.153701827
    5.093865000    0.153745351    0.153731327
    5.126310000    0.153774810    0.153759083
    5.158755000    0.153802469    0.153785277
    5.191200000    0.153827933    0.153810073
    5.223645000    0.153850985    0.153833599
    5.256090000    0.153871658    0.153855939
    5.288535000    0.153890239    0.153877131
    5.320980000    0.153907220    0.153897179
    5.353425000    0.153923187    0.153916069
    5.385870000    0.153938696    0.153933792
    5.418315000    0.153954152    0.153950358
    5.450760000    0.153969726    0.153965810
    5.483205000    0.153985330    0.153980231
    5.515650000    0.154000657    0.153993731
    5.548095000    0.154015267    0.154006436
    5.580540000    0.154028711    0.154018471
    5.612985000    0.154040651    0.154029935
    5.645430000    0.154050952    0.154040895
    5.677875000    0.154059723    0.154051376
    5.710320000    0.154067297    0.154061366
    5.742765000    0.154074156    0.154070829
    5.775210000    0.154080821    0.154079722
    5.807655000    0.154087733    0.154088012
    5.840100000    0.154095150    0.154095697
    5.872545000    0.154103097    0.154102805
    5.904990000    0.154111367    0.154109400
    5.937435000    0.154119578    0.154115569
    5.969880000    0.154127275    0.154121408
    6.002325000    0.154134046    0.154127002
    6.034770000    0.154139630    0.154132411
    6.067215000    0.154143977    0.154137660
    6.099660000    0.154147270    0.154142738
    6.132105000    0.154149876    0.154147604
    6.164550000    0.154152261    0.154152202
    6.196995000    0.154154880    0.154156480
    6.229440000    0.154158066    0.154160403
    6.261885000    0.154161959    0.154163969
    6.294330000    0.154166471    0.154167209
    6.326775000    0.154171316    0.154170182
    6.359220000    0.154176082    0.154172966
    6.391665000    0.154180339    0.154175640
    6.424110000    0.154183745    0.154178268
    6.456555000    0.154186130    0.154180883
    6.489000000    0.154187539    0.154183488
    6.521445000    0.154188222    0.154186050
    6.553890000    0.154188573    0.154188518
    6.586335000    0.154189033    0.154190830
    6.618780000    0.154189988    0.154192938
    6.651225000    0.154191671    0.154194814
    6.683670000    0.154194113    0.154196462
    6.716115000    0.154197134    0.154197919
    6.748560000    0.154200396    0.154199245
    6.781005000    0.154203483    0.154200509
    6.813450000    0.154206005    0.154201776
    6.845895000    0.154207695    0.154203090
    6.878340000    0.154208475    0.154204464
    6.910785000    0.154208472    0.154205882
    6.943230000    0.154207988    0.154207300
    6.975675000    0.154207424    0.154208657
    7.008120000    0.154207184    0.154209896
    7.040565000    0.154207576    0.154210975
    7.073010000    0.154208739    0.154211877
    7.105455000    0.154210610    0.154212618
    7.137900000    0.154212943    0.154213240
    7.170345000    0.154215370    0.154213803
    7.202790000    0.154217495    0.154214374
    7.235235000    0.154218986    0.154215002
    7.267680000    0.154219663    0.154215719
    7.300125000    0.154219536    0.154216522
    7.332570000    0.154218803    0.154217381
    7.365015000    0.154217804    0.154218245
    7.397460000    0.154216931    0.154219055
    7.429905000    0.154216540    0.154219759
    7.462350000    0.154216857    0.154220326
    7.494795000    0.154217931    0.154220750
    7.527240000    0.154219619    0.154221058
    7.559685000    0.154221625    0.154221298
    7.592130000    0.154223572    0.154221528
    7.624575000    0.154225096    0.154221806
    7.657020000    0.154225935    0.154222171
    7.689465000    0.154225991    0.154222639
    7.721910000    0.154225355    0.154223194
    7.754355000    0.154224280    0.154223797
    7.786800000    0.154223124    0.154224392
    7.819245000    0.154222257    0.154224923
    7.851690000    0.154221972    0.154225348
    7.884135000    0.154222417    0.154225645
    7.916580000    0.154223556    0.154225823
    7.949025000    0.154225182    0.154225916
    7.981470000    0.154226967    0.154225976
    8.013915000    0.154228545    0.154226059
    8.046360000    0.154229599    0.154226215
    8.078805000    0.154229941    0.154226472
    8.111250000    0.154229557    0.154226831
    8.143695000    0.154228605    0.154227267
    8.176140000    0.154227382    0.154227734
    8.208585000    0.154226247    0.154228176
    8.241030000    0.154225532    0.154228544
    8.273475000    0.154225464    0.154228804
    8.305920000    0.154226111    0.154228947
    8.338365000    0.154227361    0.154228992
    8.370810000    0.154228957    0.154228980
    8.403255000    0.154230557    0.154228965
    8.435700000    0.154231818    0.154229000
    8.468145000    0.154232483    0.154229122
    8.500590000    0.154232439    0.154229349
    8.533035000    0.154231746    0.154229669
    8.565480000    0.154230621    0.154230049
    8.597925000    0.154229384    0.154230439
    8.630370000    0.154228380    0.154230786
    8.662815000    0.154227894    0.154231046
    8.695260000    0.154228082    0.154231198
    8.727705000    0.154228932    0.154231244
    8.760150000    0.154230273    0.154231213
    8.792595000    0.154231811    0.154231150
    8.825040000    0.154233207    0.154231108
    8.857485000    0.154234156    0.154231133
    8.889930000    0.154234464    0.154231255
    8.922375000    0.154234095    0.154231478
    8.954820000    0.154233176    0.154231782
    8.987265000    0.154231968    0.154232125
    9.019710000    0.154230801    0.154232457
    9.052155000    0.154229991    0.154232729
    9.084600000    0.154229766    0.154232908
    9.117045000    0.154230210    0.154232981
    9.149490000    0.154231241    0.154232963
    9.181935000    0.154232636    0.154232889
    9.214380000    0.154234081    0.154232807
    9.246825000    0.154235253    0.154232767
    9.279270000    0.154235896    0.154232808
    9.311715000    0.154235886    0.154232948
    9.344160000    0.154235255    0.154233181
    9.376605000    0.154234190    0.154233477
    9.409050000    0.154232979    0.154233791
    9.441495000    0.154231947    0.154234074
    9.473940000    0.154231370    0.154234284
    9.506385000    0.154231415    0.154234395
    9.538830000    0.154232092    0.154234408
    9.571275000    0.154233259    0.154234345
    9.603720000    0.154234654    0.154234247
    9.636165000    0.154235959    0.154234164
    9.668610000    0.154236882    0.154234140
    9.701055000    0.154237222    0.154234204
    9.733500000    0.154236923    0.154234366
    9.765945000    0.154236086    0.154234607
    9.798390000    0.154234940    0.154234892
    9.830835000    0.154233790    0.154235173
    9.863280000    0.154232939    0.154235404
    9.895725000    0.154232616    0.154235549
    9.928170000    0.154232918    0.154235594
    9.960615000    0.154233789    0.154235549
    9.993060000    0.154235035    0.154235444
   10.025505000    0.154236366    0.154235324
   10.057950000    0.154237477    0.154235236
   10.090395000    0.154238113    0.154235219
   10.122840000    0.154238137    0.154235294
   10.155285000    0.154237562    0.154235457
   10.187730000    0.154236545    0.154235685
   10.220175000    0.154235350    0.154235936
   10.252620000    0.154234285    0.154236164
   10.285065000    0.154233622    0.154236328
   10.317510000    0.154233534    0.154236401
   10.349955000    0.154234055    0.154236380
   10.382400000    0.154235067    0.154236284
   10.414845000    0.154236334    0.154236149
   10.447290000    0.154237559    0.154236022
   10.479735000    0.154238456    0.154235947
   10.512180000    0.154238819    0.154235954
   10.544625000    0.154238575    0.154236054
   10.577070000    0.154237798    0.154236235
   10.609515000    0.154236693    0.154236465
   10.641960000    0.154235543    0.154236700
   10.674405000    0.154234642    0.154236894
   10.706850000    0.154234221    0.154237013
   10.739295000    0.154234392    0.154237040
   10.771740000    0.154235125    0.154236981
   10.804185000    0.154236249    0.154236863
   10.836630000    0.154237501    0.154236725
   10.869075000    0.154238586    0.154236615
   10.901520000    0.154239251    0.154236569
   10.933965000    0.154239346    0.154236612
   10.966410000    0.154238863    0.154236743
   10.998855000    0.154237932    0.154236941
   11.031300000    0.154236795    0.154237169
   11.063745000    0.154235739    0.154237383
   11.096190000    0.154235035    0.154237541
   11.128635000    0.154234864    0.154237616
   11.161080000    0.154235277    0.154237601
   11.193525000    0.154236182    0.154237511
   11.225970000    0.154237366    0.154237378
   11.258415000    0.154238551    0.154237246
   11.290860000    0.154239457    0.154237158
   11.323305000    0.154239874    0.154237145
   11.355750000    0.154239713    0.154237221
   11.388195000    0.154239025    0.154237377
   11.420640000    0.154237989    0.154237586
   11.453085000    0.154236871    0.154237805
   11.485530000    0.154235954    0.154237992
   11.517975000    0.154235471    0.154238111
   11.550420000    0.154235548    0.154238143
   11.582865000    0.154236176    0.154238090
   11.615310000    0.154237208    0.154237976
   11.647755000    0.154238401    0.154237838
   11.680200000    0.154239473    0.154237719
   11.712645000    0.154240171    0.154237658
   11.745090000    0.154240335    0.154237679
   11.777535000    0.154239937    0.154237786
   11.809980000    0.154239085    0.154237962
   11.842425000    0.154237996    0.154238173
   11.874870000    0.154236948    0.154238376
   11.907315000    0.154236205    0.154238532
   11.939760000    0.154235956    0.154238610
   11.972205000    0.154236271    0.154238601
   12.004650000    0.154237079    0.154238516
   12.037095000    0.154238190    0.154238385
   12.069540000    0.154239341    0.154238249
   12.101985000    0.154240259    0.154238149
   12.134430000    0.154240728    0.154238119
   12.166875000    0.154240644    0.154238173
   12.199320000    0.154240037    0.154238307
   12.231765000    0.154239065    0.154238496
   12.264210000    0.154237975    0.154238702
   12.296655000    0.154237041    0.154238883
   12.329100000    0.154236499    0.154239002
   12.361545000    0.154236489    0.154239039
   12.393990000    0.154237020    0.154238993
   12.426435000    0.154237968    0.154238883
   12.458880000    0.154239109    0.154238743
   12.491325000    0.154240171    0.154238617
   12.523770000    0.154240902    0.154238541
   12.556215000    0.154241132    0.154238543
   12.588660000    0.154240813    0.154238628
   12.621105000    0.154240032    0.154238784
   12.653550000    0.154238989    0.154238980
   12.685995000    0.154237945    0.154239174
   12.718440000    0.154237164    0.154239326
   12.750885000    0.154236843    0.154239408
   12.783330000    0.154237066    0.154239405
   12.815775000    0.154237784    0.154239325
   12.848220000    0.154238828    0.154239196
   12.880665000    0.154239949    0.154239056
   12.913110000    0.154240879    0.154238945
   12.945555000    0.154241399    0.154238898
   12.978000000    0.154241388    0.154238932
   13.010445000    0.154240857    0.154239046
   13.042890000    0.154239943    0.154239217
   13.075335000    0.154238877    0.154239411
   13.107780000    0.154237926    0.154239587
   13.140225000    0.154237329    0.154239707
   13.172670000    0.154237236    0.154239748
   13.205115000    0.154237676    0.154239708
   13.237560000    0.154238547    0.154239601
   13.270005000    0.154239640    0.154239461
   13.302450000    0.154240694    0.154239327
   13.334895000    0.154241457    0.154239238
   13.367340000    0.154241750    0.154239221
   13.399785000    0.154241506    0.154239287
   13.432230000    0.154240793    0.154239424
   13.464675000    0.154239790    0.154239604
   13.497120000    0.154238750    0.154239790
   13.529565000    0.154237932    0.154239941
   13.562010000    0.154237541    0.154240025
   13.594455000    0.154237676    0.154240027
   13.626900000    0.154238311    0.154239953
   13.659345000    0.154239292    0.154239826
   13.691790000    0.154240387    0.154239681
   13.724235000    0.154241330    0.154239560
   13.756680000    0.154241898    0.154239497
   13.789125000    0.154241957    0.154239512
   13.821570000    0.154241498    0.154239606
   13.854015000    0.154240639    0.154239761
   13.886460000    0.154239595    0.154239944
   13.918905000    0.154238626    0.154240114
   13.951350000    0.154237974    0.154240235
   13.983795000    0.154237802    0.154240282
   14.016240000    0.154238157    0.154240247
   14.048685000    0.154238954    0.154240144
   14.081130000    0.154240002    0.154240002
   14.113575000    0.154241051    0.154239861
   14.146020000    0.154241846    0.154239759
   14.178465000    0.154242199    0.154239725
   14.210910000    0.154242027    0.154239771
   14.243355000    0.154241377    0.154239890
   14.275800000    0.154240414    0.154240057
   14.308245000    0.154239375    0.154240235
   14.340690000    0.154238520    0.154240383
   14.373135000    0.154238061    0.154240471
   14.405580000    0.154238113    0.154240479
   14.438025000    0.154238667    0.154240409
   14.470470000    0.154239590    0.154240284
   14.502915000    0.154240659    0.154240135
   14.535360000    0.154241617    0.154240004
   14.567805000    0.154242233    0.154239925
   14.600250000    0.154242359    0.154239922
   14.632695000    0.154241969    0.154239997
   14.665140000    0.154241161    0.154240137
   14.697585000    0.154240137    0.154240308
   14.730030000    0.154239150    0.154240474
   14.762475000    0.154238445    0.154240596
   14.794920000    0.154238197    0.154240647
   14.827365000    0.154238468    0.154240617
   14.859810000    0.154239194    0.154240518
   14.892255000    0.154240202    0.154240375
   14.924700000    0.154241245    0.154240227
   14.957145000    0.154242073    0.154240112
   14.989590000    0.154242485    0.154240061
   15.022035000    0.154242382    0.154240088
   15.054480000    0.154241794    0.154240190
   15.086925000    0.154240866    0.154240344
   15.119370000    0.154239829    0.154240514
   15.151815000    0.154238937    0.154240661
   15.184260000    0.154238411    0.154240751
   15.216705000    0.154238382    0.154240764
   15.249150000    0.154238858    0.154240700
   15.281595000    0.154239724    0.154240575
   15.314040000    0.154240771    0.154240423
   15.346485000    0.154241744    0.154240282
   15.378930000    0.154242407    0.154240188
   15.411375000    0.154242599    0.154240166
   15.443820000    0.154242276    0.154240224
   15.476265000    0.154241518    0.154240348
   15.508710000    0.154240512    0.154240509
   15.541155000    0.154239507    0.154240670
   15.573600000    0.154238748    0.154240793
   15.606045000    0.154238424    0.154240848
   15.638490000    0.154238614    0.154240825
   15.670935000    0.154239273    0.154240728
   15.703380000    0.154240240    0.154240584
   15.735825000    0.154241281    0.154240429
   15.768270000    0.154242141    0.154240301
   15.800715000    0.154242611    0.154240233
   15.833160000    0.154242577    0.154240243
   15.865605000    0.154242049    0.154240328
   15.898050000    0.154241156    0.154240469
   15.930495000    0.154240117    0.154240631
   15.962940000    0.154239189    0.154240777
   15.995385000    0.154238597    0.154240870
   16.027830000    0.154238487    0.154240889
   16.060275000    0.154238888    0.154240830
   16.092720000    0.154239700    0.154240706
   16.125165000    0.154240726    0.154240550
   16.157610000    0.154241714    0.154240398
   16.190055000    0.154242424    0.154240290
   16.222500000    0.154242682    0.154240250
   16.254945000    0.154242424    0.154240290
   16.287390000    0.154241714    0.154240398
   16.319835000    0.154240726    0.154240550
   16.352280000    0.154239700    0.154240706
   16.384725000    0.154238888    0.154240830
   16.417170000    0.154238487    0.154240889
   16.449615000    0.154238597    0.154240870
   16.482060000    0.154239189    0.154240777
   16.514505000    0.154240117    0.154240631
   16.546950000    0.154241156    0.154240469
   16.579395000    0.154242049    0.154240328
   16.611840000    0.154242577    0.154240243
   16.644285000    0.154242611    0.154240233
   16.676730000    0.154242141    0.154240301
   16.709175000    0.154241281    0.154240429
   16.741620000    0.154240240    0.154240584
   16.774065000    0.154239273    0.154240728
   16.806510000    0.154238614    0.154240825
   16.838955000    0.154238424    0.154240848
   16.871400000    0.154238748    0.154240793
   16.903845000    0.154239507    0.154240670
   16.936290000    0.154240512    0.154240509
   16.968735000    0.154241518    0.154240348
   17.001180000    0.154242276    0.154240224
   17.033625000    0.154242599    0.154240166
   17.066070000    0.154242407    0.154240188
   17.098515000    0.154241744    0.154240282
   17.130960000    0.154240771    0.154240423
   17.163405000    0.154239724    0.154240575
   17.195850000    0.154238858    0.154240700
   17.228295000    0.154238382    0.154240764
   17.260740000    0.154238411    0.154240751
   17.293185000    0.154238937    0.154240661
   17.325630000    0.154239829    0.154240514
   17.358075000    0.154240866    0.154240344
   17.390520000    0.154241794    0.154240190
   17.422965000    0.154242382    0.154240088
   17.455410000    0.154242485    0.154240061
   17.487855000    0.154242073    0.154240112
   17.520300000    0.154241245    0.154240227
   17.552745000    0.154240202    0.154240375
   17.585190000    0.154239194    0.154240518
   17.617635000    0.154238468    0.154240617
   17.650080000    0.154238197    0.154240647
   17.682525000    0.154238445    0.154240596
   17.714970000    0.154239150    0.154240474
   17.747415000    0.154240137    0.154240308
   17.779860000    0.154241161    0.154240137
   17.812305000    0.154241969    0.154239997
   17.844750000    0.154242359    0.154239922
   17.877195000    0.154242233    0.154239925
   17.909640000    0.154241617    0.154240004
   17.942085000    0.154240659    0.154240135
   17.974530000    0.154239590    0.154240284
   18.006975000    0.154238667    0.154240409
   18.039420000    0.154238113    0.154240479
   18.071865000    0.154238061    0.154240471
   18.104310000    0.154238520    0.154240383
   18.136755000    0.154239375    0.154240235
   18.169200000    0.154240414    0.154240057
   18.201645000    0.154241377    0.154239890
   18.234090000    0.154242027    0.154239771
   18.266535000    0.154242199    0.154239725
   18.298980000    0.154241846    0.154239759
   18.331425000    0.154241051    0.154239861
   18.363870000    0.154240002    0.154240002
   18.396315000    0.154238954    0.154240144
   18.428760000    0.154238157    0.154240247
   18.461205000    0.154237802    0.154240282
   18.493650000    0.154237974    0.154240235
   18.526095000    0.154238626    0.154240114
   18.558540000    0.154239595    0.154239944
   18.590985000    0.154240639    0.154239761
   18.623430000    0.154241498    0.154239606
   18.655875000    0.154241957    0.154239512
   18.688320000    0.154241898    0.154239497
   18.720765000    0.154241330    0.154239560
   18.753210000    0.154240387    0.154239681
   18.785655000    0.154239292    0.154239826
   18.818100000    0.154238311    0.154239953
   18.850545000    0.154237676    0.154240027
   18.882990000    0.154237541    0.154240025
   18.915435000    0.154237932    0.154239941
   18.947880000    0.154238750    0.154239790
   18.980325000    0.154239790    0.154239604
   19.012770000    0.154240793    0.154239424
   19.045215000    0.154241506    0.154239287
   19.077660000    0.154241750    0.154239221
   19.110105000    0.154241457    0.154239238
   19.142550000    0.154240694    0.154239327
   19.174995000    0.154239640    0.154239461
   19.207440000    0.154238547    0.154239601
   19.239885000    0.154237676    0.154239708
   19.272330000    0.154237236    0.154239748
   19.304775000    0.154237329    0.154239707
   19.337220000    0.154237926    0.154239587
   19.369665000    0.154238877    0.154239411
   19.402110000    0.154239943    0.154239217
   19.434555000    0.154240857    0.154239046
   19.467000000    0.154241388    0.154238932
   19.499445000    0.154241399    0.154238898
   19.531890000    0.154240879    0.154238945
   19.564335000    0.154239949    0.154239056
   19.596780000    0.154238828    0.154239196
   19.629225000    0.154237784    0.154239325
   19.661670000    0.154237066    0.154239405
   19.694115000    0.154236843    0.154239408
   19.726560000    0.154237164    0.154239326
   19.759005000    0.154237945    0.154239174
   19.791450000    0.154238989    0.154238980
   19.823895000    0.154240032    0.154238784
   19.856340000    0.154240813    0.154238628
   19.888785000    0.154241132    0.154238543
   19.921230000    0.154240902    0.154238541
   19.953675000    0.154240171    0.154238617
   19.986120000    0.154239109    0.154238743
   20.018565000    0.154237968    0.154238883
   20.051010000    0.154237020    0.154238993
   20.083455000    0.154236489    0.154239039
   20.115900000    0.154236499    0.154239002
   20.148345000    0.154237041    0.154238883
   20.180790000    0.154237975    0.154238702
   20.213235000    0.154239065    0.154238496
   20.245680000    0.154240037    0.154238307
   20.278125000    0.154240644    0.154238173
   20.310570000    0.154240728    0.154238119
   20.343015000    0.154240259    0.154238149
   20.375460000    0.154239341    0.154238249
   20.407905000    0.154238190    0.154238385
   20.440350000    0.154237079    0.154238516
   20.472795000    0.154236271    0.154238601
   20.505240000    0.154235956    0.154238610
   20.537685000    0.154236205    0.154238532
   20.570130000    0.154236948    0.154238376
   20.602575000    0.154237996    0.154238173
   20.635020000    0.154239085    0.154237962
   20.667465000    0.154239937    0.154237786
   20.699910000    0.154240335    0.154237679
   20.732355000    0.154240171    0.154237658
   20.764800000    0.154239473    0.154237719
   20.797245000    0.154238401    0.154237838
   20.829690000    0.154237208    0.154237976
   20.862135000    0.154236176    0.154238090
   20.894580000    0.154235548    0.154238143
   20.927025000    0.154235471    0.154238111
   20.959470000    0.154235954    0.154237992
   20.991915000    0.154236871    0.154237805
   21.024360000    0.154237989    0.154237586
   21.056805000    0.154239025    0.154237377
   21.089250000    0.154239713    0.154237221
   21.121695000    0.154239874    0.154237145
   21.154140000    0.154239457    0.154237158
   21.186585000    0.154238551    0.154237246
   21.219030000    0.154237366    0.154237378
   21.251475000    0.154236182    0.154237511
   21.283920000    0.154235277    0.154237601
   21.316365000    0.154234864    0.154237616
   21.348810000    0.154235035    0.154237541
   21.381255000    0.154235739    0.154237383
   21.413700000    0.154236795    0.154237169
   21.446145000    0.154237932    0.154236941
   21.478590000    0.154238863    0.154236743
   21.511035000    0.154239346    0.154236612
   21.543480000    0.154239251    0.154236569
   21.575925000    0.154238586    0.154236615
   21.608370000    0.154237501    0.154236725
   21.640815000    0.154236249    0.154236863
   21.673260000    0.154235125    0.154236981
   21.705705000    0.154234392    0.154237040
   21.738150000    0.154234221    0.154237013
   21.770595000    0.154234642    0.154236894
   21.803040000    0.154235543    0.154236700
   21.835485000    0.154236693    0.154236465
   21.867930000    0.154237798    0.154236235
   21.900375000    0.154238575    0.154236054
   21.932820000    0.154238819    0.154235954
   21.965265000    0.154238456    0.154235947
   21.997710000    0.154237559    0.154236022
   22.030155000    0.154236334    0.154236149
   22.062600000    0.154235067    0.154236284
   22.095045000    0.154234055    0.154236380
   22.127490000    0.154233534    0.154236401
   22.159935000    0.154233622    0.154236328
   22.192380000    0.154234285    0.154236164
   22.224825000    0.154235350    0.154235936
   22.257270000    0.154236545    0.154235685
   22.289715000    0.154237562    0.154235457
   22.322160000    0.154238137    0.154235294
   22.354605000    0.154238113    0.154235219
   22.387050000    0.154237477    0.154235236
   22.419495000    0.154236366    0.154235324
   22.451940000    0.154235035    0.154235444
   22.484385000    0.154233789    0.154235549
   22.516830000    0.154232918    0.154235594
   22.549275000    0.154232616    0.154235549
   22.581720000    0.154232939    0.154235404
   22.614165000    0.154233790    0.154235173
   22.646610000    0.154234940    0.154234892
   22.679055000    0.154236086    0.154234607
   22.711500000    0.154236923    0.154234366
   22.743945000    0.154237222    0.154234204
   22.776390000    0.154236882    0.154234140
   22.808835000    0.154235959    0.154234164
   22.841280000    0.154234654    0.154234247
   22.873725000    0.154233259    0.154234345
   22.906170000    0.154232092    0.154234408
   22.938615000    0.154231415    0.154234395
   22.971060000    0.154231370    0.154234284
   23.003505000    0.154231947    0.154234074
   23.035950000    0.154232979    0.154233791
   23.068395000    0.154234190    0.154233477
   23.100840000    0.154235255    0.154233181
   23.133285000    0.154235886    0.154232948
   23.165730000    0.154235896    0.154232808
   23.198175000    0.154235253    0.154232767
   23.230620000    0.154234081    0.154232807
   23.263065000    0.154232636    0.154232889
   23.295510000    0.154231241    0.154232963
   23.327955000    0.154230210    0.154232981
   23.360400000    0.154229766    0.154232908
   23.392845000    0.154229991    0.154232729
   23.425290000    0.154230801    0.154232457
   23.457735000    0.154231968    0.154232125
   23.490180000    0.154233176    0.154231782
   23.522625000    0.154234095    0.154231478
   23.555070000    0.154234464    0.154231255
   23.587515000    0.154234156    0.154231133
   23.619960000    0.154233207    0.154231108
   23.652405000    0.154231811    0.154231150
   23.684850000    0.154230273    0.154231213
   23.717295000    0.154228932    0.154231244
   23.749740000    0.154228082    0.154231198
   23.782185000    0.154227894    0.154231046
   23.814630000    0.154228380    0.154230786
   23.847075000    0.154229384    0.154230439
   23.879520000    0.154230621    0.154230049
   23.911965000    0.154231746    0.154229669
   23.944410000    0.154232439    0.154229349
   23.976855000    0.154232483    0.154229122
   24.009300000    0.154231818    0.154229000
   24.041745000    0.154230557    0.154228965
   24.074190000    0.154228957    0.154228980
   24.106635000    0.154227361    0.154228992
   24.139080000    0.154226111    0.154228947
   24.171525000    0.154225464    0.154228804
   24.203970000    0.154225532    0.154228544
   24.236415000    0.154226247    0.154228176
   24.268860000    0.154227382    0.154227734
   24.301305000    0.154228605    0.154227267
   24.333750000    0.154229557    0.154226831
   24.366195000    0.154229941    0.154226472
   24.398640000    0.154229599    0.154226215
   24.431085000    0.154228545    0.154226059
   24.463530000    0.154226967    0.154225976
   24.495975000    0.154225182    0.154225916
   24.528420000    0.154223556    0.154225823
   24.560865000    0.154222417    0.154225645
   24.593310000    0.154221972    0.154225348
   24.625755000    0.154222257    0.154224923
   24.658200000    0.154223124    0.154224392
   24.690645000    0.154224280    0.154223797
   24.723090000    0.154225355    0.154223194
   24.755535000    0.154225991    0.154222639
   24.787980000    0.154225935    0.154222171
   24.820425000    0.154225096    0.154221806
   24.852870000    0.154223572    0.154221528
   24.885315000    0.154221625    0.154221298
   24.917760000    0.154219619    0.154221058
   24.950205000    0.154217931    0.154220750
   24.982650000    0.154216857    0.154220326
   25.015095000    0.154216540    0.154219759
   25.047540000    0.154216931    0.154219055
   25.079985000    0.154217804    0.154218245
   25.112430000    0.154218803    0.154217381
   25.144875000    0.154219536    0.154216522
   25.177320000    0.154219663    0.154215719
   25.209765000    0.154218986    0.154215002
   25.242210000    0.154217495    0.154214374
   25.274655000    0.154215370    0.154213803
   25.307100000    0.154212943    0.154213240
   25.339545000    0.154210610    0.154212618
   25.371990000    0.154208739    0.154211877
   25.404435000    0.154207576    0.154210975
   25.436880000    0.154207184    0.154209896
   25.469325000    0.154207424    0.154208657
   25.501770000    0.154207988    0.154207300
   25.534215000    0.154208472    0.154205882
   25.566660000    0.154208475    0.154204464
   25.599105000    0.154207695    0.154203090
   25.631550000    0.154206005    0.154201776
   25.663995000    0.154203483    0.154200509
   25.696440000    0.154200396    0.154199245
   25.728885000    0.154197134    0.154197919
   25.761330000    0.154194113    0.154196462
   25.793775000    0.154191671    0.154194814
   25.826220000    0.154189988    0.154192938
   25.858665000    0.154189033    0.154190830
   25.891110000    0.154188573    0.154188518
   25.923555000    0.154188222    0.154186050
   25.956000000    0.154187539    0.154183488
   25.988445000    0.154186130    0.154180883
   26.020890000    0.154183745    0.154178268
   26.053335000    0.154180339    0.154175640
   26.085780000    0.154176082    0.154172966
   26.118225000    0.154171316    0.154170182
   26.150670000    0.154166471    0.154167209
   26.183115000    0.154161959    0.154163969
   26.215560000    0.154158066    0.154160403
   26.248005000    0.154154880    0.154156480
   26.280450000    0.154152261    0.154152202
   26.312895000    0.154149876    0.154147604
   26.345340000    0.154147270    0.154142738
   26.377785000    0.154143977    0.154137660
   26.410230000    0.154139630    0.154132411
   26.442675000    0.154134046    0.154127002
   26.475120000    0.154127275    0.154121408
   26.507565000    0.154119578    0.154115569
   26.540010000    0.154111367    0.154109400
   26.572455000    0.154103097    0.154102805
   26.604900000    0.154095150    0.154095697
   26.637345000    0.154087733    0.154088012
   26.669790000    0.154080821    0.154079722
   26.702235000    0.154074156    0.154070829
   26.734680000    0.154067297    0.154061366
   26.767125000    0.154059723    0.154051376
   26.799570000    0.154050952    0.154040895
   26.832015000    0.154040651    0.154029935
   26.864460000    0.154028711    0.154018471
   26.896905000    0.154015267    0.154006436
   26.929350000    0.154000657    0.153993731
   26.961795000    0.153985330    0.153980231
   26.994240000    0.153969726    0.153965810
   27.026685000    0.153954152    0.153950358
   27.059130000    0.153938696    0.153933792
   27.091575000    0.153923187    0.153916069
   27.124020000    0.153907220    0.153897179
   27.156465000    0.153890239    0.153877131
   27.188910000    0.153871658    0.153855939
   27.221355000    0.153850985    0.153833599
   27.253800000    0.153827933    0.153810073
   27.286245000    0.153802469    0.153785277
   27.318690000    0.153774810    0.153759083
   27.351135000    0.153745351    0.153731327
   27.383580000    0.153714547    0.153701827
   27.416025000    0.153682779    0.153670405
   27.448470000    0.153650235    0.153636901
   27.480915000    0.153616832    0.153601188
   27.513360000    0.153582210    0.153563175
   27.545805000    0.153545783    0.153522799
   27.578250000    0.153506849    0.153480003
   27.610695000    0.153464731    0.153434722
   27.643140000    0.153418904    0.153386857
   27.675585000    0.153369092    0.153336258
   27.708030000    0.153315293    0.153282723
   27.740475000    0.153257745    0.153225997
   27.772920000    0.153196817    0.153165789
   27.805365000    0.153132875    0.153101793
   27.837810000    0.153066138    0.153033710
   27.870255000    0.152996565    0.152961263
   27.902700000    0.152923803    0.152884210
   27.935145000    0.152847209    0.152802338
   27.967590000    0.152765941    0.152715449
   28.000035000    0.152679093    0.152623343
   28.032480000    0.152585846    0.152525785
   28.064925000    0.152485597    0.152422490
   28.097370000    0.152378028    0.152313105
   28.129815000    0.152263107    0.152197209
   28.162260000    0.152141006    0.152074316
   28.194705000    0.152011969    0.151943903
   28.227150000    0.151876146    0.151805423
   28.259595000    0.151733449    0.151658332
   28.292040000    0.151583451    0.151502103
   28.324485000    0.151425369    0.151336227
   28.356930000    0.151258114    0.151160206
   28.389375000    0.151080420    0.150973530
   28.421820000    0.150891007    0.150775648
   28.454265000    0.150688737    0.150565945
   28.486710000    0.150472731    0.150343719
   28.519155000    0.150242412    0.150108165
   28.551600000    0.149997465    0.149858382
   28.584045000    0.149737712    0.149593389
   28.616490000    0.149462953    0.149312142
   28.648935000    0.149172778    0.149013564
   28.681380000    0.148866434    0.148696563
   28.713825000    0.148542747    0.148360042
   28.746270000    0.148200136    0.148002897
   28.778715000    0.147836719    0.147623995
   28.811160000    0.147450472    0.147222148
   28.843605000    0.147039409    0.146796074
   28.876050000    0.146601747    0.146344370
   28.908495000    0.146135988    0.145865487
   28.940940000    0.145640928    0.145357717
   28.973385000    0.145115556    0.144819202
   29.005830000    0.144558886    0.144247951
   29.038275000    0.143969750    0.143641858
   29.070720000    0.143346605    0.142998733
   29.103165000    0.142687398    0.142316306
   29.135610000    0.141989525    0.141592236
   29.168055000    0.141249885    0.140824087
   29.200500000    0.140465030    0.140009303
   29.232945000    0.139631364    0.139145160
   29.265390000    0.138745335    0.138228728
   29.297835000    0.137803586    0.137256834
   29.330280000    0.136803010    0.136226034
   29.362725000    0.135740693    0.135132612
   29.395170000    0.134613762    0.133972583
   29.427615000    0.133419160    0.132741716
   29.460060000    0.132153410    0.131435559
   29.492505000    0.130812412    0.130049454
   29.524950000    0.129391333    0.128578540
   29.557395000    0.127884611    0.127017743
   29.589840000    0.126286062    0.125361737
   29.622285000    0.124589086    0.123604893
   29.654730000    0.122786888    0.121741221
   29.687175000    0.120872677    0.119764309
   29.719620000    0.118839780    0.117667278
   29.752065000    0.116681632    0.115442743
   29.784510000    0.114391634    0.113082804
   29.816955000    0.111962914    0.110579046
   29.849400000    0.109388030    0.107922547
   29.881845000    0.106658679    0.105103893
   29.914290000    0.103765492    0.102113167
   29.946735000    0.100697942    0.098939930
   29.979180000    0.097444388    0.095573173
   30.011625000    0.093992248    0.092001247
   30.044070000    0.090328232    0.088211782
   30.076515000    0.086438590    0.084191599
   30.108960000    0.082309274    0.079926632
   30.141405000    0.077925997    0.075401871
   30.173850000    0.073274122    0.070601328
   30.206295000    0.068338422    0.065508027
   30.238740000    0.063102745    0.060104011
   30.271185000    0.057549660    0.054370351
   30.303630000    0.051660165    0.048287146
   30.336075000    0.045413524    0.041833495
   30.368520000    0.038787267    0.034987432
   30.400965000    0.031757350    0.027725818
   30.433410000    0.024298427    0.020024202
   30.465855000    0.016384141    0.011856658
   30.498300000    0.007987344    0.003195611
   30.530745000   -0.000919838   -0.005988320
   30.563190000   -0.010366167   -0.015726457
   30.595635000   -0.020381675   -0.026052154
   30.628080000   -0.030998217   -0.037000861
   30.660525000   -0.042250112   -0.048610155
   30.692970000   -0.054174738   -0.060919758
   30.725415000   -0.066812961   -0.073971570
   30.757860000   -0.080209315   -0.087809717
   30.790305000   -0.094411886   -0.102480644
   30.822750000   -0.109471933   -0.118033241
   30.855195000   -0.125443341   -0.134519001
   30.887640000   -0.142382053   -0.151992171
   30.920085000   -0.160345623   -0.170509883
   30.952530000   -0.179393034   -0.190132213
   30.984975000   -0.199584857   -0.210922125
   31.017420000   -0.220983742   -0.232945272
   31.049865000   -0.243655136   -0.256269619
   31.082310000   -0.267668071   -0.280964860
   31.114755000   -0.293095762   -0.307101621
   31.147200000   -0.320015797   -0.334750439
   31.179645000   -0.348509685   -0.363980503
   31.212090000   -0.378661635   -0.394858168
   31.244535000   -0.410556523   -0.427445232
   31.276980000   -0.444277091   -0.461796972
   31.309425000   -0.479900546   -0.497959967
   31.341870000   -0.517494762   -0.535969715
   31.374315000   -0.557114317   -0.575848092
   31.406760000   -0.598796582   -0.617600715
   31.439205000   -0.642558019   -0.661214312
   31.471650000   -0.688390810   -0.706654196
   31.504095000   -0.736259839   -0.753861999
   31.536540000   -0.786100065   -0.802753791
   31.568985000   -0.837814297   -0.853218731
   31.601430000   -0.891271412   -0.905118368
   31.633875000   -0.946305148   -0.958286666
   31.666320000   -1.002713634   -1.012530804
   31.698765000   -1.060259897   -1.067632726
   31.731210000   -1.118673567   -1.123351393
   31.763655000   -1.177653965   -1.179425619
   31.796100000   -1.236874648   -1.235577364
   31.828545000   -1.295989314   -1.291515325
   31.860990000   -1.354638790   -1.346938673
   31.893435000   -1.412458646   -1.401540801
   31.925880000   -1.469086851   -1.455012962
   31.958325000   -1.524170817   -1.507047715
   31.990770000   -1.577373234   -1.557342139
   32.023215000   -1.628376244   -1.605600772
   32.055660000   -1.676883708   -1.651538297
   32.088105000   -1.722621633   -1.694881963
   32.120550000   -1.765337070   -1.735373776
   32.152995000   -1.804796041   -1.772772461
   32.185440000   -1.840781199   -1.806855201
   32.217885000   -1.873089924   -1.837419164
   32.250330000   -1.901533466   -1.864282811
   32.282775000   -1.925937516   -1.887286990
   32.315220000   -1.946144302   -1.906295809
   32.347665000   -1.962015995   -1.921197320
   32.380110000   -1.973438922   -1.931904016
   32.412555000   -1.980327946   -1.938353178
