    0.000000000   -1.867111211   -1.825474870
    0.018540000   -1.866359052   -1.824770743
    0.037080000   -1.864104499   -1.822659709
    0.055620000   -1.860353284   -1.819145807
    0.074160000   -1.855114857   -1.814235768
    0.092700000   -1.848402225   -1.807939000
    0.111240000   -1.840231753   -1.800267580
    0.129780000   -1.830622919   -1.791236239
    0.148320000   -1.819598051   -1.780862340
    0.166860000   -1.807182048   -1.769165855
    0.185400000   -1.793402110   -1.756169333
    0.203940000   -1.778287494   -1.741897865
    0.222480000   -1.761869289   -1.726379044
    0.241020000   -1.744180251   -1.709642913
    0.259560000   -1.725254674   -1.691721913
    0.278100000   -1.705128322   -1.672650819
    0.296640000   -1.683838422   -1.652466673
    0.315180000   -1.661423696   -1.631208709
    0.333720000   -1.637924448   -1.608918265
    0.352260000   -1.613382684   -1.585638698
    0.370800000   -1.587842250   -1.561415287
    0.389340000   -1.561348986   -1.536295121
    0.407880000   -1.533950866   -1.510326996
    0.426420000   -1.505698126   -1.483561289
    0.444960000   -1.476643348   -1.456049831
    0.463500000   -1.446841505   -1.427845772
    0.482040000   -1.416349943   -1.399003435
    0.500580000   -1.385228301   -1.369578160
    0.519120000   -1.353538365   -1.339626143
    0.537660000   -1.321343853   -1.309204261
    0.556200000   -1.288710130   -1.278369884
    0.574740000   -1.255703870   -1.247180691
    0.593280000   -1.222392665   -1.215694456
    0.611820000   -1.188844595   -1.183968845
    0.630360000   -1.155127764   -1.152061194
    0.648900000   -1.121309833   -1.120028280
    0.667440000   -1.087457541   -1.087926096
    0.685980000   -1.053636245   -1.055809617
    0.704520000   -1.019909475   -1.023732565
    0.723060000   -0.986338532   -0.991747187
    0.741600000   -0.952982118   -0.959904023
    0.760140000   -0.919896017   -0.928251699
    0.778680000   -0.887132824   -0.896836725
    0.797220000   -0.854741728   -0.865703304
    0.815760000   -0.822768340   -0.834893172
    0.834300000   -0.791254581   -0.804445447
    0.852840000   -0.760238601   -0.774396506
    0.871380000   -0.729754749   -0.744779888
    0.889920000   -0.699833574   -0.715626224
    0.908460000   -0.670501861   -0.686963192
    0.927000000   -0.641782688   -0.658815495
    0.945540000   -0.613695509   -0.631204880
    0.964080000   -0.586256256   -0.604150162
    0.982620000   -0.559477461   -0.577667294
    1.001160000   -0.533368381   -0.551769440
    1.019700000   -0.507935156   -0.526467082
    1.038240000   -0.483180960   -0.501768135
    1.056780000   -0.459106186   -0.477678081
    1.075320000   -0.435708626   -0.454200114
    1.093860000   -0.412983679   -0.431335291
    1.112400000   -0.390924561   -0.409082692
    1.130940000   -0.369522534   -0.387439583
    1.149480000   -0.348767140   -0.366401577
    1.168020000   -0.328646439   -0.345962795
    1.186560000   -0.309147260   -0.326116029
    1.205100000   -0.290255440   -0.306852890
    1.223640000   -0.271956061   -0.288163964
    1.242180000   -0.254233681   -0.270038946
    1.260720000   -0.237072542   -0.252466783
    1.279260000   -0.220456762   -0.235435793
    1.297800000   -0.204370504   -0.218933789
    1.316340000   -0.188798121   -0.202948190
    1.334880000   -0.173724263   -0.187466118
    1.353420000   -0.159133963   -0.172474498
    1.371960000   -0.145012697   -0.157960138
    1.390500000   -0.131346404   -0.143909812
    1.409040000   -0.118121496   -0.130310323
    1.427580000   -0.105324840   -0.117148568
    1.446120000   -0.092943723   -0.104411587
    1.464660000   -0.080965817   -0.092086612
    1.483200000   -0.069379120   -0.080161100
    1.501740000   -0.058171915   -0.068622768
    1.520280000   -0.047332719   -0.057459609
    1.538820000   -0.036850250   -0.046659916
    1.557360000   -0.026713390   -0.036212288
    1.575900000   -0.016911179   -0.026105634
    1.594440000   -0.007432802   -0.016329180
    1.612980000    0.001732394   -0.006872461
    1.631520000    0.010594890    0.002274683
    1.650060000    0.019164958    0.011122113
    1.668600000    0.027452633    0.019679402
    1.687140000    0.035467676    0.027955847
    1.705680000    0.043219534    0.035960471
    1.724220000    0.050717313    0.043702039
    1.742760000    0.057969747    0.051189064
    1.761300000    0.064985186    0.058429810
    1.779840000    0.071771582    0.065432304
    1.798380000    0.078336498    0.072204334
    1.816920000    0.084687118    0.078753453
    1.835460000    0.090830270    0.085086986
    1.854000000    0.096772458    0.091212024
    1.872540000    0.102519896    0.097135431
    1.891080000    0.108078551    0.102863843
    1.909620000    0.113454179    0.108403671
    1.928160000    0.118652362    0.113761103
    1.946700000    0.123678549    0.118942107
    1.965240000    0.128538071    0.123952442
    1.983780000    0.133236173    0.128797656
    2.002320000    0.137778018    0.133483103
    2.020860000    0.142168690    0.138013943
    2.039400000    0.146413197    0.142395161
    2.057940000    0.150516452    0.146631568
    2.076480000    0.154483263    0.150727820
    2.095020000    0.158318315    0.154688423
    2.113560000    0.162026146    0.158517742
    2.132100000    0.165611139    0.162220015
    2.150640000    0.169077497    0.165799356
    2.169180000    0.172429242    0.169259763
    2.187720000    0.175670205    0.172605123
    2.206260000    0.178804031    0.175839216
    2.224800000    0.181834185    0.178965714
    2.243340000    0.184763964    0.181988189
    2.261880000    0.187596519    0.184910106
    2.280420000    0.190334873    0.187734827
    2.298960000    0.192981941    0.190465609
    2.317500000    0.195540558    0.193105603
    2.336040000    0.198013493    0.195657855
    2.354580000    0.200403469    0.198125306
    2.373120000    0.202713178    0.200510791
    2.391660000    0.204945282    0.202817044
    2.410200000    0.207102422    0.205046700
    2.428740000    0.209187207    0.207202297
    2.447280000    0.211202213    0.209286282
    2.465820000    0.213149965    0.211301014
    2.484360000    0.215032925    0.213248771
    2.502900000    0.216853476    0.215131755
    2.521440000    0.218613907    0.216952098
    2.539980000    0.220316397    0.218711861
    2.558520000    0.221963007    0.220413047
    2.577060000    0.223555674    0.222057599
    2.595600000    0.225096209    0.223647401
    2.614140000    0.226586299    0.225184285
    2.632680000    0.228027518    0.226670027
    2.651220000    0.229421341    0.228106352
    2.669760000    0.230769154    0.229494929
    2.688300000    0.232072279    0.230837374
    2.706840000    0.233331991    0.232135248
    2.725380000    0.234549534    0.233390056
    2.743920000    0.235726139    0.234603249
    2.762460000    0.236863040    0.235776222
    2.781000000    0.237961479    0.236910314
    2.799540000    0.239022712    0.238006813
    2.818080000    0.240048012    0.239066955
    2.836620000    0.241038661    0.240091928
    2.855160000    0.241995941    0.241082876
    2.873700000    0.242921126    0.242040899
    2.892240000    0.243815465    0.242967061
    2.910780000    0.244680167    0.243862391
    2.929320000    0.245516390    0.244727888
    2.947860000    0.246325228    0.245564524
    2.966400000    0.247107698    0.246373242
    2.984940000    0.247864740    0.247154967
    3.003480000    0.248597209    0.247910597
    3.022020000    0.249305883    0.248641012
    3.040560000    0.249991468    0.249347069
    3.059100000    0.250654606    0.250029601
    3.077640000    0.251295892    0.250689418
    3.096180000    0.251915886    0.251327308
    3.114720000    0.252515129    0.251944027
    3.133260000    0.253094158    0.252540308
    3.151800000    0.253653519    0.253116853
    3.170340000    0.254193776    0.253674335
    3.188880000    0.254715521    0.254213397
    3.207420000    0.255219371    0.254734654
    3.225960000    0.255705972    0.255238693
    3.244500000    0.256175992    0.255726076
    3.263040000    0.256630112    0.256197339
    3.281580000    0.257069014    0.256652997
    3.300120000    0.257493371    0.257093547
    3.318660000    0.257903832    0.257519469
    3.337200000    0.258301010    0.257931230
    3.355740000    0.258685473    0.258329284
    3.374280000    0.259057729    0.258714077
    3.392820000    0.259418232    0.259086045
    3.411360000    0.259767371    0.259445615
    3.429900000    0.260105477    0.259793207
    3.448440000    0.260432828    0.260129234
    3.466980000    0.260749661    0.260454096
    3.485520000    0.261056179    0.260768186
    3.504060000    0.261352566    0.261071882
    3.522600000    0.261639001    0.261365550
    3.541140000    0.261915672    0.261649541
    3.559680000    0.262182783    0.261924188
    3.578220000    0.262440565    0.262189811
    3.596760000    0.262689283    0.262446710
    3.615300000    0.262929234    0.262695169
    3.633840000    0.263160749    0.262935459
    3.652380000    0.263384187    0.263167833
    3.670920000    0.263599925    0.263392534
    3.689460000    0.263808350    0.263609793
    3.708000000    0.264009847    0.263819833
    3.726540000    0.264204788    0.264022871
    3.745080000    0.264393516    0.264219117
    3.763620000    0.264576345    0.264408782
    3.782160000    0.264753542    0.264592074
    3.800700000    0.264925331    0.264769198
    3.819240000    0.265091885    0.264940361
    3.837780000    0.265253335    0.265105770
    3.856320000    0.265409771    0.265265627
    3.874860000    0.265561251    0.265420136
    3.893400000    0.265707813    0.265569494
    3.911940000    0.265849483    0.265713893
    3.930480000    0.265986291    0.265853519
    3.949020000    0.266118277    0.265988549
    3.967560000    0.266245505    0.266119150
    3.986100000    0.266368067    0.266245479
    4.004640000    0.266486088    0.266367684
    4.023180000    0.266599729    0.266485900
    4.041720000    0.266709182    0.266600251
    4.060260000    0.266814666    0.266710856
    4.078800000    0.266916422    0.266817822
    4.097340000    0.267014697    0.266921253
    4.115880000    0.267109742    0.267021246
    4.134420000    0.267201794    0.267117898
    4.152960000    0.267291069    0.267211303
    4.171500000    0.267377752    0.267301556
    4.190040000    0.267461994    0.267388753
    4.208580000    0.267543903    0.267472993
    4.227120000    0.267623548    0.267554376
    4.245660000    0.267700958    0.267633004
    4.264200000    0.267776129    0.267708981
    4.282740000    0.267849033    0.267782409
    4.301280000    0.267919622    0.267853391
    4.319820000    0.267987845    0.267922026
    4.338360000    0.268053656    0.267988409
    4.356900000    0.268117022    0.268052630
    4.375440000    0.268177934    0.268114771
    4.393980000    0.268236412    0.268174908
    4.412520000    0.268292510    0.268233110
    4.431060000    0.268346314    0.268289437
    4.449600000    0.268397943    0.268343943
    4.468140000    0.268447543    0.268396675
    4.486680000    0.268495279    0.268447676
    4.505220000    0.268541327    0.268496985
    4.523760000    0.268585864    0.268544639
    4.542300000    0.268629056    0.268590676
    4.560840000    0.268671054    0.268635133
    4.579380000    0.268711981    0.268678052
    4.597920000    0.268751926    0.268719474
    4.616460000    0.268790947    0.268759448
    4.635000000    0.268829062    0.268798024
    4.653540000    0.268866258    0.268835256
    4.672080000    0.268902493    0.268871200
    4.690620000    0.268937704    0.268905915
    4.709160000    0.268971812    0.268939459
    4.727700000    0.269004740    0.268971888
    4.746240000    0.269036414    0.269003256
    4.764780000    0.269066776    0.269033614
    4.783320000    0.269095791    0.269063007
    4.801860000    0.269123454    0.269091474
    4.820400000    0.269149790    0.269119051
    4.838940000    0.269174856    0.269145763
    4.857480000    0.269198741    0.269171633
    4.876020000    0.269221556    0.269196679
    4.894560000    0.269243432    0.269220913
    4.913100000    0.269264508    0.269244348
    4.931640000    0.269284927    0.269266993
    4.950180000    0.269304818    0.269288859
    4.968720000    0.269324298    0.269309959
    4.987260000    0.269343455    0.269330308
    5.005800000    0.269362349    0.269349924
    5.024340000    0.269381008    0.269368829
    5.042880000    0.269399427    0.269387051
    5.061420000    0.269417568    0.269404618
    5.079960000    0.269435371    0.269421565
    5.098500000    0.269452754    0.269437924
    5.117040000    0.269469625    0.269453732
    5.135580000    0.269485891    0.269469022
    5.154120000    0.269501467    0.269483828
    5.172660000    0.269516281    0.269498177
    5.191200000    0.269530286    0.269512095
    5.209740000    0.269543461    0.269525603
    5.228280000    0.269555816    0.269538715
    5.246820000    0.269567393    0.269551441
    5.265360000    0.269578260    0.269563787
    5.283900000    0.269588509    0.269575755
    5.302440000    0.269598251    0.269587343
    5.320980000    0.269607604    0.269598548
    5.339520000    0.269616688    0.269609367
    5.358060000    0.269625612    0.269619797
    5.376600000    0.269634472    0.269629840
    5.395140000    0.269643339    0.269639497
    5.413680000    0.269652258    0.269648776
    5.432220000    0.269661241    0.269657687
    5.450760000    0.269670271    0.269666247
    5.469300000    0.269679304    0.269674472
    5.487840000    0.269688272    0.269682387
    5.506380000    0.269697090    0.269690013
    5.524920000    0.269705662    0.269697376
    5.543460000    0.269713895    0.269704501
    5.562000000    0.269721701    0.269711409
    5.580540000    0.269729008    0.269718122
    5.599080000    0.269735767    0.269724654
    5.617620000    0.269741955    0.269731018
    5.636160000    0.269747578    0.269737221
    5.654700000    0.269752671    0.269743267
    5.673240000    0.269757295    0.269749153
    5.691780000    0.269761534    0.269754875
    5.710320000    0.269765487    0.269760427
    5.728860000    0.269769262    0.269765798
    5.747400000    0.269772966    0.269770981
    5.765940000    0.269776697    0.269775968
    5.784480000    0.269780539    0.269780754
    5.803020000    0.269784552    0.269785336
    5.821560000    0.269788771    0.269789716
    5.840100000    0.269793200    0.269793900
    5.858640000    0.269797817    0.269797897
    5.877180000    0.269802572    0.269801720
    5.895720000    0.269807394    0.269805384
    5.914260000    0.269812195    0.269808909
    5.932800000    0.269816881    0.269812312
    5.951340000    0.269821356    0.269815613
    5.969880000    0.269825535    0.269818827
    5.988420000    0.269829344    0.269821970
    6.006960000    0.269832735    0.269825053
    6.025500000    0.269835683    0.269828082
    6.044040000    0.269838191    0.269831061
    6.062580000    0.269840291    0.269833987
    6.081120000    0.269842039    0.269836857
    6.099660000    0.269843512    0.269839661
    6.118200000    0.269844803    0.269842389
    6.136740000    0.269846011    0.269845029
    6.155280000    0.269847236    0.269847572
    6.173820000    0.269848566    0.269850005
    6.192360000    0.269850079    0.269852322
    6.210900000    0.269851828    0.269854518
    6.229440000    0.269853840    0.269856592
    6.247980000    0.269856118    0.269858547
    6.266520000    0.269858635    0.269860389
    6.285060000    0.269861340    0.269862131
    6.303600000    0.269864162    0.269863784
    6.322140000    0.269867015    0.269865364
    6.340680000    0.269869806    0.269866887
    6.359220000    0.269872444    0.269868369
    6.377760000    0.269874844    0.269869825
    6.396300000    0.269876938    0.269871266
    6.414840000    0.269878679    0.269872701
    6.433380000    0.269880042    0.269874137
    6.451920000    0.269881034    0.269875572
    6.470460000    0.269881683    0.269877005
    6.489000000    0.269882046    0.269878430
    6.507540000    0.269882195    0.269879836
    6.526080000    0.269882220    0.269881213
    6.544620000    0.269882215    0.269882548
    6.563160000    0.269882274    0.269883829
    6.581700000    0.269882482    0.269885045
    6.600240000    0.269882908    0.269886188
    6.618780000    0.269883602    0.269887253
    6.637320000    0.269884589    0.269888236
    6.655860000    0.269885866    0.269889141
    6.674400000    0.269887405    0.269889972
    6.692940000    0.269889155    0.269890740
    6.711480000    0.269891043    0.269891455
    6.730020000    0.269892986    0.269892132
    6.748560000    0.269894893    0.269892784
    6.767100000    0.269896674    0.269893426
    6.785640000    0.269898247    0.269894071
    6.804180000    0.269899546    0.269894729
    6.822720000    0.269900525    0.269895407
    6.841260000    0.269901163    0.269896108
    6.859800000    0.269901465    0.269896834
    6.878340000    0.269901460    0.269897580
    6.896880000    0.269901202    0.269898338
    6.915420000    0.269900762    0.269899098
    6.933960000    0.269900226    0.269899849
    6.952500000    0.269899684    0.269900578
    6.971040000    0.269899227    0.269901273
    6.989580000    0.269898934    0.269901921
    7.008120000    0.269898873    0.269902516
    7.026660000    0.269899088    0.269903050
    7.045200000    0.269899601    0.269903521
    7.063740000    0.269900408    0.269903932
    7.082280000    0.269901480    0.269904286
    7.100820000    0.269902765    0.269904593
    7.119360000    0.269904192    0.269904864
    7.137900000    0.269905679    0.269905111
    7.156440000    0.269907137    0.269905348
    7.174980000    0.269908479    0.269905589
    7.193520000    0.269909626    0.269905845
    7.212060000    0.269910515    0.269906126
    7.230600000    0.269911102    0.269906438
    7.249140000    0.269911369    0.269906786
    7.267680000    0.269911321    0.269907167
    7.286220000    0.269910989    0.269907578
    7.304760000    0.269910425    0.269908012
    7.323300000    0.269909700    0.269908457
    7.341840000    0.269908897    0.269908903
    7.360380000    0.269908105    0.269909337
    7.378920000    0.269907411    0.269909746
    7.397460000    0.269906891    0.269910120
    7.416000000    0.269906610    0.269910450
    7.434540000    0.269906609    0.269910729
    7.453080000    0.269906909    0.269910956
    7.471620000    0.269907502    0.269911132
    7.490160000    0.269908360    0.269911262
    7.508700000    0.269909429    0.269911355
    7.527240000    0.269910640    0.269911419
    7.545780000    0.269911910    0.269911469
    7.564320000    0.269913154    0.269911516
    7.582860000    0.269914286    0.269911574
    7.601400000    0.269915230    0.269911654
    7.619940000    0.269915924    0.269911765
    7.638480000    0.269916327    0.269911912
    7.657020000    0.269916422    0.269912099
    7.675560000    0.269916215    0.269912325
    7.694100000    0.269915736    0.269912584
    7.712640000    0.269915040    0.269912870
    7.731180000    0.269914195    0.269913172
    7.749720000    0.269913283    0.269913477
    7.768260000    0.269912391    0.269913774
    7.786800000    0.269911602    0.269914051
    7.805340000    0.269910992    0.269914296
    7.823880000    0.269910622    0.269914501
    7.842420000    0.269910532    0.269914660
    7.860960000    0.269910739    0.269914771
    7.879500000    0.269911236    0.269914836
    7.898040000    0.269911992    0.269914859
    7.916580000    0.269912954    0.269914848
    7.935120000    0.269914053    0.269914814
    7.953660000    0.269915208    0.269914768
    7.972200000    0.269916334    0.269914723
    7.990740000    0.269917348    0.269914693
    8.009280000    0.269918175    0.269914686
    8.027820000    0.269918756    0.269914713
    8.046360000    0.269919052    0.269914779
    8.064900000    0.269919047    0.269914887
    8.083440000    0.269918749    0.269915034
    8.101980000    0.269918190    0.269915217
    8.120520000    0.269917422    0.269915428
    8.139060000    0.269916516    0.269915657
    8.157600000    0.269915551    0.269915891
    8.176140000    0.269914613    0.269916118
    8.194680000    0.269913785    0.269916327
    8.213220000    0.269913140    0.269916507
    8.231760000    0.269912736    0.269916649
    8.250300000    0.269912612    0.269916748
    8.268840000    0.269912784    0.269916801
    8.287380000    0.269913243    0.269916811
    8.305920000    0.269913956    0.269916781
    8.324460000    0.269914871    0.269916720
    8.343000000    0.269915918    0.269916638
    8.361540000    0.269917018    0.269916547
    8.380080000    0.269918085    0.269916459
    8.398620000    0.269919038    0.269916385
    8.417160000    0.269919804    0.269916338
    8.435700000    0.269920324    0.269916324
    8.454240000    0.269920563    0.269916350
    8.472780000    0.269920504    0.269916417
    8.491320000    0.269920157    0.269916523
    8.509860000    0.269919554    0.269916666
    8.528400000    0.269918749    0.269916835
    8.546940000    0.269917810    0.269917021
    8.565480000    0.269916818    0.269917213
    8.584020000    0.269915856    0.269917397
    8.602560000    0.269915007    0.269917563
    8.621100000    0.269914341    0.269917699
    8.639640000    0.269913916    0.269917798
    8.658180000    0.269913769    0.269917854
    8.676720000    0.269913914    0.269917865
    8.695260000    0.269914342    0.269917833
    8.713800000    0.269915018    0.269917763
    8.732340000    0.269915891    0.269917662
    8.750880000    0.269916890    0.269917542
    8.769420000    0.269917937    0.269917413
    8.787960000    0.269918947    0.269917289
    8.806500000    0.269919840    0.269917180
    8.825040000    0.269920545    0.269917099
    8.843580000    0.269921006    0.269917051
    8.862120000    0.269921186    0.269917044
    8.880660000    0.269921073    0.269917080
    8.899200000    0.269920677    0.269917155
    8.917740000    0.269920032    0.269917266
    8.936280000    0.269919191    0.269917405
    8.954820000    0.269918224    0.269917562
    8.973360000    0.269917211    0.269917724
    8.991900000    0.269916236    0.269917880
    9.010440000    0.269915378    0.269918017
    9.028980000    0.269914708    0.269918126
    9.047520000    0.269914282    0.269918199
    9.066060000    0.269914135    0.269918229
    9.084600000    0.269914280    0.269918217
    9.103140000    0.269914705    0.269918162
    9.121680000    0.269915376    0.269918070
    9.140220000    0.269916240    0.269917949
    9.158760000    0.269917225    0.269917810
    9.177300000    0.269918253    0.269917664
    9.195840000    0.269919239    0.269917523
    9.214380000    0.269920104    0.269917399
    9.232920000    0.269920778    0.269917302
    9.251460000    0.269921205    0.269917240
    9.270000000    0.269921352    0.269917219
    9.288540000    0.269921205    0.269917240
    9.307080000    0.269920778    0.269917302
    9.325620000    0.269920104    0.269917399
    9.344160000    0.269919239    0.269917523
    9.362700000    0.269918253    0.269917664
    9.381240000    0.269917225    0.269917810
    9.399780000    0.269916240    0.269917949
    9.418320000    0.269915376    0.269918070
    9.436860000    0.269914705    0.269918162
    9.455400000    0.269914280    0.269918217
    9.473940000    0.269914135    0.269918229
    9.492480000    0.269914282    0.269918199
    9.511020000    0.269914708    0.269918126
    9.529560000    0.269915378    0.269918017
    9.548100000    0.269916236    0.269917880
    9.566640000    0.269917211    0.269917724
    9.585180000    0.269918224    0.269917562
    9.603720000    0.269919191    0.269917405
    9.622260000    0.269920032    0.269917266
    9.640800000    0.269920677    0.269917155
    9.659340000    0.269921073    0.269917080
    9.677880000    0.269921186    0.269917044
    9.696420000    0.269921006    0.269917051
    9.714960000    0.269920545    0.269917099
    9.733500000    0.269919840    0.269917180
    9.752040000    0.269918947    0.269917289
    9.770580000    0.269917937    0.269917413
    9.789120000    0.269916890    0.269917542
    9.807660000    0.269915891    0.269917662
    9.826200000    0.269915018    0.269917763
    9.844740000    0.269914342    0.269917833
    9.863280000    0.269913914    0.269917865
    9.881820000    0.269913769    0.269917854
    9.900360000    0.269913916    0.269917798
    9.918900000    0.269914341    0.269917699
    9.937440000    0.269915007    0.269917563
    9.955980000    0.269915856    0.269917397
    9.974520000    0.269916818    0.269917213
    9.993060000    0.269917810    0.269917021
   10.011600000    0.269918749    0.269916835
   10.030140000    0.269919554    0.269916666
   10.048680000    0.269920157    0.269916523
   10.067220000    0.269920504    0.269916417
   10.085760000    0.269920563    0.269916350
   10.104300000    0.269920324    0.269916324
   10.122840000    0.269919804    0.269916338
   10.141380000    0.269919038    0.269916385
   10.159920000    0.269918085    0.269916459
   10.178460000    0.269917018    0.269916547
   10.197000000    0.269915918    0.269916638
   10.215540000    0.269914871    0.269916720
   10.234080000    0.269913956    0.269916781
   10.252620000    0.269913243    0.269916811
   10.271160000    0.269912784    0.269916801
   10.289700000    0.269912612    0.269916748
   10.308240000    0.269912736    0.269916649
   10.326780000    0.269913140    0.269916507
   10.345320000    0.269913785    0.269916327
   10.363860000    0.269914613    0.269916118
   10.382400000    0.269915551    0.269915891
   10.400940000    0.269916516    0.269915657
   10.419480000    0.269917422    0.269915428
   10.438020000    0.269918190    0.269915217
   10.456560000    0.269918749    0.269915034
   10.475100000    0.269919047    0.269914887
   10.493640000    0.269919052    0.269914779
   10.512180000    0.269918756    0.269914713
   10.530720000    0.269918175    0.269914686
   10.549260000    0.269917348    0.269914693
   10.567800000    0.269916334    0.269914723
   10.586340000    0.269915208    0.269914768
   10.604880000    0.269914053    0.269914814
   10.623420000    0.269912954    0.269914848
   10.641960000    0.269911992    0.269914859
   10.660500000    0.269911236    0.269914836
   10.679040000    0.269910739    0.269914771
   10.697580000    0.269910532    0.269914660
   10.716120000    0.269910622    0.269914501
   10.734660000    0.269910992    0.269914296
   10.753200000    0.269911602    0.269914051
   10.771740000    0.269912391    0.269913774
   10.790280000    0.269913283    0.269913477
   10.808820000    0.269914195    0.269913172
   10.827360000    0.269915040    0.269912870
   10.845900000    0.269915736    0.269912584
   10.864440000    0.269916215    0.269912325
   10.882980000    0.269916422    0.269912099
   10.901520000    0.269916327    0.269911912
   10.920060000    0.269915924    0.269911765
   10.938600000    0.269915230    0.269911654
   10.957140000    0.269914286    0.269911574
   10.975680000    0.269913154    0.269911516
   10.994220000    0.269911910    0.269911469
   11.012760000    0.269910640    0.269911419
   11.031300000    0.269909429    0.269911355
   11.049840000    0.269908360    0.269911262
   11.068380000    0.269907502    0.269911132
   11.086920000    0.269906909    0.269910956
   11.105460000    0.269906609    0.269910729
   11.124000000    0.269906610    0.269910450
   11.142540000    0.269906891    0.269910120
   11.161080000    0.269907411    0.269909746
   11.179620000    0.269908105    0.269909337
   11.198160000    0.269908897    0.269908903
   11.216700000    0.269909700    0.269908457
   11.235240000    0.269910425    0.269908012
   11.253780000    0.269910989    0.269907578
   11.272320000    0.269911321    0.269907167
   11.290860000    0.269911369    0.269906786
   11.309400000    0.269911102    0.269906438
   11.327940000    0.269910515    0.269906126
   11.346480000    0.269909626    0.269905845
   11.365020000    0.269908479    0.269905589
   11.383560000    0.269907137    0.269905348
   11.402100000    0.269905679    0.269905111
   11.420640000    0.269904192    0.269904864
   11.439180000    0.269902765    0.269904593
   11.457720000    0.269901480    0.269904286
   11.476260000    0.269900408    0.269903932
   11.494800000    0.269899601    0.269903521
   11.513340000    0.269899088    0.269903050
   11.531880000    0.269898873    0.269902516
   11.550420000    0.269898934    0.269901921
   11.568960000    0.269899227    0.269901273
   11.587500000    0.269899684    0.269900578
   11.606040000    0.269900226    0.269899849
   11.624580000    0.269900762    0.269899098
   11.643120000    0.269901202    0.269898338
   11.661660000    0.269901460    0.269897580
   11.680200000    0.269901465    0.269896834
   11.698740000    0.269901163    0.269896108
   11.717280000    0.269900525    0.269895407
   11.735820000    0.269899546    0.269894729
   11.754360000    0.269898247    0.269894071
   11.772900000    0.269896674    0.269893426
   11.791440000    0.269894893    0.269892784
   11.809980000    0.269892986    0.269892132
   11.828520000    0.269891043    0.269891455
   11.847060000    0.269889155    0.269890740
   11.865600000    0.269887405    0.269889972
   11.884140000    0.269885866    0.269889141
   11.902680000    0.269884589    0.269888236
   11.921220000    0.269883602    0.269887253
   11.939760000    0.269882908    0.269886188
   11.958300000    0.269882482    0.269885045
   11.976840000    0.269882274    0.269883829
   11.995380000    0.269882215    0.269882548
   12.013920000    0.269882220    0.269881213
   12.032460000    0.269882195    0.269879836
   12.051000000    0.269882046    0.269878430
   12.069540000    0.269881683    0.269877005
   12.088080000    0.269881034    0.269875572
   12.106620000    0.269880042    0.269874137
   12.125160000    0.269878679    0.269872701
   12.143700000    0.269876938    0.269871266
   12.162240000    0.269874844    0.269869825
   12.180780000    0.269872444    0.269868369
   12.199320000    0.269869806    0.269866887
   12.217860000    0.269867015    0.269865364
   12.236400000    0.269864162    0.269863784
   12.254940000    0.269861340    0.269862131
   12.273480000    0.269858635    0.269860389
   12.292020000    0.269856118    0.269858547
   12.310560000    0.269853840    0.269856592
   12.329100000    0.269851828    0.269854518
   12.347640000    0.269850079    0.269852322
   12.366180000    0.269848566    0.269850005
   12.384720000    0.269847236    0.269847572
   12.403260000    0.269846011    0.269845029
   12.421800000    0.269844803    0.269842389
   12.440340000    0.269843512    0.269839661
   12.458880000    0.269842039    0.269836857
   12.477420000    0.269840291    0.269833987
   12.495960000    0.269838191    0.269831061
   12.514500000    0.269835683    0.269828082
   12.533040000    0.269832735    0.269825053
   12.551580000    0.269829344    0.269821970
   12.570120000    0.269825535    0.269818827
   12.588660000    0.269821356    0.269815613
   12.607200000    0.269816881    0.269812312
   12.625740000    0.269812195    0.269808909
   12.644280000    0.269807394    0.269805384
   12.662820000    0.269802572    0.269801720
   12.681360000    0.269797817    0.269797897
   12.699900000    0.269793200    0.269793900
   12.718440000    0.269788771    0.269789716
   12.736980000    0.269784552    0.269785336
   12.755520000    0.269780539    0.269780754
   12.774060000    0.269776697    0.269775968
   12.792600000    0.269772966    0.269770981
   12.811140000    0.269769262    0.269765798
   12.829680000    0.269765487    0.269760427
   12.848220000    0.269761534    0.269754875
   12.866760000    0.269757295    0.269749153
   12.885300000    0.269752671    0.269743267
   12.903840000    0.269747578    0.269737221
   12.922380000    0.269741955    0.269731018
   12.940920000    0.269735767    0.269724654
   12.959460000    0.269729008    0.269718122
   12.978000000    0.269721701    0.269711409
   12.996540000    0.269713895    0.269704501
   13.015080000    0.269705662    0.269697376
   13.033620000    0.269697090    0.269690013
   13.052160000    0.269688272    0.269682387
   13.070700000    0.269679304    0.269674472
   13.089240000    0.269670271    0.269666247
   13.107780000    0.269661241    0.269657687
   13.126320000    0.269652258    0.269648776
   13.144860000    0.269643339    0.269639497
   13.163400000    0.269634472    0.269629840
   13.181940000    0.269625612    0.269619797
   13.200480000    0.269616688    0.269609367
   13.219020000    0.269607604    0.269598548
   13.237560000    0.269598251    0.269587343
   13.256100000    0.269588509    0.269575755
   13.274640000    0.269578260    0.269563787
   13.293180000    0.269567393    0.269551441
   13.311720000    0.269555816    0.269538715
   13.330260000    0.269543461    0.269525603
   13.348800000    0.269530286    0.269512095
   13.367340000    0.269516281    0.269498177
   13.385880000    0.269501467    0.269483828
   13.404420000    0.269485891    0.269469022
   13.422960000    0.269469625    0.269453732
   13.441500000    0.269452754    0.269437924
   13.460040000    0.269435371    0.269421565
   13.478580000    0.269417568    0.269404618
   13.497120000    0.269399427    0.269387051
   13.515660000    0.269381008    0.269368829
   13.534200000    0.269362349    0.269349924
   13.552740000    0.269343455    0.269330308
   13.571280000    0.269324298    0.269309959
   13.589820000    0.269304818    0.269288859
   13.608360000    0.269284927    0.269266993
   13.626900000    0.269264508    0.269244348
   13.645440000    0.269243432    0.269220913
   13.663980000    0.269221556    0.269196679
   13.682520000    0.269198741    0.269171633
   13.701060000    0.269174856    0.269145763
   13.719600000    0.269149790    0.269119051
   13.738140000    0.269123454    0.269091474
   13.756680000    0.269095791    0.269063007
   13.775220000    0.269066776    0.269033614
   13.793760000    0.269036414    0.269003256
   13.812300000    0.269004740    0.268971888
   13.830840000    0.268971812    0.268939459
   13.849380000    0.268937704    0.268905915
   13.867920000    0.268902493    0.268871200
   13.886460000    0.268866258    0.268835256
   13.905000000    0.268829062    0.268798024
   13.923540000    0.268790947    0.268759448
   13.942080000    0.268751926    0.268719474
   13.960620000    0.268711981    0.268678052
   13.979160000    0.268671054    0.268635133
   13.997700000    0.268629056    0.268590676
   14.016240000    0.268585864    0.268544639
   14.034780000    0.268541327    0.268496985
   14.053320000    0.268495279    0.268447676
   14.071860000    0.268447543    0.268396675
   14.090400000    0.268397943    0.268343943
   14.108940000    0.268346314    0.268289437
   14.127480000    0.268292510    0.268233110
   14.146020000    0.268236412    0.268174908
   14.164560000    0.268177934    0.268114771
   14.183100000    0.268117022    0.268052630
   14.201640000    0.268053656    0.267988409
   14.220180000    0.267987845    0.267922026
   14.238720000    0.267919622    0.267853391
   14.257260000    0.267849033    0.267782409
   14.275800000    0.267776129    0.267708981
   14.294340000    0.267700958    0.267633004
   14.312880000    0.267623548    0.267554376
   14.331420000    0.267543903    0.267472993
   14.349960000    0.267461994    0.267388753
   14.368500000    0.267377752    0.267301556
   14.387040000    0.267291069    0.267211303
   14.405580000    0.267201794    0.267117898
   14.424120000    0.267109742    0.267021246
   14.442660000    0.267014697    0.266921253
   14.461200000    0.266916422    0.266817822
   14.479740000    0.266814666    0.266710856
   14.498280000    0.266709182    0.266600251
   14.516820000    0.266599729    0.266485900
   14.535360000    0.266486088    0.266367684
   14.553900000    0.266368067    0.266245479
   14.572440000    0.266245505    0.266119150
   14.590980000    0.266118277    0.265988549
   14.609520000    0.265986291    0.265853519
   14.628060000    0.265849483    0.265713893
   14.646600000    0.265707813    0.265569494
   14.665140000    0.265561251    0.265420136
   14.683680000    0.265409771    0.265265627
   14.702220000    0.265253335    0.265105770
   14.720760000    0.265091885    0.264940361
   14.739300000    0.264925331    0.264769198
   14.757840000    0.264753542    0.264592074
   14.776380000    0.264576345    0.264408782
   14.794920000    0.264393516    0.264219117
   14.813460000    0.264204788    0.264022871
   14.832000000    0.264009847    0.263819833
   14.850540000    0.263808350    0.263609793
   14.869080000    0.263599925    0.263392534
   14.887620000    0.263384187    0.263167833
   14.906160000    0.263160749    0.262935459
   14.924700000    0.262929234    0.262695169
   14.943240000    0.262689283    0.262446710
   14.961780000    0.262440565    0.262189811
   14.980320000    0.262182783    0.261924188
   14.998860000    0.261915672    0.261649541
   15.017400000    0.261639001    0.261365550
   15.035940000    0.261352566    0.261071882
   15.054480000    0.261056179    0.260768186
   15.073020000    0.260749661    0.260454096
   15.091560000    0.260432828    0.260129234
   15.110100000    0.260105477    0.259793207
   15.128640000    0.259767371    0.259445615
   15.147180000    0.259418232    0.259086045
   15.165720000    0.259057729    0.258714077
   15.184260000    0.258685473    0.258329284
   15.202800000    0.258301010    0.257931230
   15.221340000    0.257903832    0.257519469
   15.239880000    0.257493371    0.257093547
   15.258420000    0.257069014    0.256652997
   15.276960000    0.256630112    0.256197339
   15.295500000    0.256175992    0.255726076
   15.314040000    0.255705972    0.255238693
   15.332580000    0.255219371    0.254734654
   15.351120000    0.254715521    0.254213397
   15.369660000    0.254193776    0.253674335
   15.388200000    0.253653519    0.253116853
   15.406740000    0.253094158    0.252540308
   15.425280000    0.252515129    0.251944027
   15.443820000    0.251915886    0.251327308
   15.462360000    0.251295892    0.250689418
   15.480900000    0.250654606    0.250029601
   15.499440000    0.249991468    0.249347069
   15.517980000    0.249305883    0.248641012
   15.536520000    0.248597209    0.247910597
   15.555060000    0.247864740    0.247154967
   15.573600000    0.247107698    0.246373242
   15.592140000    0.246325228    0.245564524
   15.610680000    0.245516390    0.244727888
   15.629220000    0.244680167    0.243862391
   15.647760000    0.243815465    0.242967061
   15.666300000    0.242921126    0.242040899
   15.684840000    0.241995941    0.241082876
   15.703380000    0.241038661    0.240091928
   15.721920000    0.240048012    0.239066955
   15.740460000    0.239022712    0.238006813
   15.759000000    0.237961479    0.236910314
   15.777540000    0.236863040    0.235776222
   15.796080000    0.235726139    0.234603249
   15.814620000    0.234549534    0.233390056
   15.833160000    0.233331991    0.232135248
   15.851700000    0.232072279    0.230837374
   15.870240000    0.230769154    0.229494929
   15.888780000    0.229421341    0.228106352
   15.907320000    0.228027518    0.226670027
   15.925860000    0.226586299    0.225184285
   15.944400000    0.225096209    0.223647401
   15.962940000    0.223555674    0.222057599
   15.981480000    0.221963007    0.220413047
   16.000020000    0.220316397    0.218711861
   16.018560000    0.218613907    0.216952098
   16.037100000    0.216853476    0.215131755
   16.055640000    0.215032925    0.213248771
   16.074180000    0.213149965    0.211301014
   16.092720000    0.211202213    0.209286282
   16.111260000    0.209187207    0.207202297
   16.129800000    0.207102422    0.205046700
   16.148340000    0.204945282    0.202817044
   16.166880000    0.202713178    0.200510791
   16.185420000    0.200403469    0.198125306
   16.203960000    0.198013493    0.195657855
   16.222500000    0.195540558    0.193105603
   16.241040000    0.192981941    0.190465609
   16.259580000    0.190334873    0.187734827
   16.278120000    0.187596519    0.184910106
   16.296660000    0.184763964    0.181988189
   16.315200000    0.181834185    0.178965714
   16.333740000    0.178804031    0.175839216
   16.352280000    0.175670205    0.172605123
   16.370820000    0.172429242    0.169259763
   16.389360000    0.169077497    0.165799356
   16.407900000    0.165611139    0.162220015
   16.426440000    0.162026146    0.158517742
   16.444980000    0.158318315    0.154688423
   16.463520000    0.154483263    0.150727820
   16.482060000    0.150516452    0.146631568
   16.500600000    0.146413197    0.142395161
   16.519140000    0.142168690    0.138013943
   16.537680000    0.137778018    0.133483103
   16.556220000    0.133236173    0.128797656
   16.574760000    0.128538071    0.123952442
   16.593300000    0.123678549    0.118942107
   16.611840000    0.118652362    0.113761103
   16.630380000    0.113454179    0.108403671
   16.648920000    0.108078551    0.102863843
   16.667460000    0.102519896    0.097135431
   16.686000000    0.096772458    0.091212024
   16.704540000    0.090830270    0.085086986
   16.723080000    0.084687118    0.078753453
   16.741620000    0.078336498    0.072204334
   16.760160000    0.071771582    0.065432304
   16.778700000    0.064985186    0.058429810
   16.797240000    0.057969747    0.051189064
   16.815780000    0.050717313    0.043702039
   16.834320000    0.043219534    0.035960471
   16.852860000    0.035467676    0.027955847
   16.871400000    0.027452633    0.019679402
   16.889940000    0.019164958    0.011122113
   16.908480000    0.010594890    0.002274683
   16.927020000    0.001732394   -0.006872461
   16.945560000   -0.007432802   -0.016329180
   16.964100000   -0.016911179   -0.026105634
   16.982640000   -0.026713390   -0.036212288
   17.001180000   -0.036850250   -0.046659916
   17.019720000   -0.047332719   -0.057459609
   17.038260000   -0.058171915   -0.068622768
   17.056800000   -0.069379120   -0.080161100
   17.075340000   -0.080965817   -0.092086612
   17.093880000   -0.092943723   -0.104411587
   17.112420000   -0.105324840   -0.117148568
   17.130960000   -0.118121496   -0.130310323
   17.149500000   -0.131346404   -0.143909812
   17.168040000   -0.145012697   -0.157960138
   17.186580000   -0.159133963   -0.172474498
   17.205120000   -0.173724263   -0.187466118
   17.223660000   -0.188798121   -0.202948190
   17.242200000   -0.204370504   -0.218933789
   17.260740000   -0.220456762   -0.235435793
   17.279280000   -0.237072542   -0.252466783
   17.297820000   -0.254233681   -0.270038946
   17.316360000   -0.271956061   -0.288163964
   17.334900000   -0.290255440   -0.306852890
   17.353440000   -0.309147260   -0.326116029
   17.371980000   -0.328646439   -0.345962795
   17.390520000   -0.348767140   -0.366401577
   17.409060000   -0.369522534   -0.387439583
   17.427600000   -0.390924561   -0.409082692
   17.446140000   -0.412983679   -0.431335291
   17.464680000   -0.435708626   -0.454200114
   17.483220000   -0.459106186   -0.477678081
   17.501760000   -0.483180960   -0.501768135
   17.520300000   -0.507935156   -0.526467082
   17.538840000   -0.533368381   -0.551769440
   17.557380000   -0.559477461   -0.577667294
   17.575920000   -0.586256256   -0.604150162
   17.594460000   -0.613695509   -0.631204880
   17.613000000   -0.641782688   -0.658815495
   17.631540000   -0.670501861   -0.686963192
   17.650080000   -0.699833574   -0.715626224
   17.668620000   -0.729754749   -0.744779888
   17.687160000   -0.760238601   -0.774396506
   17.705700000   -0.791254581   -0.804445447
   17.724240000   -0.822768340   -0.834893172
   17.742780000   -0.854741728   -0.865703304
   17.761320000   -0.887132824   -0.896836725
   17.779860000   -0.919896017   -0.928251699
   17.798400000   -0.952982118   -0.959904023
   17.816940000   -0.986338532   -0.991747187
   17.835480000   -1.019909475   -1.023732565
   17.854020000   -1.053636245   -1.055809617
   17.872560000   -1.087457541   -1.087926096
   17.891100000   -1.121309833   -1.120028280
   17.909640000   -1.155127764   -1.152061194
   17.928180000   -1.188844595   -1.183968845
   17.946720000   -1.222392665   -1.215694456
   17.965260000   -1.255703870   -1.247180691
   17.983800000   -1.288710130   -1.278369884
   18.002340000   -1.321343853   -1.309204261
   18.020880000   -1.353538365   -1.339626143
   18.039420000   -1.385228301   -1.369578160
   18.057960000   -1.416349943   -1.399003435
   18.076500000   -1.446841505   -1.427845772
   18.095040000   -1.476643348   -1.456049831
   18.113580000   -1.505698126   -1.483561289
   18.132120000   -1.533950866   -1.510326996
   18.150660000   -1.561348986   -1.536295121
   18.169200000   -1.587842250   -1.561415287
   18.187740000   -1.613382684   -1.585638698
   18.206280000   -1.637924448   -1.608918265
   18.224820000   -1.661423696   -1.631208709
   18.243360000   -1.683838422   -1.652466673
   18.261900000   -1.705128322   -1.672650819
   18.280440000   -1.725254674   -1.691721913
   18.298980000   -1.744180251   -1.709642913
   18.317520000   -1.761869289   -1.726379044
   18.336060000   -1.778287494   -1.741897865
   18.354600000   -1.793402110   -1.756169333
   18.373140000   -1.807182048   -1.769165855
   18.391680000   -1.819598051   -1.780862340
   18.410220000   -1.830622919   -1.791236239
   18.428760000   -1.840231753   -1.800267580
   18.447300000   -1.848402225   -1.807939000
   18.465840000   -1.855114857   -1.814235768
   18.484380000   -1.860353284   -1.819145807
   18.502920000   -1.864104499   -1.822659709
   18.521460000   -1.866359052   -1.824770743
