    0.000000000   -1.956932260   -1.917097396
    0.027810000   -1.955240291   -1.915509287
    0.055620000   -1.950174104   -1.910751841
    0.083430000   -1.941762485   -1.902845671
    0.111240000   -1.930052227   -1.891825053
    0.139050000   -1.915106499   -1.877737804
    0.166860000   -1.897002880   -1.860645103
    0.194670000   -1.875831273   -1.840621262
    0.222480000   -1.851691978   -1.817753434
    0.250290000   -1.824694133   -1.792141260
    0.278100000   -1.794954684   -1.763896449
    0.305910000   -1.762597985   -1.733142300
    0.333720000   -1.727755997   -1.700013146
    0.361530000   -1.690568988   -1.664653740
    0.389340000   -1.651186569   -1.627218554
    0.417150000   -1.609768812   -1.587871009
    0.444960000   -1.566487219   -1.546782619
    0.472770000   -1.521525292   -1.504132028
    0.500580000   -1.475078507   -1.460103956
    0.528390000   -1.427353566   -1.414888016
    0.556200000   -1.378566881   -1.368677416
    0.584010000   -1.328942319   -1.321667532
    0.611820000   -1.278708329   -1.274054360
    0.639630000   -1.228094626   -1.226032859
    0.667440000   -1.177328636   -1.177795207
    0.695250000   -1.126631941   -1.129529006
    0.723060000   -1.076216908   -1.081415473
    0.750870000   -1.026283702   -1.033627673
    0.778680000   -0.977017783   -0.986328843
    0.806490000   -0.928587967   -0.939670869
    0.834300000   -0.881145062   -0.893792963
    0.862110000   -0.834821048   -0.848820588
    0.889920000   -0.789728730   -0.804864672
    0.917730000   -0.745961804   -0.762021124
    0.945540000   -0.703595236   -0.720370665
    0.973350000   -0.662685907   -0.679978966
    1.001160000   -0.623273459   -0.640897074
    1.028970000   -0.585381322   -0.603162083
    1.056780000   -0.549017907   -0.566798029
    1.084590000   -0.514177956   -0.531816928
    1.112400000   -0.480844061   -0.498219950
    1.140210000   -0.448988325   -0.465998639
    1.168020000   -0.418574136   -0.435136173
    1.195830000   -0.389558026   -0.405608598
    1.223640000   -0.361891523   -0.377386031
    1.251450000   -0.335522947   -0.350433787
    1.279260000   -0.310399037   -0.324713431
    1.307070000   -0.286466358   -0.300183737
    1.334880000   -0.263672416   -0.276801556
    1.362690000   -0.241966446   -0.254522570
    1.390500000   -0.221299872   -0.233301968
    1.418310000   -0.201626469   -0.213094998
    1.446120000   -0.182902270   -0.193857446
    1.473930000   -0.165085307   -0.175545998
    1.501740000   -0.148135264   -0.158118530
    1.529550000   -0.132013121   -0.141534307
    1.557360000   -0.116680864   -0.125754103
    1.585170000   -0.102101313   -0.110740266
    1.612980000   -0.088238079   -0.096456724
    1.640790000   -0.075055658   -0.082868954
    1.668600000   -0.062519629   -0.069943930
    1.696410000   -0.050596907   -0.057650053
    1.724220000   -0.039256003   -0.045957084
    1.752030000   -0.028467243   -0.034836088
    1.779840000   -0.018202894   -0.024259379
    1.807650000   -0.008437189   -0.014200490
    1.835460000    0.000853772   -0.004634153
    1.863270000    0.009692214    0.004463724
    1.891080000    0.018098944    0.013116062
    1.918890000    0.026093647    0.021344632
    1.946700000    0.033695155    0.029170079
    1.974510000    0.040921676    0.036611964
    2.002320000    0.047790935    0.043688813
    2.030130000    0.054320236    0.050418182
    2.057940000    0.060526429    0.056816734
    2.085750000    0.066425830    0.062900309
    2.113560000    0.072034086    0.068684007
    2.141370000    0.077366054    0.074182249
    2.169180000    0.082435698    0.079408837
    2.196990000    0.087256042    0.084376992
    2.224800000    0.091839186    0.089099380
    2.252610000    0.096196386    0.093588128
    2.280420000    0.100338182    0.097854827
    2.308230000    0.104274554    0.101910530
    2.336040000    0.108015079    0.105765749
    2.363850000    0.111569066    0.109430464
    2.391660000    0.114945641    0.112914126
    2.419470000    0.118153777    0.116225682
    2.447280000    0.121202270    0.119373601
    2.475090000    0.124099657    0.122365905
    2.502900000    0.126854121    0.125210214
    2.530710000    0.129473372    0.127913775
    2.558520000    0.131964563    0.130483500
    2.586330000    0.134334235    0.132925993
    2.614140000    0.136588312    0.135247566
    2.641950000    0.138732155    0.137454251
    2.669760000    0.140770656    0.139551803
    2.697570000    0.142708367    0.141545701
    2.725380000    0.144549632    0.143441142
    2.753190000    0.146298714    0.145243042
    2.781000000    0.147959881    0.146956045
    2.808810000    0.149537456    0.148584526
    2.836620000    0.151035804    0.150132612
    2.864430000    0.152459287    0.151604200
    2.892240000    0.153812172    0.153002988
    2.920050000    0.155098531    0.154332496
    2.947860000    0.156322147    0.155596090
    2.975670000    0.157486437    0.156797001
    3.003480000    0.158594423    0.157938337
    3.031290000    0.159648737    0.159023089
    3.059100000    0.160651683    0.160054127
    3.086910000    0.161605316    0.161034197
    3.114720000    0.162511556    0.161965910
    3.142530000    0.163372290    0.162851734
    3.170340000    0.164189460    0.163693993
    3.198150000    0.164965115    0.164494862
    3.225960000    0.165701429    0.165256375
    3.253770000    0.166400663    0.165980438
    3.281580000    0.167065108    0.166668840
    3.309390000    0.167696994    0.167323279
    3.337200000    0.168298404    0.167945371
    3.365010000    0.168871191    0.168536672
    3.392820000    0.169416933    0.169098684
    3.420630000    0.169936916    0.169632866
    3.448440000    0.170432160    0.170140627
    3.476250000    0.170903483    0.170623327
    3.504060000    0.171351585    0.171082263
    3.531870000    0.171777140    0.171518665
    3.559680000    0.172180881    0.171933685
    3.587490000    0.172563666    0.172328395
    3.615300000    0.172926504    0.172703786
    3.643110000    0.173270550    0.173060773
    3.670920000    0.173597059    0.173400208
    3.698730000    0.173907322    0.173722892
    3.726540000    0.174202577    0.174029584
    3.754350000    0.174483940    0.174321024
    3.782160000    0.174752337    0.174597935
    3.809970000    0.175008471    0.174861029
    3.837780000    0.175252831    0.175111013
    3.865590000    0.175485719    0.175348579
    3.893400000    0.175707319    0.175574400
    3.921210000    0.175917774    0.175789117
    3.949020000    0.176117261    0.175993333
    3.976830000    0.176306065    0.176187602
    4.004640000    0.176484611    0.176372428
    4.032450000    0.176653483    0.176548264
    4.060260000    0.176813392    0.176715520
    4.088070000    0.176965132    0.176874570
    4.115880000    0.177109507    0.177025761
    4.143690000    0.177247257    0.177169431
    4.171500000    0.177378991    0.177305912
    4.199310000    0.177505149    0.177435543
    4.227120000    0.177625978    0.177558666
    4.254930000    0.177741554    0.177675629
    4.282740000    0.177851823    0.177786779
    4.310550000    0.177956666    0.177892453
    4.338360000    0.178055972    0.177992969
    4.366170000    0.178149707    0.178088617
    4.393980000    0.178237962    0.178179658
    4.421790000    0.178320982    0.178266314
    4.449600000    0.178399156    0.178348777
    4.477410000    0.178472986    0.178427214
    4.505220000    0.178543032    0.178501772
    4.533030000    0.178609845    0.178572591
    4.560840000    0.178673897    0.178639815
    4.588650000    0.178735534    0.178703595
    4.616460000    0.178794943    0.178764095
    4.644270000    0.178852146    0.178821497
    4.672080000    0.178907032    0.178875986
    4.699890000    0.178959404    0.178927755
    4.727700000    0.179009038    0.178976988
    4.755510000    0.179055753    0.179023855
    4.783320000    0.179099466    0.179068505
    4.811130000    0.179140225    0.179111060
    4.838940000    0.179178223    0.179151616
    4.866750000    0.179213781    0.179190244
    4.894560000    0.179247304    0.179226999
    4.922370000    0.179279226    0.179261928
    4.950180000    0.179309947    0.179295078
    4.977990000    0.179339778    0.179326504
    5.005800000    0.179368896    0.179356274
    5.033610000    0.179397332    0.179384474
    5.061420000    0.179424976    0.179411202
    5.089230000    0.179451616    0.179436567
    5.117040000    0.179476987    0.179460680
    5.144850000    0.179500830    0.179483644
    5.172660000    0.179522954    0.179505552
    5.200470000    0.179543276    0.179526475
    5.228280000    0.179561850    0.179546463
    5.256090000    0.179578862    0.179565545
    5.283900000    0.179594603    0.179583735
    5.311710000    0.179609427    0.179601036
    5.339520000    0.179623691    0.179617447
    5.367330000    0.179637699    0.179632977
    5.395140000    0.179651655    0.179647645
    5.422950000    0.179665634    0.179661486
    5.450760000    0.179679575    0.179674554
    5.478570000    0.179693302    0.179686914
    5.506380000    0.179706563    0.179698640
    5.534190000    0.179719080    0.179709806
    5.562000000    0.179730611    0.179720478
    5.589810000    0.179740994    0.179730710
    5.617620000    0.179750183    0.179740535
    5.645430000    0.179758263    0.179749971
    5.673240000    0.179765431    0.179759014
    5.701050000    0.179771971    0.179767650
    5.728860000    0.179778201    0.179775860
    5.756670000    0.179784419    0.179783626
    5.784480000    0.179790855    0.179790940
    5.812290000    0.179797629    0.179797809
    5.840100000    0.179804737    0.179804253
    5.867910000    0.179812055    0.179810311
    5.895720000    0.179819363    0.179816031
    5.923530000    0.179826391    0.179821468
    5.951340000    0.179832871    0.179826674
    5.979150000    0.179838589    0.179831692
    6.006960000    0.179843424    0.179836552
    6.034770000    0.179847371    0.179841264
    6.062580000    0.179850548    0.179845826
    6.090390000    0.179853168    0.179850218
    6.118200000    0.179855509    0.179854413
    6.146010000    0.179857860    0.179858384
    6.173820000    0.179860470    0.179862108
    6.201630000    0.179863507    0.179865573
    6.229440000    0.179867029    0.179868784
    6.257250000    0.179870975    0.179871760
    6.285060000    0.179875178    0.179874535
    6.312870000    0.179879400    0.179877152
    6.340680000    0.179883376    0.179879655
    6.368490000    0.179886864    0.179882085
    6.396300000    0.179889690    0.179884473
    6.424110000    0.179891779    0.179886832
    6.451920000    0.179893174    0.179889164
    6.479730000    0.179894023    0.179891453
    6.507540000    0.179894553    0.179893671
    6.535350000    0.179895033    0.179895788
    6.563160000    0.179895721    0.179897773
    6.590970000    0.179896820    0.179899604
    6.618780000    0.179898441    0.179901273
    6.646590000    0.179900587    0.179902785
    6.674400000    0.179903148    0.179904159
    6.702210000    0.179905930    0.179905429
    6.730020000    0.179908685    0.179906631
    6.757830000    0.179911162    0.179907804
    6.785640000    0.179913149    0.179908979
    6.813450000    0.179914515    0.179910175
    6.841260000    0.179915234    0.179911400
    6.869070000    0.179915386    0.179912641
    6.896880000    0.179915148    0.179913878
    6.924690000    0.179914754    0.179915080
    6.952500000    0.179914459    0.179916215
    6.980310000    0.179914491    0.179917254
    7.008120000    0.179915007    0.179918180
    7.035930000    0.179916068    0.179918987
    7.063740000    0.179917631    0.179919685
    7.091550000    0.179919551    0.179920298
    7.119360000    0.179921616    0.179920857
    7.147170000    0.179923581    0.179921397
    7.174980000    0.179925218    0.179921953
    7.202790000    0.179926351    0.179922548
    7.230600000    0.179926896    0.179923195
    7.258410000    0.179926869    0.179923891
    7.286220000    0.179926388    0.179924621
    7.314030000    0.179925649    0.179925359
    7.341840000    0.179924887    0.179926073
    7.369650000    0.179924339    0.179926732
    7.397460000    0.179924198    0.179927312
    7.425270000    0.179924575    0.179927798
    7.453080000    0.179925487    0.179928191
    7.480890000    0.179926846    0.179928505
    7.508700000    0.179928483    0.179928765
    7.536510000    0.179930175    0.179929002
    7.564320000    0.179931688    0.179929250
    7.592130000    0.179932818    0.179929536
    7.619940000    0.179933431    0.179929878
    7.647750000    0.179933485    0.179930282
    7.675560000    0.179933037    0.179930740
    7.703370000    0.179932234    0.179931231
    7.731180000    0.179931285    0.179931726
    7.758990000    0.179930422    0.179932195
    7.786800000    0.179929857    0.179932610
    7.814610000    0.179929746    0.179932949
    7.842420000    0.179930159    0.179933205
    7.870230000    0.179931069    0.179933384
    7.898040000    0.179932357    0.179933503
    7.925850000    0.179933832    0.179933590
    7.953660000    0.179935271    0.179933675
    7.981470000    0.179936456    0.179933788
    8.009280000    0.179937216    0.179933954
    8.037090000    0.179937456    0.179934184
    8.064900000    0.179937177    0.179934478
    8.092710000    0.179936471    0.179934822
    8.120520000    0.179935509    0.179935194
    8.148330000    0.179934505    0.179935562
    8.176140000    0.179933679    0.179935899
    8.203950000    0.179933218    0.179936178
    8.231760000    0.179933238    0.179936385
    8.259570000    0.179933768    0.179936517
    8.287380000    0.179934743    0.179936583
    8.315190000    0.179936014    0.179936606
    8.343000000    0.179937381    0.179936613
    8.370810000    0.179938625    0.179936634
    8.398620000    0.179939549    0.179936697
    8.426430000    0.179940017    0.179936818
    8.454240000    0.179939973    0.179937005
    8.482050000    0.179939457    0.179937253
    8.509860000    0.179938592    0.179937543
    8.537670000    0.179937565    0.179937849
    8.565480000    0.179936590    0.179938143
    8.593290000    0.179935870    0.179938397
    8.621100000    0.179935561    0.179938590
    8.648910000    0.179935743    0.179938712
    8.676720000    0.179936404    0.179938766
    8.704530000    0.179937444    0.179938766
    8.732340000    0.179938697    0.179938736
    8.760150000    0.179939955    0.179938705
    8.787960000    0.179941011    0.179938700
    8.815770000    0.179941695    0.179938745
    8.843580000    0.179941906    0.179938853
    8.871390000    0.179941628    0.179939025
    8.899200000    0.179940935    0.179939252
    8.927010000    0.179939976    0.179939511
    8.954820000    0.179938946    0.179939776
    8.982630000    0.179938055    0.179940019
    9.010440000    0.179937483    0.179940215
    9.038250000    0.179937353    0.179940348
    9.066060000    0.179937706    0.179940413
    9.093870000    0.179938495    0.179940417
    9.121680000    0.179939592    0.179940378
    9.149490000    0.179940813    0.179940322
    9.177300000    0.179941955    0.179940276
    9.205110000    0.179942825    0.179940268
    9.232920000    0.179943285    0.179940315
    9.260730000    0.179943267    0.179940426
    9.288540000    0.179942795    0.179940597
    9.316350000    0.179941973    0.179940813
    9.344160000    0.179940968    0.179941052
    9.371970000    0.179939980    0.179941285
    9.399780000    0.179939206    0.179941487
    9.427590000    0.179938801    0.179941635
    9.455400000    0.179938854    0.179941720
    9.483210000    0.179939368    0.179941739
    9.511020000    0.179940263    0.179941707
    9.538830000    0.179941388    0.179941642
    9.566640000    0.179942554    0.179941573
    9.594450000    0.179943560    0.179941526
    9.622260000    0.179944238    0.179941523
    9.650070000    0.179944479    0.179941580
    9.677880000    0.179944255    0.179941699
    9.705690000    0.179943623    0.179941873
    9.733500000    0.179942711    0.179942082
    9.761310000    0.179941702    0.179942302
    9.789120000    0.179940793    0.179942506
    9.816930000    0.179940162    0.179942669
    9.844740000    0.179939937    0.179942774
    9.872550000    0.179940170    0.179942813
    9.900360000    0.179940829    0.179942793
    9.928170000    0.179941804    0.179942727
    9.955980000    0.179942928    0.179942640
    9.983790000    0.179944006    0.179942557
   10.011600000    0.179944852    0.179942504
   10.039410000    0.179945322    0.179942501
   10.067220000    0.179945340    0.179942557
   10.095030000    0.179944913    0.179942671
   10.122840000    0.179944129    0.179942831
   10.150650000    0.179943141    0.179943016
   10.178460000    0.179942135    0.179943200
   10.206270000    0.179941304    0.179943358
   10.234080000    0.179940806    0.179943468
   10.261890000    0.179940736    0.179943518
   10.289700000    0.179941114    0.179943505
   10.317510000    0.179941876    0.179943440
   10.345320000    0.179942888    0.179943342
   10.373130000    0.179943972    0.179943234
   10.400940000    0.179944935    0.179943143
   10.428750000    0.179945609    0.179943092
   10.456560000    0.179945877    0.179943097
   10.484370000    0.179945699    0.179943162
   10.512180000    0.179945114    0.179943283
   10.539990000    0.179944237    0.179943442
   10.567800000    0.179943233    0.179943618
   10.595610000    0.179942294    0.179943783
   10.623420000    0.179941595    0.179943914
   10.651230000    0.179941271    0.179943993
   10.679040000    0.179941385    0.179944012
   10.706850000    0.179941920    0.179943972
   10.734660000    0.179942785    0.179943888
   10.762470000    0.179943827    0.179943780
   10.790280000    0.179944859    0.179943674
   10.818090000    0.179945700    0.179943595
   10.845900000    0.179946201    0.179943562
   10.873710000    0.179946279    0.179943587
   10.901520000    0.179945924    0.179943671
   10.929330000    0.179945208    0.179943803
   10.957140000    0.179944268    0.179943965
   10.984950000    0.179943281    0.179944132
   11.012760000    0.179942433    0.179944279
   11.040570000    0.179941882    0.179944385
   11.068380000    0.179941735    0.179944434
   11.096190000    0.179942022    0.179944424
   11.124000000    0.179942694    0.179944361
   11.151810000    0.179943634    0.179944261
   11.179620000    0.179944673    0.179944149
   11.207430000    0.179945627    0.179944048
   11.235240000    0.179946327    0.179943983
   11.263050000    0.179946649    0.179943969
   11.290860000    0.179946541    0.179944014
   11.318670000    0.179946027    0.179944114
   11.346480000    0.179945207    0.179944255
   11.374290000    0.179944236    0.179944416
   11.402100000    0.179943294    0.179944571
   11.429910000    0.179942560    0.179944698
   11.457720000    0.179942170    0.179944776
   11.485530000    0.179942200    0.179944797
   11.513340000    0.179942647    0.179944760
   11.541150000    0.179943433    0.179944677
   11.568960000    0.179944419    0.179944567
   11.596770000    0.179945427    0.179944454
   11.624580000    0.179946279    0.179944363
   11.652390000    0.179946822    0.179944314
   11.680200000    0.179946962    0.179944321
   11.708010000    0.179946678    0.179944384
   11.735820000    0.179946026    0.179944498
   11.763630000    0.179945129    0.179944644
   11.791440000    0.179944156    0.179944800
   11.819250000    0.179943288    0.179944941
   11.847060000    0.179942686    0.179945044
   11.874870000    0.179942464    0.179945095
   11.902680000    0.179942666    0.179945088
   11.930490000    0.179943256    0.179945027
   11.958300000    0.179944131    0.179944928
   11.986110000    0.179945133    0.179944811
   12.013920000    0.179946083    0.179944702
   12.041730000    0.179946810    0.179944623
   12.069540000    0.179947185    0.179944592
   12.097350000    0.179947144    0.179944618
   12.125160000    0.179946698    0.179944699
   12.152970000    0.179945931    0.179944824
   12.180780000    0.179944987    0.179944972
   12.208590000    0.179944041    0.179945119
   12.236400000    0.179943270    0.179945242
   12.264210000    0.179942817    0.179945320
   12.292020000    0.179942766    0.179945343
   12.319830000    0.179943130    0.179945310
   12.347640000    0.179943844    0.179945228
   12.375450000    0.179944780    0.179945116
   12.403260000    0.179945769    0.179944997
   12.431070000    0.179946634    0.179944894
   12.458880000    0.179947220    0.179944830
   12.486690000    0.179947421    0.179944819
   12.514500000    0.179947204    0.179944864
   12.542310000    0.179946612    0.179944961
   12.570120000    0.179945755    0.179945092
   12.597930000    0.179944792    0.179945238
   12.625740000    0.179943902    0.179945373
   12.653550000    0.179943249    0.179945475
   12.681360000    0.179942955    0.179945528
   12.709170000    0.179943074    0.179945524
   12.736980000    0.179943587    0.179945465
   12.764790000    0.179944402    0.179945365
   12.792600000    0.179945371    0.179945245
   12.820410000    0.179946320    0.179945127
   12.848220000    0.179947077    0.179945035
   12.876030000    0.179947505    0.179944988
   12.903840000    0.179947529    0.179944996
   12.931650000    0.179947146    0.179945059
   12.959460000    0.179946428    0.179945168
   12.987270000    0.179945508    0.179945304
   13.015080000    0.179944556    0.179945443
   13.042890000    0.179943747    0.179945563
   13.070700000    0.179943231    0.179945642
   13.098510000    0.179943102    0.179945668
   13.126320000    0.179943386    0.179945637
   13.154130000    0.179944032    0.179945557
   13.181940000    0.179944923    0.179945442
   13.209750000    0.179945897    0.179945316
   13.237560000    0.179946778    0.179945203
   13.265370000    0.179947406    0.179945125
   13.293180000    0.179947667    0.179945096
   13.320990000    0.179947515    0.179945123
   13.348800000    0.179946979    0.179945203
   13.376610000    0.179946158    0.179945321
   13.404420000    0.179945203    0.179945457
   13.432230000    0.179944289    0.179945588
   13.460040000    0.179943585    0.179945689
   13.487850000    0.179943218    0.179945743
   13.515660000    0.179943258    0.179945742
   13.543470000    0.179943697    0.179945686
   13.571280000    0.179944456    0.179945586
   13.599090000    0.179945397    0.179945461
   13.626900000    0.179946348    0.179945334
   13.654710000    0.179947136    0.179945229
   13.682520000    0.179947618    0.179945166
   13.710330000    0.179947706    0.179945157
   13.738140000    0.179947385    0.179945203
   13.765950000    0.179946713    0.179945297
   13.793760000    0.179945814    0.179945421
   13.821570000    0.179944852    0.179945554
   13.849380000    0.179944004    0.179945671
   13.877190000    0.179943424    0.179945751
   13.905000000    0.179943218    0.179945779
   13.932810000    0.179943424    0.179945751
   13.960620000    0.179944004    0.179945671
   13.988430000    0.179944852    0.179945554
   14.016240000    0.179945814    0.179945421
   14.044050000    0.179946713    0.179945297
   14.071860000    0.179947385    0.179945203
   14.099670000    0.179947706    0.179945157
   14.127480000    0.179947618    0.179945166
   14.155290000    0.179947136    0.179945229
   14.183100000    0.179946348    0.179945334
   14.210910000    0.179945397    0.179945461
   14.238720000    0.179944456    0.179945586
   14.266530000    0.179943697    0.179945686
   14.294340000    0.179943258    0.179945742
   14.322150000    0.179943218    0.179945743
   14.349960000    0.179943585    0.179945689
   14.377770000    0.179944289    0.179945588
   14.405580000    0.179945203    0.179945457
   14.433390000    0.179946158    0.179945321
   14.461200000    0.179946979    0.179945203
   14.489010000    0.179947515    0.179945123
   14.516820000    0.179947667    0.179945096
   14.544630000    0.179947406    0.179945125
   14.572440000    0.179946778    0.179945203
   14.600250000    0.179945897    0.179945316
   14.628060000    0.179944923    0.179945442
   14.655870000    0.179944032    0.179945557
   14.683680000    0.179943386    0.179945637
   14.711490000    0.179943102    0.179945668
   14.739300000    0.179943231    0.179945642
   14.767110000    0.179943747    0.179945563
   14.794920000    0.179944556    0.179945443
   14.822730000    0.179945508    0.179945304
   14.850540000    0.179946428    0.179945168
   14.878350000    0.179947146    0.179945059
   14.906160000    0.179947529    0.179944996
   14.933970000    0.179947505    0.179944988
   14.961780000    0.179947077    0.179945035
   14.989590000    0.179946320    0.179945127
   15.017400000    0.179945371    0.179945245
   15.045210000    0.179944402    0.179945365
   15.073020000    0.179943587    0.179945465
   15.100830000    0.179943074    0.179945524
   15.128640000    0.179942955    0.179945528
   15.156450000    0.179943249    0.179945475
   15.184260000    0.179943902    0.179945373
   15.212070000    0.179944792    0.179945238
   15.239880000    0.179945755    0.179945092
   15.267690000    0.179946612    0.179944961
   15.295500000    0.179947204    0.179944864
   15.323310000    0.179947421    0.179944819
   15.351120000    0.179947220    0.179944830
   15.378930000    0.179946634    0.179944894
   15.406740000    0.179945769    0.179944997
   15.434550000    0.179944780    0.179945116
   15.462360000    0.179943844    0.179945228
   15.490170000    0.179943130    0.179945310
   15.517980000    0.179942766    0.179945343
   15.545790000    0.179942817    0.179945320
   15.573600000    0.179943270    0.179945242
   15.601410000    0.179944041    0.179945119
   15.629220000    0.179944987    0.179944972
   15.657030000    0.179945931    0.179944824
   15.684840000    0.179946698    0.179944699
   15.712650000    0.179947144    0.179944618
   15.740460000    0.179947185    0.179944592
   15.768270000    0.179946810    0.179944623
   15.796080000    0.179946083    0.179944702
   15.823890000    0.179945133    0.179944811
   15.851700000    0.179944131    0.179944928
   15.879510000    0.179943256    0.179945027
   15.907320000    0.179942666    0.179945088
   15.935130000    0.179942464    0.179945095
   15.962940000    0.179942686    0.179945044
   15.990750000    0.179943288    0.179944941
   16.018560000    0.179944156    0.179944800
   16.046370000    0.179945129    0.179944644
   16.074180000    0.179946026    0.179944498
   16.101990000    0.179946678    0.179944384
   16.129800000    0.179946962    0.179944321
   16.157610000    0.179946822    0.179944314
   16.185420000    0.179946279    0.179944363
   16.213230000    0.179945427    0.179944454
   16.241040000    0.179944419    0.179944567
   16.268850000    0.179943433    0.179944677
   16.296660000    0.179942647    0.179944760
   16.324470000    0.179942200    0.179944797
   16.352280000    0.179942170    0.179944776
   16.380090000    0.179942560    0.179944698
   16.407900000    0.179943294    0.179944571
   16.435710000    0.179944236    0.179944416
   16.463520000    0.179945207    0.179944255
   16.491330000    0.179946027    0.179944114
   16.519140000    0.179946541    0.179944014
   16.546950000    0.179946649    0.179943969
   16.574760000    0.179946327    0.179943983
   16.602570000    0.179945627    0.179944048
   16.630380000    0.179944673    0.179944149
   16.658190000    0.179943634    0.179944261
   16.686000000    0.179942694    0.179944361
   16.713810000    0.179942022    0.179944424
   16.741620000    0.179941735    0.179944434
   16.769430000    0.179941882    0.179944385
   16.797240000    0.179942433    0.179944279
   16.825050000    0.179943281    0.179944132
   16.852860000    0.179944268    0.179943965
   16.880670000    0.179945208    0.179943803
   16.908480000    0.179945924    0.179943671
   16.936290000    0.179946279    0.179943587
   16.964100000    0.179946201    0.179943562
   16.991910000    0.179945700    0.179943595
   17.019720000    0.179944859    0.179943674
   17.047530000    0.179943827    0.179943780
   17.075340000    0.179942785    0.179943888
   17.103150000    0.179941920    0.179943972
   17.130960000    0.179941385    0.179944012
   17.158770000    0.179941271    0.179943993
   17.186580000    0.179941595    0.179943914
   17.214390000    0.179942294    0.179943783
   17.242200000    0.179943233    0.179943618
   17.270010000    0.179944237    0.179943442
   17.297820000    0.179945114    0.179943283
   17.325630000    0.179945699    0.179943162
   17.353440000    0.179945877    0.179943097
   17.381250000    0.179945609    0.179943092
   17.409060000    0.179944935    0.179943143
   17.436870000    0.179943972    0.179943234
   17.464680000    0.179942888    0.179943342
   17.492490000    0.179941876    0.179943440
   17.520300000    0.179941114    0.179943505
   17.548110000    0.179940736    0.179943518
   17.575920000    0.179940806    0.179943468
   17.603730000    0.179941304    0.179943358
   17.631540000    0.179942135    0.179943200
   17.659350000    0.179943141    0.179943016
   17.687160000    0.179944129    0.179942831
   17.714970000    0.179944913    0.179942671
   17.742780000    0.179945340    0.179942557
   17.770590000    0.179945322    0.179942501
   17.798400000    0.179944852    0.179942504
   17.826210000    0.179944006    0.179942557
   17.854020000    0.179942928    0.179942640
   17.881830000    0.179941804    0.179942727
   17.909640000    0.179940829    0.179942793
   17.937450000    0.179940170    0.179942813
   17.965260000    0.179939937    0.179942774
   17.993070000    0.179940162    0.179942669
   18.020880000    0.179940793    0.179942506
   18.048690000    0.179941702    0.179942302
   18.076500000    0.179942711    0.179942082
   18.104310000    0.179943623    0.179941873
   18.132120000    0.179944255    0.179941699
   18.159930000    0.179944479    0.179941580
   18.187740000    0.179944238    0.179941523
   18.215550000    0.179943560    0.179941526
   18.243360000    0.179942554    0.179941573
   18.271170000    0.179941388    0.179941642
   18.298980000    0.179940263    0.179941707
   18.326790000    0.179939368    0.179941739
   18.354600000    0.179938854    0.179941720
   18.382410000    0.179938801    0.179941635
   18.410220000    0.179939206    0.179941487
   18.438030000    0.179939980    0.179941285
   18.465840000    0.179940968    0.179941052
   18.493650000    0.179941973    0.179940813
   18.521460000    0.179942795    0.179940597
   18.549270000    0.179943267    0.179940426
   18.577080000    0.179943285    0.179940315
   18.604890000    0.179942825    0.179940268
   18.632700000    0.179941955    0.179940276
   18.660510000    0.179940813    0.179940322
   18.688320000    0.179939592    0.179940378
   18.716130000    0.179938495    0.179940417
   18.743940000    0.179937706    0.179940413
   18.771750000    0.179937353    0.179940348
   18.799560000    0.179937483    0.179940215
   18.827370000    0.179938055    0.179940019
   18.855180000    0.179938946    0.179939776
   18.882990000    0.179939976    0.179939511
   18.910800000    0.179940935    0.179939252
   18.938610000    0.179941628    0.179939025
   18.966420000    0.179941906    0.179938853
   18.994230000    0.179941695    0.179938745
   19.022040000    0.179941011    0.179938700
   19.049850000    0.179939955    0.179938705
   19.077660000    0.179938697    0.179938736
   19.105470000    0.179937444    0.179938766
   19.133280000    0.179936404    0.179938766
   19.161090000    0.179935743    0.179938712
   19.188900000    0.179935561    0.179938590
   19.216710000    0.179935870    0.179938397
   19.244520000    0.179936590    0.179938143
   19.272330000    0.179937565    0.179937849
   19.300140000    0.179938592    0.179937543
   19.327950000    0.179939457    0.179937253
   19.355760000    0.179939973    0.179937005
   19.383570000    0.179940017    0.179936818
   19.411380000    0.179939549    0.179936697
   19.439190000    0.179938625    0.179936634
   19.467000000    0.179937381    0.179936613
   19.494810000    0.179936014    0.179936606
   19.522620000    0.179934743    0.179936583
   19.550430000    0.179933768    0.179936517
   19.578240000    0.179933238    0.179936385
   19.606050000    0.179933218    0.179936178
   19.633860000    0.179933679    0.179935899
   19.661670000    0.179934505    0.179935562
   19.689480000    0.179935509    0.179935194
   19.717290000    0.179936471    0.179934822
   19.745100000    0.179937177    0.179934478
   19.772910000    0.179937456    0.179934184
   19.800720000    0.179937216    0.179933954
   19.828530000    0.179936456    0.179933788
   19.856340000    0.179935271    0.179933675
   19.884150000    0.179933832    0.179933590
   19.911960000    0.179932357    0.179933503
   19.939770000    0.179931069    0.179933384
   19.967580000    0.179930159    0.179933205
   19.995390000    0.179929746    0.179932949
   20.023200000    0.179929857    0.179932610
   20.051010000    0.179930422    0.179932195
   20.078820000    0.179931285    0.179931726
   20.106630000    0.179932234    0.179931231
   20.134440000    0.179933037    0.179930740
   20.162250000    0.179933485    0.179930282
   20.190060000    0.179933431    0.179929878
   20.217870000    0.179932818    0.179929536
   20.245680000    0.179931688    0.179929250
   20.273490000    0.179930175    0.179929002
   20.301300000    0.179928483    0.179928765
   20.329110000    0.179926846    0.179928505
   20.356920000    0.179925487    0.179928191
   20.384730000    0.179924575    0.179927798
   20.412540000    0.179924198    0.179927312
   20.440350000    0.179924339    0.179926732
   20.468160000    0.179924887    0.179926073
   20.495970000    0.179925649    0.179925359
   20.523780000    0.179926388    0.179924621
   20.551590000    0.179926869    0.179923891
   20.579400000    0.179926896    0.179923195
   20.607210000    0.179926351    0.179922548
   20.635020000    0.179925218    0.179921953
   20.662830000    0.179923581    0.179921397
   20.690640000    0.179921616    0.179920857
   20.718450000    0.179919551    0.179920298
   20.746260000    0.179917631    0.179919685
   20.774070000    0.179916068    0.179918987
   20.801880000    0.179915007    0.179918180
   20.829690000    0.179914491    0.179917254
   20.857500000    0.179914459    0.179916215
   20.885310000    0.179914754    0.179915080
   20.913120000    0.179915148    0.179913878
   20.940930000    0.179915386    0.179912641
   20.968740000    0.179915234    0.179911400
   20.996550000    0.179914515    0.179910175
   21.024360000    0.179913149    0.179908979
   21.052170000    0.179911162    0.179907804
   21.079980000    0.179908685    0.179906631
   21.107790000    0.179905930    0.179905429
   21.135600000    0.179903148    0.179904159
   21.163410000    0.179900587    0.179902785
   21.191220000    0.179898441    0.179901273
   21.219030000    0.179896820    0.179899604
   21.246840000    0.179895721    0.179897773
   21.274650000    0.179895033    0.179895788
   21.302460000    0.179894553    0.179893671
   21.330270000    0.179894023    0.179891453
   21.358080000    0.179893174    0.179889164
   21.385890000    0.179891779    0.179886832
   21.413700000    0.179889690    0.179884473
   21.441510000    0.179886864    0.179882085
   21.469320000    0.179883376    0.179879655
   21.497130000    0.179879400    0.179877152
   21.524940000    0.179875178    0.179874535
   21.552750000    0.179870975    0.179871760
   21.580560000    0.179867029    0.179868784
   21.608370000    0.179863507    0.179865573
   21.636180000    0.179860470    0.179862108
   21.663990000    0.179857860    0.179858384
   21.691800000    0.179855509    0.179854413
   21.719610000    0.179853168    0.179850218
   21.747420000    0.179850548    0.179845826
   21.775230000    0.179847371    0.179841264
   21.803040000    0.179843424    0.179836552
   21.830850000    0.179838589    0.179831692
   21.858660000    0.179832871    0.179826674
   21.886470000    0.179826391    0.179821468
   21.914280000    0.179819363    0.179816031
   21.942090000    0.179812055    0.179810311
   21.969900000    0.179804737    0.179804253
   21.997710000    0.179797629    0.179797809
   22.025520000    0.179790855    0.179790940
   22.053330000    0.179784419    0.179783626
   22.081140000    0.179778201    0.179775860
   22.108950000    0.179771971    0.179767650
   22.136760000    0.179765431    0.179759014
   22.164570000    0.179758263    0.179749971
   22.192380000    0.179750183    0.179740535
   22.220190000    0.179740994    0.179730710
   22.248000000    0.179730611    0.179720478
   22.275810000    0.179719080    0.179709806
   22.303620000    0.179706563    0.179698640
   22.331430000    0.179693302    0.179686914
   22.359240000    0.179679575    0.179674554
   22.387050000    0.179665634    0.179661486
   22.414860000    0.179651655    0.179647645
   22.442670000    0.179637699    0.179632977
   22.470480000    0.179623691    0.179617447
   22.498290000    0.179609427    0.179601036
   22.526100000    0.179594603    0.179583735
   22.553910000    0.179578862    0.179565545
   22.581720000    0.179561850    0.179546463
   22.609530000    0.179543276    0.179526475
   22.637340000    0.179522954    0.179505552
   22.665150000    0.179500830    0.179483644
   22.692960000    0.179476987    0.179460680
   22.720770000    0.179451616    0.179436567
   22.748580000    0.179424976    0.179411202
   22.776390000    0.179397332    0.179384474
   22.804200000    0.179368896    0.179356274
   22.832010000    0.179339778    0.179326504
   22.859820000    0.179309947    0.179295078
   22.887630000    0.179279226    0.179261928
   22.915440000    0.179247304    0.179226999
   22.943250000    0.179213781    0.179190244
   22.971060000    0.179178223    0.179151616
   22.998870000    0.179140225    0.179111060
   23.026680000    0.179099466    0.179068505
   23.054490000    0.179055753    0.179023855
   23.082300000    0.179009038    0.178976988
   23.110110000    0.178959404    0.178927755
   23.137920000    0.178907032    0.178875986
   23.165730000    0.178852146    0.178821497
   23.193540000    0.178794943    0.178764095
   23.221350000    0.178735534    0.178703595
   23.249160000    0.178673897    0.178639815
   23.276970000    0.178609845    0.178572591
   23.304780000    0.178543032    0.178501772
   23.332590000    0.178472986    0.178427214
   23.360400000    0.178399156    0.178348777
   23.388210000    0.178320982    0.178266314
   23.416020000    0.178237962    0.178179658
   23.443830000    0.178149707    0.178088617
   23.471640000    0.178055972    0.177992969
   23.499450000    0.177956666    0.177892453
   23.527260000    0.177851823    0.177786779
   23.555070000    0.177741554    0.177675629
   23.582880000    0.177625978    0.177558666
   23.610690000    0.177505149    0.177435543
   23.638500000    0.177378991    0.177305912
   23.666310000    0.177247257    0.177169431
   23.694120000    0.177109507    0.177025761
   23.721930000    0.176965132    0.176874570
   23.749740000    0.176813392    0.176715520
   23.777550000    0.176653483    0.176548264
   23.805360000    0.176484611    0.176372428
   23.833170000    0.176306065    0.176187602
   23.860980000    0.176117261    0.175993333
   23.888790000    0.175917774    0.175789117
   23.916600000    0.175707319    0.175574400
   23.944410000    0.175485719    0.175348579
   23.972220000    0.175252831    0.175111013
   24.000030000    0.175008471    0.174861029
   24.027840000    0.174752337    0.174597935
   24.055650000    0.174483940    0.174321024
   24.083460000    0.174202577    0.174029584
   24.111270000    0.173907322    0.173722892
   24.139080000    0.173597059    0.173400208
   24.166890000    0.173270550    0.173060773
   24.194700000    0.172926504    0.172703786
   24.222510000    0.172563666    0.172328395
   24.250320000    0.172180881    0.171933685
   24.278130000    0.171777140    0.171518665
   24.305940000    0.171351585    0.171082263
   24.333750000    0.170903483    0.170623327
   24.361560000    0.170432160    0.170140627
   24.389370000    0.169936916    0.169632866
   24.417180000    0.169416933    0.169098684
   24.444990000    0.168871191    0.168536672
   24.472800000    0.168298404    0.167945371
   24.500610000    0.167696994    0.167323279
   24.528420000    0.167065108    0.166668840
   24.556230000    0.166400663    0.165980438
   24.584040000    0.165701429    0.165256375
   24.611850000    0.164965115    0.164494862
   24.639660000    0.164189460    0.163693993
   24.667470000    0.163372290    0.162851734
   24.695280000    0.162511556    0.161965910
   24.723090000    0.161605316    0.161034197
   24.750900000    0.160651683    0.160054127
   24.778710000    0.159648737    0.159023089
   24.806520000    0.158594423    0.157938337
   24.834330000    0.157486437    0.156797001
   24.862140000    0.156322147    0.155596090
   24.889950000    0.155098531    0.154332496
   24.917760000    0.153812172    0.153002988
   24.945570000    0.152459287    0.151604200
   24.973380000    0.151035804    0.150132612
   25.001190000    0.149537456    0.148584526
   25.029000000    0.147959881    0.146956045
   25.056810000    0.146298714    0.145243042
   25.084620000    0.144549632    0.143441142
   25.112430000    0.142708367    0.141545701
   25.140240000    0.140770656    0.139551803
   25.168050000    0.138732155    0.137454251
   25.195860000    0.136588312    0.135247566
   25.223670000    0.134334235    0.132925993
   25.251480000    0.131964563    0.130483500
   25.279290000    0.129473372    0.127913775
   25.307100000    0.126854121    0.125210214
   25.334910000    0.124099657    0.122365905
   25.362720000    0.121202270    0.119373601
   25.390530000    0.118153777    0.116225682
   25.418340000    0.114945641    0.112914126
   25.446150000    0.111569066    0.109430464
   25.473960000    0.108015079    0.105765749
   25.501770000    0.104274554    0.101910530
   25.529580000    0.100338182    0.097854827
   25.557390000    0.096196386    0.093588128
   25.585200000    0.091839186    0.089099380
   25.613010000    0.087256042    0.084376992
   25.640820000    0.082435698    0.079408837
   25.668630000    0.077366054    0.074182249
   25.696440000    0.072034086    0.068684007
   25.724250000    0.066425830    0.062900309
   25.752060000    0.060526429    0.056816734
   25.779870000    0.054320236    0.050418182
   25.807680000    0.047790935    0.043688813
   25.835490000    0.040921676    0.036611964
   25.863300000    0.033695155    0.029170079
   25.891110000    0.026093647    0.021344632
   25.918920000    0.018098944    0.013116062
   25.946730000    0.009692214    0.004463724
   25.974540000    0.000853772   -0.004634153
   26.002350000   -0.008437189   -0.014200490
   26.030160000   -0.018202894   -0.024259379
   26.057970000   -0.028467243   -0.034836088
   26.085780000   -0.039256003   -0.045957084
   26.113590000   -0.050596907   -0.057650053
   26.141400000   -0.062519629   -0.069943930
   26.169210000   -0.075055658   -0.082868954
   26.197020000   -0.088238079   -0.096456724
   26.224830000   -0.102101313   -0.110740266
   26.252640000   -0.116680864   -0.125754103
   26.280450000   -0.132013121   -0.141534307
   26.308260000   -0.148135264   -0.158118530
   26.336070000   -0.165085307   -0.175545998
   26.363880000   -0.182902270   -0.193857446
   26.391690000   -0.201626469   -0.213094998
   26.419500000   -0.221299872   -0.233301968
   26.447310000   -0.241966446   -0.254522570
   26.475120000   -0.263672416   -0.276801556
   26.502930000   -0.286466358   -0.300183737
   26.530740000   -0.310399037   -0.324713431
   26.558550000   -0.335522947   -0.350433787
   26.586360000   -0.361891523   -0.377386031
   26.614170000   -0.389558026   -0.405608598
   26.641980000   -0.418574136   -0.435136173
   26.669790000   -0.448988325   -0.465998639
   26.697600000   -0.480844061   -0.498219950
   26.725410000   -0.514177956   -0.531816928
   26.753220000   -0.549017907   -0.566798029
   26.781030000   -0.585381322   -0.603162083
   26.808840000   -0.623273459   -0.640897074
   26.836650000   -0.662685907   -0.679978966
   26.864460000   -0.703595236   -0.720370665
   26.892270000   -0.745961804   -0.762021124
   26.920080000   -0.789728730   -0.804864672
   26.947890000   -0.834821048   -0.848820588
   26.975700000   -0.881145062   -0.893792963
   27.003510000   -0.928587967   -0.939670869
   27.031320000   -0.977017783   -0.986328843
   27.059130000   -1.026283702   -1.033627673
   27.086940000   -1.076216908   -1.081415473
   27.114750000   -1.126631941   -1.129529006
   27.142560000   -1.177328636   -1.177795207
   27.170370000   -1.228094626   -1.226032859
   27.198180000   -1.278708329   -1.274054360
   27.225990000   -1.328942319   -1.321667532
   27.253800000   -1.378566881   -1.368677416
   27.281610000   -1.427353566   -1.414888016
   27.309420000   -1.475078507   -1.460103956
   27.337230000   -1.521525292   -1.504132028
   27.365040000   -1.566487219   -1.546782619
   27.392850000   -1.609768812   -1.587871009
   27.420660000   -1.651186569   -1.627218554
   27.448470000   -1.690568988   -1.664653740
   27.476280000   -1.727755997   -1.700013146
   27.504090000   -1.762597985   -1.733142300
   27.531900000   -1.794954684   -1.763896449
   27.559710000   -1.824694133   -1.792141260
   27.587520000   -1.851691978   -1.817753434
   27.615330000   -1.875831273   -1.840621262
   27.643140000   -1.897002880   -1.860645103
   27.670950000   -1.915106499   -1.877737804
   27.698760000   -1.930052227   -1.891825053
   27.726570000   -1.941762485   -1.902845671
   27.754380000   -1.950174104   -1.910751841
   27.782190000   -1.955240291   -1.915509287
