    0.000000000   -1.921168564   -1.878949975
    0.023175000   -1.919993208   -1.877850874
    0.046350000   -1.916471853   -1.874556842
    0.069525000   -1.910618513   -1.869077691
    0.092700000   -1.902456127   -1.861429755
    0.115875000   -1.892015985   -1.851635871
    0.139050000   -1.879336978   -1.839725338
    0.162225000   -1.864464774   -1.825733866
    0.185400000   -1.847450963   -1.809703501
    0.208575000   -1.828352254   -1.791682534
    0.231750000   -1.807229799   -1.771725379
    0.254925000   -1.784148679   -1.749892427
    0.278100000   -1.759177596   -1.726249868
    0.301275000   -1.732388785   -1.700869493
    0.324450000   -1.703858120   -1.673828452
    0.347625000   -1.673665408   -1.645208993
    0.370800000   -1.641894790   -1.615098171
    0.393975000   -1.608635207   -1.583587524
    0.417150000   -1.573980856   -1.550772723
    0.440325000   -1.538031554   -1.516753199
    0.463500000   -1.500892954   -1.481631733
    0.486675000   -1.462676557   -1.445514020
    0.509850000   -1.423499483   -1.408508200
    0.533025000   -1.383483975   -1.370724360
    0.556200000   -1.342756646   -1.332273993
    0.579375000   -1.301447498   -1.293269425
    0.602550000   -1.259688723   -1.253823212
    0.625725000   -1.217613378   -1.214047498
    0.648900000   -1.175353960   -1.174053344
    0.672075000   -1.133040962   -1.133950045
    0.695250000   -1.090801462   -1.093844425
    0.718425000   -1.048757817   -1.053840135
    0.741600000   -1.007026472   -1.014036968
    0.764775000   -0.965716959   -0.974530195
    0.787950000   -0.924931065   -0.935409950
    0.811125000   -0.884762197   -0.896760666
    0.834300000   -0.845294942   -0.858660592
    0.857475000   -0.806604783   -0.821181388
    0.880650000   -0.768757980   -0.784387815
    0.903825000   -0.731811579   -0.748337528
    0.927000000   -0.695813523   -0.713080971
    0.950175000   -0.660802866   -0.678661376
    0.973350000   -0.626810051   -0.645114859
    0.996525000   -0.593857259   -0.612470609
    1.019700000   -0.561958822   -0.580751160
    1.042875000   -0.531121688   -0.549972730
    1.066050000   -0.501345951   -0.520145618
    1.089225000   -0.472625436   -0.491274643
    1.112400000   -0.444948342   -0.463359614
    1.135575000   -0.418297932   -0.436395811
    1.158750000   -0.392653267   -0.410374483
    1.181925000   -0.367989963   -0.385283327
    1.205100000   -0.344280951   -0.361106968
    1.228275000   -0.321497223   -0.337827409
    1.251450000   -0.299608535   -0.315424468
    1.274625000   -0.278584041   -0.293876181
    1.297800000   -0.258392849   -0.273159180
    1.320975000   -0.239004470   -0.253249046
    1.344150000   -0.220389155   -0.234120619
    1.367325000   -0.202518125   -0.215748291
    1.390500000   -0.185363687   -0.198106259
    1.413675000   -0.168899260   -0.181168750
    1.436850000   -0.153099325   -0.164910210
    1.460025000   -0.137939316   -0.149305471
    1.483200000   -0.123395491   -0.134329876
    1.506375000   -0.109444782   -0.119959381
    1.529550000   -0.096064679   -0.106170631
    1.552725000   -0.083233126   -0.092941002
    1.575900000   -0.070928472   -0.080248630
    1.599075000   -0.059129461   -0.068072415
    1.622250000   -0.047815269   -0.056392009
    1.645425000   -0.036965569   -0.045187802
    1.668600000   -0.026560632   -0.034440891
    1.691775000   -0.016581427   -0.024133055
    1.714950000   -0.007009718   -0.014246721
    1.738125000    0.002171851   -0.004764944
    1.761300000    0.010979712    0.004328618
    1.784475000    0.019429352    0.013049714
    1.807650000    0.027535338    0.021413516
    1.830825000    0.035311377    0.029434625
    1.854000000    0.042770398    0.037127069
    1.877175000    0.049924659    0.044504314
    1.900350000    0.056785857    0.051579263
    1.923525000    0.063365241    0.058364267
    1.946700000    0.069673699    0.064871136
    1.969875000    0.075721834    0.071111155
    1.993050000    0.081520004    0.077095108
    2.016225000    0.087078339    0.082833305
    2.039400000    0.092406731    0.088335609
    2.062575000    0.097514804    0.093611472
    2.085750000    0.102411867    0.098669963
    2.108925000    0.107106870    0.103519802
    2.132100000    0.111608361    0.108169384
    2.155275000    0.115924454    0.112626805
    2.178450000    0.120062818    0.116899873
    2.201625000    0.124030685    0.120996126
    2.224800000    0.127834875    0.124922837
    2.247975000    0.131481844    0.128687014
    2.271150000    0.134977737    0.132295405
    2.294325000    0.138328450    0.135754492
    2.317500000    0.141539688    0.139070495
    2.340675000    0.144617017    0.142249371
    2.363850000    0.147565893    0.145296814
    2.387025000    0.150391687    0.148218267
    2.410200000    0.153099674    0.151018928
    2.433375000    0.155695023    0.153703765
    2.456550000    0.158182758    0.156277528
    2.479725000    0.160567724    0.158744765
    2.502900000    0.162854539    0.161109842
    2.526075000    0.165047564    0.163376949
    2.549250000    0.167150874    0.165550124
    2.572425000    0.169168248    0.167633251
    2.595600000    0.171103175    0.169630075
    2.618775000    0.172958878    0.171544202
    2.641950000    0.174738348    0.173379101
    2.665125000    0.176444395    0.175138102
    2.688300000    0.178079700    0.176824397
    2.711475000    0.179646861    0.178441039
    2.734650000    0.181148442    0.179990939
    2.757825000    0.182587002    0.181476869
    2.781000000    0.183965113    0.182901469
    2.804175000    0.185285359    0.184267248
    2.827350000    0.186550324    0.185576597
    2.850525000    0.187762559    0.186831799
    2.873700000    0.188924555    0.188035039
    2.896875000    0.190038697    0.189188413
    2.920050000    0.191107232    0.190293942
    2.943225000    0.192132240    0.191353580
    2.966400000    0.193115617    0.192369216
    2.989575000    0.194059075    0.193342684
    3.012750000    0.194964150    0.194275758
    3.035925000    0.195832230    0.195170154
    3.059100000    0.196664588    0.196027526
    3.082275000    0.197462424    0.196849462
    3.105450000    0.198226904    0.197637482
    3.128625000    0.198959200    0.198393032
    3.151800000    0.199660512    0.199117484
    3.174975000    0.200332089    0.199812136
    3.198150000    0.200975229    0.200478216
    3.221325000    0.201591267    0.201116885
    3.244500000    0.202181554    0.201729244
    3.267675000    0.202747427    0.202316342
    3.290850000    0.203290171    0.202879183
    3.314025000    0.203810991    0.203418735
    3.337200000    0.204310980    0.203935935
    3.360375000    0.204791101    0.204431694
    3.383550000    0.205252185    0.204906901
    3.406725000    0.205694929    0.205362422
    3.429900000    0.206119922    0.205799100
    3.453075000    0.206527666    0.206217749
    3.476250000    0.206918614    0.206619154
    3.499425000    0.207293204    0.207004064
    3.522600000    0.207651891    0.207373191
    3.545775000    0.207995175    0.207727205
    3.568950000    0.208323618    0.208066732
    3.592125000    0.208637847    0.208392361
    3.615300000    0.208938551    0.208704641
    3.638475000    0.209226458    0.209004087
    3.661650000    0.209502316    0.209291188
    3.684825000    0.209766858    0.209566410
    3.708000000    0.210020771    0.209830205
    3.731175000    0.210264674    0.210083013
    3.754350000    0.210499092    0.210325271
    3.777525000    0.210724450    0.210557410
    3.800700000    0.210941071    0.210779859
    3.823875000    0.211149191    0.210993040
    3.847050000    0.211348977    0.211197369
    3.870225000    0.211540557    0.211393251
    3.893400000    0.211724047    0.211581072
    3.916575000    0.211899585    0.211761199
    3.939750000    0.212067353    0.211933974
    3.962925000    0.212227594    0.212099716
    3.986100000    0.212380621    0.212258714
    4.009275000    0.212526810    0.212411235
    4.032450000    0.212666591    0.212557522
    4.055625000    0.212800423    0.212697802
    4.078800000    0.212928768    0.212832289
    4.101975000    0.213052063    0.212961188
    4.125150000    0.213170695    0.213084702
    4.148325000    0.213284980    0.213203037
    4.171500000    0.213395148    0.213316398
    4.194675000    0.213501345    0.213424996
    4.217850000    0.213603636    0.213529045
    4.241025000    0.213702027    0.213628758
    4.264200000    0.213796481    0.213724345
    4.287375000    0.213886952    0.213816008
    4.310550000    0.213973408    0.213903940
    4.333725000    0.214055858    0.213988315
    4.356900000    0.214134368    0.214069294
    4.380075000    0.214209071    0.214147017
    4.403250000    0.214280169    0.214221608
    4.426425000    0.214347919    0.214293174
    4.449600000    0.214412621    0.214361811
    4.472775000    0.214474590    0.214427607
    4.495950000    0.214534133    0.214490646
    4.519125000    0.214591524    0.214551013
    4.542300000    0.214646982    0.214608798
    4.565475000    0.214700655    0.214664098
    4.588650000    0.214752620    0.214717016
    4.611825000    0.214802881    0.214767663
    4.635000000    0.214851383    0.214816156
    4.658175000    0.214898033    0.214862612
    4.681350000    0.214942721    0.214907148
    4.704525000    0.214985347    0.214949873
    4.727700000    0.215025843    0.214990888
    4.750875000    0.215064192    0.215030281
    4.774050000    0.215100441    0.215068126
    4.797225000    0.215134699    0.215104483
    4.820400000    0.215167135    0.215139400
    4.843575000    0.215197964    0.215172914
    4.866750000    0.215227423    0.215205055
    4.889925000    0.215255752    0.215235852
    4.913100000    0.215283169    0.215265332
    4.936275000    0.215309848    0.215293530
    4.959450000    0.215335903    0.215320486
    4.982625000    0.215361383    0.215346250
    5.005800000    0.215386269    0.215370878
    5.028975000    0.215410484    0.215394435
    5.052150000    0.215433912    0.215416990
    5.075325000    0.215456412    0.215438612
    5.098500000    0.215477848    0.215459366
    5.121675000    0.215498107    0.215479314
    5.144850000    0.215517121    0.215498506
    5.168025000    0.215534878    0.215516981
    5.191200000    0.215551428    0.215534769
    5.214375000    0.215566879    0.215551885
    5.237550000    0.215581388    0.215568339
    5.260725000    0.215595145    0.215584131
    5.283900000    0.215608348    0.215599262
    5.307075000    0.215621184    0.215613731
    5.330250000    0.215633808    0.215627544
    5.353425000    0.215646325    0.215640714
    5.376600000    0.215658780    0.215653260
    5.399775000    0.215671158    0.215665214
    5.422950000    0.215683386    0.215676613
    5.446125000    0.215695349    0.215687501
    5.469300000    0.215706905    0.215697926
    5.492475000    0.215717907    0.215707933
    5.515650000    0.215728226    0.215717566
    5.538825000    0.215737768    0.215726859
    5.562000000    0.215746490    0.215735839
    5.585175000    0.215754405    0.215744522
    5.608350000    0.215761585    0.215752913
    5.631525000    0.215768150    0.215761010
    5.654700000    0.215774259    0.215768804
    5.677875000    0.215780085    0.215776281
    5.701050000    0.215785797    0.215783431
    5.724225000    0.215791544    0.215790243
    5.747400000    0.215797429    0.215796716
    5.770575000    0.215803504    0.215802856
    5.793750000    0.215809763    0.215808677
    5.816925000    0.215816145    0.215814201
    5.840100000    0.215822542    0.215819458
    5.863275000    0.215828817    0.215824482
    5.886450000    0.215834821    0.215829307
    5.909625000    0.215840415    0.215833967
    5.932800000    0.215845487    0.215838486
    5.955975000    0.215849968    0.215842886
    5.979150000    0.215853845    0.215847176
    6.002325000    0.215857158    0.215851358
    6.025500000    0.215859998    0.215855422
    6.048675000    0.215862497    0.215859357
    6.071850000    0.215864808    0.215863142
    6.095025000    0.215867090    0.215866761
    6.118200000    0.215869484    0.215870197
    6.141375000    0.215872100    0.215873440
    6.164550000    0.215875000    0.215876487
    6.187725000    0.215878194    0.215879342
    6.210900000    0.215881636    0.215882022
    6.234075000    0.215885235    0.215884545
    6.257250000    0.215888865    0.215886940
    6.280425000    0.215892382    0.215889234
    6.303600000    0.215895647    0.215891457
    6.326775000    0.215898539    0.215893631
    6.349950000    0.215900975    0.215895775
    6.373125000    0.215902920    0.215897898
    6.396300000    0.215904391    0.215900001
    6.419475000    0.215905457    0.215902077
    6.442650000    0.215906228    0.215904112
    6.465825000    0.215906842    0.215906086
    6.489000000    0.215907447    0.215907979
    6.512175000    0.215908183    0.215909772
    6.535350000    0.215909165    0.215911450
    6.558525000    0.215910466    0.215913005
    6.581700000    0.215912110    0.215914437
    6.604875000    0.215914070    0.215915753
    6.628050000    0.215916270    0.215916969
    6.651225000    0.215918598    0.215918107
    6.674400000    0.215920917    0.215919190
    6.697575000    0.215923090    0.215920244
    6.720750000    0.215924988    0.215921290
    6.743925000    0.215926517    0.215922347
    6.767100000    0.215927624    0.215923424
    6.790275000    0.215928305    0.215924522
    6.813450000    0.215928606    0.215925636
    6.836625000    0.215928618    0.215926753
    6.859800000    0.215928462    0.215927852
    6.882975000    0.215928278    0.215928915
    6.906150000    0.215928204    0.215929920
    6.929325000    0.215928356    0.215930849
    6.952500000    0.215928821    0.215931691
    6.975675000    0.215929637    0.215932442
    6.998850000    0.215930794    0.215933104
    7.022025000    0.215932235    0.215933690
    7.045200000    0.215933862    0.215934217
    7.068375000    0.215935552    0.215934706
    7.091550000    0.215937168    0.215935181
    7.114725000    0.215938584    0.215935663
    7.137900000    0.215939694    0.215936171
    7.161075000    0.215940431    0.215936715
    7.184250000    0.215940775    0.215937300
    7.207425000    0.215940751    0.215937923
    7.230600000    0.215940434    0.215938571
    7.253775000    0.215939929    0.215939228
    7.276950000    0.215939366    0.215939874
    7.300125000    0.215938879    0.215940487
    7.323300000    0.215938589    0.215941050
    7.346475000    0.215938591    0.215941549
    7.369650000    0.215938937    0.215941974
    7.392825000    0.215939636    0.215942328
    7.416000000    0.215940647    0.215942616
    7.439175000    0.215941887    0.215942854
    7.462350000    0.215943245    0.215943060
    7.485525000    0.215944592    0.215943256
    7.508700000    0.215945798    0.215943464
    7.531875000    0.215946752    0.215943700
    7.555050000    0.215947376    0.215943979
    7.578225000    0.215947631    0.215944306
    7.601400000    0.215947525    0.215944680
    7.624575000    0.215947114    0.215945093
    7.647750000    0.215946489    0.215945528
    7.670925000    0.215945769    0.215945968
    7.694100000    0.215945082    0.215946391
    7.717275000    0.215944552    0.215946779
    7.740450000    0.215944280    0.215947114
    7.763625000    0.215944333    0.215947388
    7.786800000    0.215944734    0.215947597
    7.809975000    0.215945461    0.215947745
    7.833150000    0.215946448    0.215947844
    7.856325000    0.215947595    0.215947911
    7.879500000    0.215948782    0.215947965
    7.902675000    0.215949881    0.215948028
    7.925850000    0.215950777    0.215948118
    7.949025000    0.215951381    0.215948249
    7.972200000    0.215951641    0.215948431
    7.995375000    0.215951548    0.215948663
    8.018550000    0.215951139    0.215948941
    8.041725000    0.215950492    0.215949252
    8.064900000    0.215949713    0.215949578
    8.088075000    0.215948926    0.215949899
    8.111250000    0.215948253    0.215950196
    8.134425000    0.215947803    0.215950453
    8.157600000    0.215947653    0.215950655
    8.180775000    0.215947841    0.215950799
    8.203950000    0.215948363    0.215950885
    8.227125000    0.215949167    0.215950921
    8.250300000    0.215950169    0.215950923
    8.273475000    0.215951256    0.215950908
    8.296650000    0.215952305    0.215950897
    8.319825000    0.215953199    0.215950909
    8.343000000    0.215953838    0.215950958
    8.366175000    0.215954159    0.215951057
    8.389350000    0.215954137    0.215951208
    8.412525000    0.215953791    0.215951408
    8.435700000    0.215953184    0.215951647
    8.458875000    0.215952410    0.215951909
    8.482050000    0.215951585    0.215952176
    8.505225000    0.215950830    0.215952428
    8.528400000    0.215950257    0.215952646
    8.551575000    0.215949954    0.215952818
    8.574750000    0.215949973    0.215952935
    8.597925000    0.215950324    0.215952996
    8.621100000    0.215950975    0.215953006
    8.644275000    0.215951853    0.215952977
    8.667450000    0.215952856    0.215952927
    8.690625000    0.215953868    0.215952874
    8.713800000    0.215954769    0.215952837
    8.736975000    0.215955455    0.215952834
    8.760150000    0.215955850    0.215952876
    8.783325000    0.215955915    0.215952970
    8.806500000    0.215955654    0.215953115
    8.829675000    0.215955112    0.215953304
    8.852850000    0.215954371    0.215953522
    8.876025000    0.215953539    0.215953752
    8.899200000    0.215952733    0.215953976
    8.922375000    0.215952069    0.215954175
    8.945550000    0.215951642    0.215954334
    8.968725000    0.215951517    0.215954442
    8.991900000    0.215951719    0.215954495
    9.015075000    0.215952231    0.215954498
    9.038250000    0.215952997    0.215954458
    9.061425000    0.215953925    0.215954391
    9.084600000    0.215954904    0.215954316
    9.107775000    0.215955818    0.215954250
    9.130950000    0.215956557    0.215954212
    9.154125000    0.215957035    0.215954216
    9.177300000    0.215957199    0.215954269
    9.200475000    0.215957038    0.215954373
    9.223650000    0.215956581    0.215954524
    9.246825000    0.215955897    0.215954710
    9.270000000    0.215955084    0.215954916
    9.293175000    0.215954254    0.215955122
    9.316350000    0.215953523    0.215955311
    9.339525000    0.215952993    0.215955466
    9.362700000    0.215952741    0.215955574
    9.385875000    0.215952805    0.215955630
    9.409050000    0.215953185    0.215955633
    9.432225000    0.215953839    0.215955592
    9.455400000    0.215954687    0.215955519
    9.478575000    0.215955629    0.215955430
    9.501750000    0.215956547    0.215955344
    9.524925000    0.215957331    0.215955280
    9.548100000    0.215957887    0.215955252
    9.571275000    0.215958149    0.215955271
    9.594450000    0.215958091    0.215955341
    9.617625000    0.215957728    0.215955459
    9.640800000    0.215957113    0.215955617
    9.663975000    0.215956333    0.215955801
    9.687150000    0.215955495    0.215955992
    9.710325000    0.215954715    0.215956173
    9.733500000    0.215954098    0.215956326
    9.756675000    0.215953732    0.215956438
    9.779850000    0.215953668    0.215956499
    9.803025000    0.215953921    0.215956507
    9.826200000    0.215954463    0.215956468
    9.849375000    0.215955229    0.215956391
    9.872550000    0.215956125    0.215956292
    9.895725000    0.215957040    0.215956189
    9.918900000    0.215957861    0.215956099
    9.942075000    0.215958487    0.215956040
    9.965250000    0.215958842    0.215956022
    9.988425000    0.215958884    0.215956053
   10.011600000    0.215958613    0.215956133
   10.034775000    0.215958068    0.215956255
   10.057950000    0.215957323    0.215956407
   10.081125000    0.215956479    0.215956573
   10.104300000    0.215955648    0.215956735
   10.127475000    0.215954941    0.215956874
   10.150650000    0.215954451    0.215956977
   10.173825000    0.215954244    0.215957033
   10.197000000    0.215954349    0.215957036
   10.220175000    0.215954754    0.215956990
   10.243350000    0.215955409    0.215956903
   10.266525000    0.215956230    0.215956789
   10.289700000    0.215957113    0.215956664
   10.312875000    0.215957946    0.215956547
   10.336050000    0.215958623    0.215956455
   10.359225000    0.215959058    0.215956402
   10.382400000    0.215959197    0.215956397
   10.405575000    0.215959024    0.215956441
   10.428750000    0.215958564    0.215956532
   10.451925000    0.215957878    0.215956659
   10.475100000    0.215957057    0.215956807
   10.498275000    0.215956209    0.215956959
   10.521450000    0.215955445    0.215957097
   10.544625000    0.215954866    0.215957204
   10.567800000    0.215954548    0.215957269
   10.590975000    0.215954534    0.215957284
   10.614150000    0.215954827    0.215957249
   10.637325000    0.215955389    0.215957170
   10.660500000    0.215956150    0.215957060
   10.683675000    0.215957012    0.215956932
   10.706850000    0.215957865    0.215956806
   10.730025000    0.215958600    0.215956699
   10.753200000    0.215959123    0.215956626
   10.776375000    0.215959367    0.215956598
   10.799550000    0.215959304    0.215956620
   10.822725000    0.215958942    0.215956689
   10.845900000    0.215958329    0.215956799
   10.869075000    0.215957546    0.215956935
   10.892250000    0.215956696    0.215957082
   10.915425000    0.215955890    0.215957221
   10.938600000    0.215955232    0.215957336
   10.961775000    0.215954810    0.215957413
   10.984950000    0.215954678    0.215957442
   11.008125000    0.215954854    0.215957421
   11.031300000    0.215955317    0.215957353
   11.054475000    0.215956006    0.215957249
   11.077650000    0.215956834    0.215957121
   11.100825000    0.215957694    0.215956989
   11.124000000    0.215958476    0.215956869
   11.147175000    0.215959078    0.215956778
   11.170350000    0.215959424    0.215956728
   11.193525000    0.215959470    0.215956726
   11.216700000    0.215959210    0.215956773
   11.239875000    0.215958679    0.215956864
   11.263050000    0.215957947    0.215956988
   11.286225000    0.215957107    0.215957128
   11.309400000    0.215956271    0.215957267
   11.332575000    0.215955546    0.215957388
   11.355750000    0.215955026    0.215957476
   11.378925000    0.215954780    0.215957519
   11.402100000    0.215954840    0.215957512
   11.425275000    0.215955197    0.215957456
   11.448450000    0.215955806    0.215957360
   11.471625000    0.215956589    0.215957235
   11.494800000    0.215957444    0.215957098
   11.517975000    0.215958261    0.215956967
   11.541150000    0.215958934    0.215956859
   11.564325000    0.215959376    0.215956788
   11.587500000    0.215959530    0.215956764
   11.610675000    0.215959376    0.215956788
   11.633850000    0.215958934    0.215956859
   11.657025000    0.215958261    0.215956967
   11.680200000    0.215957444    0.215957098
   11.703375000    0.215956589    0.215957235
   11.726550000    0.215955806    0.215957360
   11.749725000    0.215955197    0.215957456
   11.772900000    0.215954840    0.215957512
   11.796075000    0.215954780    0.215957519
   11.819250000    0.215955026    0.215957476
   11.842425000    0.215955546    0.215957388
   11.865600000    0.215956271    0.215957267
   11.888775000    0.215957107    0.215957128
   11.911950000    0.215957947    0.215956988
   11.935125000    0.215958679    0.215956864
   11.958300000    0.215959210    0.215956773
   11.981475000    0.215959470    0.215956726
   12.004650000    0.215959424    0.215956728
   12.027825000    0.215959078    0.215956778
   12.051000000    0.215958476    0.215956869
   12.074175000    0.215957694    0.215956989
   12.097350000    0.215956834    0.215957121
   12.120525000    0.215956006    0.215957249
   12.143700000    0.215955317    0.215957353
   12.166875000    0.215954854    0.215957421
   12.190050000    0.215954678    0.215957442
   12.213225000    0.215954810    0.215957413
   12.236400000    0.215955232    0.215957336
   12.259575000    0.215955890    0.215957221
   12.282750000    0.215956696    0.215957082
   12.305925000    0.215957546    0.215956935
   12.329100000    0.215958329    0.215956799
   12.352275000    0.215958942    0.215956689
   12.375450000    0.215959304    0.215956620
   12.398625000    0.215959367    0.215956598
   12.421800000    0.215959123    0.215956626
   12.444975000    0.215958600    0.215956699
   12.468150000    0.215957865    0.215956806
   12.491325000    0.215957012    0.215956932
   12.514500000    0.215956150    0.215957060
   12.537675000    0.215955389    0.215957170
   12.560850000    0.215954827    0.215957249
   12.584025000    0.215954534    0.215957284
   12.607200000    0.215954548    0.215957269
   12.630375000    0.215954866    0.215957204
   12.653550000    0.215955445    0.215957097
   12.676725000    0.215956209    0.215956959
   12.699900000    0.215957057    0.215956807
   12.723075000    0.215957878    0.215956659
   12.746250000    0.215958564    0.215956532
   12.769425000    0.215959024    0.215956441
   12.792600000    0.215959197    0.215956397
   12.815775000    0.215959058    0.215956402
   12.838950000    0.215958623    0.215956455
   12.862125000    0.215957946    0.215956547
   12.885300000    0.215957113    0.215956664
   12.908475000    0.215956230    0.215956789
   12.931650000    0.215955409    0.215956903
   12.954825000    0.215954754    0.215956990
   12.978000000    0.215954349    0.215957036
   13.001175000    0.215954244    0.215957033
   13.024350000    0.215954451    0.215956977
   13.047525000    0.215954941    0.215956874
   13.070700000    0.215955648    0.215956735
   13.093875000    0.215956479    0.215956573
   13.117050000    0.215957323    0.215956407
   13.140225000    0.215958068    0.215956255
   13.163400000    0.215958613    0.215956133
   13.186575000    0.215958884    0.215956053
   13.209750000    0.215958842    0.215956022
   13.232925000    0.215958487    0.215956040
   13.256100000    0.215957861    0.215956099
   13.279275000    0.215957040    0.215956189
   13.302450000    0.215956125    0.215956292
   13.325625000    0.215955229    0.215956391
   13.348800000    0.215954463    0.215956468
   13.371975000    0.215953921    0.215956507
   13.395150000    0.215953668    0.215956499
   13.418325000    0.215953732    0.215956438
   13.441500000    0.215954098    0.215956326
   13.464675000    0.215954715    0.215956173
   13.487850000    0.215955495    0.215955992
   13.511025000    0.215956333    0.215955801
   13.534200000    0.215957113    0.215955617
   13.557375000    0.215957728    0.215955459
   13.580550000    0.215958091    0.215955341
   13.603725000    0.215958149    0.215955271
   13.626900000    0.215957887    0.215955252
   13.650075000    0.215957331    0.215955280
   13.673250000    0.215956547    0.215955344
   13.696425000    0.215955629    0.215955430
   13.719600000    0.215954687    0.215955519
   13.742775000    0.215953839    0.215955592
   13.765950000    0.215953185    0.215955633
   13.789125000    0.215952805    0.215955630
   13.812300000    0.215952741    0.215955574
   13.835475000    0.215952993    0.215955466
   13.858650000    0.215953523    0.215955311
   13.881825000    0.215954254    0.215955122
   13.905000000    0.215955084    0.215954916
   13.928175000    0.215955897    0.215954710
   13.951350000    0.215956581    0.215954524
   13.974525000    0.215957038    0.215954373
   13.997700000    0.215957199    0.215954269
   14.020875000    0.215957035    0.215954216
   14.044050000    0.215956557    0.215954212
   14.067225000    0.215955818    0.215954250
   14.090400000    0.215954904    0.215954316
   14.113575000    0.215953925    0.215954391
   14.136750000    0.215952997    0.215954458
   14.159925000    0.215952231    0.215954498
   14.183100000    0.215951719    0.215954495
   14.206275000    0.215951517    0.215954442
   14.229450000    0.215951642    0.215954334
   14.252625000    0.215952069    0.215954175
   14.275800000    0.215952733    0.215953976
   14.298975000    0.215953539    0.215953752
   14.322150000    0.215954371    0.215953522
   14.345325000    0.215955112    0.215953304
   14.368500000    0.215955654    0.215953115
   14.391675000    0.215955915    0.215952970
   14.414850000    0.215955850    0.215952876
   14.438025000    0.215955455    0.215952834
   14.461200000    0.215954769    0.215952837
   14.484375000    0.215953868    0.215952874
   14.507550000    0.215952856    0.215952927
   14.530725000    0.215951853    0.215952977
   14.553900000    0.215950975    0.215953006
   14.577075000    0.215950324    0.215952996
   14.600250000    0.215949973    0.215952935
   14.623425000    0.215949954    0.215952818
   14.646600000    0.215950257    0.215952646
   14.669775000    0.215950830    0.215952428
   14.692950000    0.215951585    0.215952176
   14.716125000    0.215952410    0.215951909
   14.739300000    0.215953184    0.215951647
   14.762475000    0.215953791    0.215951408
   14.785650000    0.215954137    0.215951208
   14.808825000    0.215954159    0.215951057
   14.832000000    0.215953838    0.215950958
   14.855175000    0.215953199    0.215950909
   14.878350000    0.215952305    0.215950897
   14.901525000    0.215951256    0.215950908
   14.924700000    0.215950169    0.215950923
   14.947875000    0.215949167    0.215950921
   14.971050000    0.215948363    0.215950885
   14.994225000    0.215947841    0.215950799
   15.017400000    0.215947653    0.215950655
   15.040575000    0.215947803    0.215950453
   15.063750000    0.215948253    0.215950196
   15.086925000    0.215948926    0.215949899
   15.110100000    0.215949713    0.215949578
   15.133275000    0.215950492    0.215949252
   15.156450000    0.215951139    0.215948941
   15.179625000    0.215951548    0.215948663
   15.202800000    0.215951641    0.215948431
   15.225975000    0.215951381    0.215948249
   15.249150000    0.215950777    0.215948118
   15.272325000    0.215949881    0.215948028
   15.295500000    0.215948782    0.215947965
   15.318675000    0.215947595    0.215947911
   15.341850000    0.215946448    0.215947844
   15.365025000    0.215945461    0.215947745
   15.388200000    0.215944734    0.215947597
   15.411375000    0.215944333    0.215947388
   15.434550000    0.215944280    0.215947114
   15.457725000    0.215944552    0.215946779
   15.480900000    0.215945082    0.215946391
   15.504075000    0.215945769    0.215945968
   15.527250000    0.215946489    0.215945528
   15.550425000    0.215947114    0.215945093
   15.573600000    0.215947525    0.215944680
   15.596775000    0.215947631    0.215944306
   15.619950000    0.215947376    0.215943979
   15.643125000    0.215946752    0.215943700
   15.666300000    0.215945798    0.215943464
   15.689475000    0.215944592    0.215943256
   15.712650000    0.215943245    0.215943060
   15.735825000    0.215941887    0.215942854
   15.759000000    0.215940647    0.215942616
   15.782175000    0.215939636    0.215942328
   15.805350000    0.215938937    0.215941974
   15.828525000    0.215938591    0.215941549
   15.851700000    0.215938589    0.215941050
   15.874875000    0.215938879    0.215940487
   15.898050000    0.215939366    0.215939874
   15.921225000    0.215939929    0.215939228
   15.944400000    0.215940434    0.215938571
   15.967575000    0.215940751    0.215937923
   15.990750000    0.215940775    0.215937300
   16.013925000    0.215940431    0.215936715
   16.037100000    0.215939694    0.215936171
   16.060275000    0.215938584    0.215935663
   16.083450000    0.215937168    0.215935181
   16.106625000    0.215935552    0.215934706
   16.129800000    0.215933862    0.215934217
   16.152975000    0.215932235    0.215933690
   16.176150000    0.215930794    0.215933104
   16.199325000    0.215929637    0.215932442
   16.222500000    0.215928821    0.215931691
   16.245675000    0.215928356    0.215930849
   16.268850000    0.215928204    0.215929920
   16.292025000    0.215928278    0.215928915
   16.315200000    0.215928462    0.215927852
   16.338375000    0.215928618    0.215926753
   16.361550000    0.215928606    0.215925636
   16.384725000    0.215928305    0.215924522
   16.407900000    0.215927624    0.215923424
   16.431075000    0.215926517    0.215922347
   16.454250000    0.215924988    0.215921290
   16.477425000    0.215923090    0.215920244
   16.500600000    0.215920917    0.215919190
   16.523775000    0.215918598    0.215918107
   16.546950000    0.215916270    0.215916969
   16.570125000    0.215914070    0.215915753
   16.593300000    0.215912110    0.215914437
   16.616475000    0.215910466    0.215913005
   16.639650000    0.215909165    0.215911450
   16.662825000    0.215908183    0.215909772
   16.686000000    0.215907447    0.215907979
   16.709175000    0.215906842    0.215906086
   16.732350000    0.215906228    0.215904112
   16.755525000    0.215905457    0.215902077
   16.778700000    0.215904391    0.215900001
   16.801875000    0.215902920    0.215897898
   16.825050000    0.215900975    0.215895775
   16.848225000    0.215898539    0.215893631
   16.871400000    0.215895647    0.215891457
   16.894575000    0.215892382    0.215889234
   16.917750000    0.215888865    0.215886940
   16.940925000    0.215885235    0.215884545
   16.964100000    0.215881636    0.215882022
   16.987275000    0.215878194    0.215879342
   17.010450000    0.215875000    0.215876487
   17.033625000    0.215872100    0.215873440
   17.056800000    0.215869484    0.215870197
   17.079975000    0.215867090    0.215866761
   17.103150000    0.215864808    0.215863142
   17.126325000    0.215862497    0.215859357
   17.149500000    0.215859998    0.215855422
   17.172675000    0.215857158    0.215851358
   17.195850000    0.215853845    0.215847176
   17.219025000    0.215849968    0.215842886
   17.242200000    0.215845487    0.215838486
   17.265375000    0.215840415    0.215833967
   17.288550000    0.215834821    0.215829307
   17.311725000    0.215828817    0.215824482
   17.334900000    0.215822542    0.215819458
   17.358075000    0.215816145    0.215814201
   17.381250000    0.215809763    0.215808677
   17.404425000    0.215803504    0.215802856
   17.427600000    0.215797429    0.215796716
   17.450775000    0.215791544    0.215790243
   17.473950000    0.215785797    0.215783431
   17.497125000    0.215780085    0.215776281
   17.520300000    0.215774259    0.215768804
   17.543475000    0.215768150    0.215761010
   17.566650000    0.215761585    0.215752913
   17.589825000    0.215754405    0.215744522
   17.613000000    0.215746490    0.215735839
   17.636175000    0.215737768    0.215726859
   17.659350000    0.215728226    0.215717566
   17.682525000    0.215717907    0.215707933
   17.705700000    0.215706905    0.215697926
   17.728875000    0.215695349    0.215687501
   17.752050000    0.215683386    0.215676613
   17.775225000    0.215671158    0.215665214
   17.798400000    0.215658780    0.215653260
   17.821575000    0.215646325    0.215640714
   17.844750000    0.215633808    0.215627544
   17.867925000    0.215621184    0.215613731
   17.891100000    0.215608348    0.215599262
   17.914275000    0.215595145    0.215584131
   17.937450000    0.215581388    0.215568339
   17.960625000    0.215566879    0.215551885
   17.983800000    0.215551428    0.215534769
   18.006975000    0.215534878    0.215516981
   18.030150000    0.215517121    0.215498506
   18.053325000    0.215498107    0.215479314
   18.076500000    0.215477848    0.215459366
   18.099675000    0.215456412    0.215438612
   18.122850000    0.215433912    0.215416990
   18.146025000    0.215410484    0.215394435
   18.169200000    0.215386269    0.215370878
   18.192375000    0.215361383    0.215346250
   18.215550000    0.215335903    0.215320486
   18.238725000    0.215309848    0.215293530
   18.261900000    0.215283169    0.215265332
   18.285075000    0.215255752    0.215235852
   18.308250000    0.215227423    0.215205055
   18.331425000    0.215197964    0.215172914
   18.354600000    0.215167135    0.215139400
   18.377775000    0.215134699    0.215104483
   18.400950000    0.215100441    0.215068126
   18.424125000    0.215064192    0.215030281
   18.447300000    0.215025843    0.214990888
   18.470475000    0.214985347    0.214949873
   18.493650000    0.214942721    0.214907148
   18.516825000    0.214898033    0.214862612
   18.540000000    0.214851383    0.214816156
   18.563175000    0.214802881    0.214767663
   18.586350000    0.214752620    0.214717016
   18.609525000    0.214700655    0.214664098
   18.632700000    0.214646982    0.214608798
   18.655875000    0.214591524    0.214551013
   18.679050000    0.214534133    0.214490646
   18.702225000    0.214474590    0.214427607
   18.725400000    0.214412621    0.214361811
   18.748575000    0.214347919    0.214293174
   18.771750000    0.214280169    0.214221608
   18.794925000    0.214209071    0.214147017
   18.818100000    0.214134368    0.214069294
   18.841275000    0.214055858    0.213988315
   18.864450000    0.213973408    0.213903940
   18.887625000    0.213886952    0.213816008
   18.910800000    0.213796481    0.213724345
   18.933975000    0.213702027    0.213628758
   18.957150000    0.213603636    0.213529045
   18.980325000    0.213501345    0.213424996
   19.003500000    0.213395148    0.213316398
   19.026675000    0.213284980    0.213203037
   19.049850000    0.213170695    0.213084702
   19.073025000    0.213052063    0.212961188
   19.096200000    0.212928768    0.212832289
   19.119375000    0.212800423    0.212697802
   19.142550000    0.212666591    0.212557522
   19.165725000    0.212526810    0.212411235
   19.188900000    0.212380621    0.212258714
   19.212075000    0.212227594    0.212099716
   19.235250000    0.212067353    0.211933974
   19.258425000    0.211899585    0.211761199
   19.281600000    0.211724047    0.211581072
   19.304775000    0.211540557    0.211393251
   19.327950000    0.211348977    0.211197369
   19.351125000    0.211149191    0.210993040
   19.374300000    0.210941071    0.210779859
   19.397475000    0.210724450    0.210557410
   19.420650000    0.210499092    0.210325271
   19.443825000    0.210264674    0.210083013
   19.467000000    0.210020771    0.209830205
   19.490175000    0.209766858    0.209566410
   19.513350000    0.209502316    0.209291188
   19.536525000    0.209226458    0.209004087
   19.559700000    0.208938551    0.208704641
   19.582875000    0.208637847    0.208392361
   19.606050000    0.208323618    0.208066732
   19.629225000    0.207995175    0.207727205
   19.652400000    0.207651891    0.207373191
   19.675575000    0.207293204    0.207004064
   19.698750000    0.206918614    0.206619154
   19.721925000    0.206527666    0.206217749
   19.745100000    0.206119922    0.205799100
   19.768275000    0.205694929    0.205362422
   19.791450000    0.205252185    0.204906901
   19.814625000    0.204791101    0.204431694
   19.837800000    0.204310980    0.203935935
   19.860975000    0.203810991    0.203418735
   19.884150000    0.203290171    0.202879183
   19.907325000    0.202747427    0.202316342
   19.930500000    0.202181554    0.201729244
   19.953675000    0.201591267    0.201116885
   19.976850000    0.200975229    0.200478216
   20.000025000    0.200332089    0.199812136
   20.023200000    0.199660512    0.199117484
   20.046375000    0.198959200    0.198393032
   20.069550000    0.198226904    0.197637482
   20.092725000    0.197462424    0.196849462
   20.115900000    0.196664588    0.196027526
   20.139075000    0.195832230    0.195170154
   20.162250000    0.194964150    0.194275758
   20.185425000    0.194059075    0.193342684
   20.208600000    0.193115617    0.192369216
   20.231775000    0.192132240    0.191353580
   20.254950000    0.191107232    0.190293942
   20.278125000    0.190038697    0.189188413
   20.301300000    0.188924555    0.188035039
   20.324475000    0.187762559    0.186831799
   20.347650000    0.186550324    0.185576597
   20.370825000    0.185285359    0.184267248
   20.394000000    0.183965113    0.182901469
   20.417175000    0.182587002    0.181476869
   20.440350000    0.181148442    0.179990939
   20.463525000    0.179646861    0.178441039
   20.486700000    0.178079700    0.176824397
   20.509875000    0.176444395    0.175138102
   20.533050000    0.174738348    0.173379101
   20.556225000    0.172958878    0.171544202
   20.579400000    0.171103175    0.169630075
   20.602575000    0.169168248    0.167633251
   20.625750000    0.167150874    0.165550124
   20.648925000    0.165047564    0.163376949
   20.672100000    0.162854539    0.161109842
   20.695275000    0.160567724    0.158744765
   20.718450000    0.158182758    0.156277528
   20.741625000    0.155695023    0.153703765
   20.764800000    0.153099674    0.151018928
   20.787975000    0.150391687    0.148218267
   20.811150000    0.147565893    0.145296814
   20.834325000    0.144617017    0.142249371
   20.857500000    0.141539688    0.139070495
   20.880675000    0.138328450    0.135754492
   20.903850000    0.134977737    0.132295405
   20.927025000    0.131481844    0.128687014
   20.950200000    0.127834875    0.124922837
   20.973375000    0.124030685    0.120996126
   20.996550000    0.120062818    0.116899873
   21.019725000    0.115924454    0.112626805
   21.042900000    0.111608361    0.108169384
   21.066075000    0.107106870    0.103519802
   21.089250000    0.102411867    0.098669963
   21.112425000    0.097514804    0.093611472
   21.135600000    0.092406731    0.088335609
   21.158775000    0.087078339    0.082833305
   21.181950000    0.081520004    0.077095108
   21.205125000    0.075721834    0.071111155
   21.228300000    0.069673699    0.064871136
   21.251475000    0.063365241    0.058364267
   21.274650000    0.056785857    0.051579263
   21.297825000    0.049924659    0.044504314
   21.321000000    0.042770398    0.037127069
   21.344175000    0.035311377    0.029434625
   21.367350000    0.027535338    0.021413516
   21.390525000    0.019429352    0.013049714
   21.413700000    0.010979712    0.004328618
   21.436875000    0.002171851   -0.004764944
   21.460050000   -0.007009718   -0.014246721
   21.483225000   -0.016581427   -0.024133055
   21.506400000   -0.026560632   -0.034440891
   21.529575000   -0.036965569   -0.045187802
   21.552750000   -0.047815269   -0.056392009
   21.575925000   -0.059129461   -0.068072415
   21.599100000   -0.070928472   -0.080248630
   21.622275000   -0.083233126   -0.092941002
   21.645450000   -0.096064679   -0.106170631
   21.668625000   -0.109444782   -0.119959381
   21.691800000   -0.123395491   -0.134329876
   21.714975000   -0.137939316   -0.149305471
   21.738150000   -0.153099325   -0.164910210
   21.761325000   -0.168899260   -0.181168750
   21.784500000   -0.185363687   -0.198106259
   21.807675000   -0.202518125   -0.215748291
   21.830850000   -0.220389155   -0.234120619
   21.854025000   -0.239004470   -0.253249046
   21.877200000   -0.258392849   -0.273159180
   21.900375000   -0.278584041   -0.293876181
   21.923550000   -0.299608535   -0.315424468
   21.946725000   -0.321497223   -0.337827409
   21.969900000   -0.344280951   -0.361106968
   21.993075000   -0.367989963   -0.385283327
   22.016250000   -0.392653267   -0.410374483
   22.039425000   -0.418297932   -0.436395811
   22.062600000   -0.444948342   -0.463359614
   22.085775000   -0.472625436   -0.491274643
   22.108950000   -0.501345951   -0.520145618
   22.132125000   -0.531121688   -0.549972730
   22.155300000   -0.561958822   -0.580751160
   22.178475000   -0.593857259   -0.612470609
   22.201650000   -0.626810051   -0.645114859
   22.224825000   -0.660802866   -0.678661376
   22.248000000   -0.695813523   -0.713080971
   22.271175000   -0.731811579   -0.748337528
   22.294350000   -0.768757980   -0.784387815
   22.317525000   -0.806604783   -0.821181388
   22.340700000   -0.845294942   -0.858660592
   22.363875000   -0.884762197   -0.896760666
   22.387050000   -0.924931065   -0.935409950
   22.410225000   -0.965716959   -0.974530195
   22.433400000   -1.007026472   -1.014036968
   22.456575000   -1.048757817   -1.053840135
   22.479750000   -1.090801462   -1.093844425
   22.502925000   -1.133040962   -1.133950045
   22.526100000   -1.175353960   -1.174053344
   22.549275000   -1.217613378   -1.214047498
   22.572450000   -1.259688723   -1.253823212
   22.595625000   -1.301447498   -1.293269425
   22.618800000   -1.342756646   -1.332273993
   22.641975000   -1.383483975   -1.370724360
   22.665150000   -1.423499483   -1.408508200
   22.688325000   -1.462676557   -1.445514020
   22.711500000   -1.500892954   -1.481631733
   22.734675000   -1.538031554   -1.516753199
   22.757850000   -1.573980856   -1.550772723
   22.781025000   -1.608635207   -1.583587524
   22.804200000   -1.641894790   -1.615098171
   22.827375000   -1.673665408   -1.645208993
   22.850550000   -1.703858120   -1.673828452
   22.873725000   -1.732388785   -1.700869493
   22.896900000   -1.759177596   -1.726249868
   22.920075000   -1.784148679   -1.749892427
   22.943250000   -1.807229799   -1.771725379
   22.966425000   -1.828352254   -1.791682534
   22.989600000   -1.847450963   -1.809703501
   23.012775000   -1.864464774   -1.825733866
   23.035950000   -1.879336978   -1.839725338
   23.059125000   -1.892015985   -1.851635871
   23.082300000   -1.902456127   -1.861429755
   23.105475000   -1.910618513   -1.869077691
   23.128650000   -1.916471853   -1.874556842
   23.151825000   -1.919993208   -1.877850874
