    0.000000000   -2.001912302   -1.960627802
    0.037080000   -1.998905414   -1.957811478
    0.074160000   -1.989915339   -1.949384047
    0.111240000   -1.975031805   -1.935410033
    0.148320000   -1.954398019   -1.915996634
    0.185400000   -1.928202666   -1.891293162
    0.222480000   -1.896671319   -1.861490170
    0.259560000   -1.860059110   -1.826818211
    0.296640000   -1.818646063   -1.787546180
    0.333720000   -1.772735834   -1.743979215
    0.370800000   -1.722657618   -1.696456136
    0.407880000   -1.668770204   -1.645346429
    0.444960000   -1.611466517   -1.591046761
    0.482040000   -1.551176832   -1.533977007
    0.519120000   -1.488369015   -1.474575741
    0.556200000   -1.423544793   -1.413295158
    0.593280000   -1.357231776   -1.350595366
    0.630360000   -1.289971829   -1.286938069
    0.667440000   -1.222306988   -1.222779686
    0.704520000   -1.154764512   -1.158564083
    0.741600000   -1.087842656   -1.094715154
    0.778680000   -1.021998481   -1.031629604
    0.815760000   -0.957638543   -0.969670317
    0.852840000   -0.895112751   -0.909160713
    0.889920000   -0.834711223   -0.850380453
    0.927000000   -0.776663674   -0.793562738
    0.964080000   -0.721140760   -0.738893331
    1.001160000   -0.668256871   -0.686511273
    1.038240000   -0.618074058   -0.636511131
    1.075320000   -0.570606926   -0.588946499
    1.112400000   -0.525828451   -0.543834396
    1.149480000   -0.483676691   -0.501160232
    1.186560000   -0.444062213   -0.460882968
    1.223640000   -0.406875901   -0.422940219
    1.260720000   -0.371996647   -0.387253087
    1.297800000   -0.339298315   -0.353730579
    1.334880000   -0.308655419   -0.322273550
    1.371960000   -0.279947091   -0.292778116
    1.409040000   -0.253059239   -0.265138548
    1.446120000   -0.227885030   -0.239249613
    1.483200000   -0.204324154   -0.215008403
    1.520280000   -0.182281456   -0.192315644
    1.557360000   -0.161665537   -0.171076537
    1.594440000   -0.142387816   -0.151201182
    1.631520000   -0.124362301   -0.132604671
    1.668600000   -0.107506059   -0.115206948
    1.705680000   -0.091740169   -0.098932546
    1.742760000   -0.076990781   -0.083710292
    1.779840000   -0.063189928   -0.069473052
    1.816920000   -0.050275807   -0.056157552
    1.854000000   -0.038192445   -0.043704280
    1.891080000   -0.026888838   -0.032057426
    1.928160000   -0.016317804   -0.021164839
    1.965240000   -0.006434853   -0.010977929
    2.002320000    0.002802665   -0.001451505
    2.039400000    0.011435957    0.007456475
    2.076480000    0.019504731    0.015785204
    2.113560000    0.027046798    0.023571360
    2.150640000    0.034097570    0.030849409
    2.187720000    0.040689655    0.037651860
    2.224800000    0.046852738    0.044009421
    2.261880000    0.052613810    0.049951087
    2.298960000    0.057997671    0.055504158
    2.336040000    0.063027574    0.060694229
    2.373120000    0.067725807    0.065545188
    2.410200000    0.072114051    0.070079261
    2.447280000    0.076213442    0.074317097
    2.484360000    0.080044331    0.078277904
    2.521440000    0.083625882    0.081979611
    2.558520000    0.086975641    0.085439022
    2.595600000    0.090109268    0.088671945
    2.632680000    0.093040520    0.091693274
    2.669760000    0.095781521    0.094517017
    2.706840000    0.098343231    0.097156301
    2.743920000    0.100735998    0.099623357
    2.781000000    0.102970016    0.101929521
    2.818080000    0.105055582    0.104085265
    2.855160000    0.107003077    0.106100268
    2.892240000    0.108822710    0.107983516
    2.929320000    0.110524135    0.109743414
    2.966400000    0.112116059    0.111387891
    3.003480000    0.113606010    0.112924470
    3.040560000    0.115000312    0.114360306
    3.077640000    0.116304309    0.115702177
    3.114720000    0.117522746    0.116956449
    3.151800000    0.118660199    0.118129044
    3.188880000    0.119721427    0.119225412
    3.225960000    0.120711530    0.120250538
    3.263040000    0.121635887    0.121208982
    3.300120000    0.122499894    0.122104950
    3.337200000    0.123308617    0.122942368
    3.374280000    0.124066448    0.123724961
    3.411360000    0.124776918    0.124456291
    3.448440000    0.125442694    0.125139782
    3.485520000    0.126065788    0.125778694
    3.522600000    0.126647892    0.126376091
    3.559680000    0.127190751    0.126934799
    3.596760000    0.127696444    0.127457382
    3.633840000    0.128167499    0.127946146
    3.670920000    0.128606809    0.128403167
    3.708000000    0.129017387    0.128830349
    3.745080000    0.129402043    0.129229481
    3.782160000    0.129763094    0.129602299
    3.819240000    0.130102201    0.129950508
    3.856320000    0.130420380    0.130275793
    3.893400000    0.130718195    0.130579786
    3.930480000    0.130996051    0.130864029
    3.967560000    0.131254510    0.131129931
    4.004640000    0.131494518    0.131378739
    4.041720000    0.131717477    0.131611538
    4.078800000    0.131925146    0.131829273
    4.115880000    0.132119408    0.132032792
    4.152960000    0.132301969    0.132222901
    4.190040000    0.132474109    0.132400400
    4.227120000    0.132636549    0.132566114
    4.264200000    0.132789481    0.132720881
    4.301280000    0.132932751    0.132865533
    4.338360000    0.133066133    0.133000853
    4.375440000    0.133189605    0.133127538
    4.412520000    0.133303547    0.133246175
    4.449600000    0.133408786    0.133357241
    4.486680000    0.133506491    0.133461124
    4.523760000    0.133597951    0.133558162
    4.560840000    0.133684304    0.133648689
    4.597920000    0.133766311    0.133733068
    4.635000000    0.133844254    0.133811710
    4.672080000    0.133917970    0.133885064
    4.709160000    0.133987028    0.133953593
    4.746240000    0.134050979    0.134017732
    4.783320000    0.134109601    0.134077854
    4.820400000    0.134163061    0.134134250
    4.857480000    0.134211947    0.134187123
    4.894560000    0.134257151    0.134236611
    4.931640000    0.134299657    0.134282824
    4.968720000    0.134340296    0.134325879
    5.005800000    0.134379547    0.134365934
    5.042880000    0.134417450    0.134403199
    5.079960000    0.134453657    0.134437926
    5.117040000    0.134487601    0.134470387
    5.154120000    0.134518734    0.134500833
    5.191200000    0.134546743    0.134529466
    5.228280000    0.134571693    0.134556415
    5.265360000    0.134594042    0.134581745
    5.302440000    0.134614522    0.134605469
    5.339520000    0.134633940    0.134627584
    5.376600000    0.134652951    0.134648107
    5.413680000    0.134671877    0.134667104
    5.450760000    0.134690643    0.134684691
    5.487840000    0.134708834    0.134701033
    5.524920000    0.134725854    0.134716313
    5.562000000    0.134741151    0.134730698
    5.599080000    0.134754413    0.134744311
    5.636160000    0.134765686    0.134757214
    5.673240000    0.134775378    0.134769409
    5.710320000    0.134784142    0.134780856
    5.747400000    0.134792677    0.134791508
    5.784480000    0.134801526    0.134801340
    5.821560000    0.134810913    0.134810371
    5.858640000    0.134820690    0.134818677
    5.895720000    0.134830406    0.134826372
    5.932800000    0.134839460    0.134833590
    5.969880000    0.134847312    0.134840449
    6.006960000    0.134853664    0.134847027
    6.044040000    0.134858561    0.134853344
    6.081120000    0.134862382    0.134859369
    6.118200000    0.134865723    0.134865038
    6.155280000    0.134869212    0.134870282
    6.192360000    0.134873313    0.134875059
    6.229440000    0.134878186    0.134879371
    6.266520000    0.134883649    0.134883274
    6.303600000    0.134889242    0.134886863
    6.340680000    0.134894387    0.134890248
    6.377760000    0.134898579    0.134893523
    6.414840000    0.134901553    0.134896744
    6.451920000    0.134903373    0.134899915
    6.489000000    0.134904407    0.134902991
    6.526080000    0.134905219    0.134905899
    6.563160000    0.134906381    0.134908565
    6.600240000    0.134908299    0.134910943
    6.637320000    0.134911086    0.134913028
    6.674400000    0.134914531    0.134914867
    6.711480000    0.134918173    0.134916542
    6.748560000    0.134921455    0.134918148
    6.785640000    0.134923905    0.134919762
    6.822720000    0.134925290    0.134921425
    6.859800000    0.134925688    0.134923130
    6.896880000    0.134925464    0.134924823
    6.933960000    0.134925151    0.134926428
    6.971040000    0.134925278    0.134927872
    7.008120000    0.134926204    0.134929106
    7.045200000    0.134928005    0.134930129
    7.082280000    0.134930454    0.134930982
    7.119360000    0.134933096    0.134931743
    7.156440000    0.134935403    0.134932496
    7.193520000    0.134936939    0.134933311
    7.230600000    0.134937505    0.134934221
    7.267680000    0.134937199    0.134935212
    7.304760000    0.134936385    0.134936228
    7.341840000    0.134935573    0.134937196
    7.378920000    0.134935256    0.134938041
    7.416000000    0.134935753    0.134938722
    7.453080000    0.134937108    0.134939236
    7.490160000    0.134939079    0.134939625
    7.527240000    0.134941220    0.134939960
    7.564320000    0.134943025    0.134940321
    7.601400000    0.134944093    0.134940769
    7.638480000    0.134944252    0.134941330
    7.675560000    0.134943621    0.134941983
    7.712640000    0.134942559    0.134942675
    7.749720000    0.134941557    0.134943330
    7.786800000    0.134941076    0.134943880
    7.823880000    0.134941398    0.134944286
    7.860960000    0.134942541    0.134944547
    7.898040000    0.134944254    0.134944707
    7.935120000    0.134946099    0.134944833
    7.972200000    0.134947596    0.134945001
    8.009280000    0.134948375    0.134945267
    8.046360000    0.134948296    0.134945650
    8.083440000    0.134947492    0.134946130
    8.120520000    0.134946324    0.134946650
    8.157600000    0.134945264    0.134947139
    8.194680000    0.134944742    0.134947533
    8.231760000    0.134945010    0.134947794
    8.268840000    0.134946062    0.134947928
    8.305920000    0.134947636    0.134947976
    8.343000000    0.134949306    0.134948004
    8.380080000    0.134950611    0.134948084
    8.417160000    0.134951213    0.134948265
    8.454240000    0.134950997    0.134948564
    8.491320000    0.134950111    0.134948957
    8.528400000    0.134948915    0.134949387
    8.565480000    0.134947862    0.134949785
    8.602560000    0.134947357    0.134950090
    8.639640000    0.134947622    0.134950271
    8.676720000    0.134948630    0.134950334
    8.713800000    0.134950114    0.134950322
    8.750880000    0.134951653    0.134950299
    8.787960000    0.134952812    0.134950332
    8.825040000    0.134953279    0.134950469
    8.862120000    0.134952964    0.134950721
    8.899200000    0.134952030    0.134951061
    8.936280000    0.134950833    0.134951435
    8.973360000    0.134949814    0.134951776
    9.010440000    0.134949350    0.134952026
    9.047520000    0.134949638    0.134952157
    9.084600000    0.134950629    0.134952179
    9.121680000    0.134952052    0.134952134
    9.158760000    0.134953494    0.134952087
    9.195840000    0.134954540    0.134952099
    9.232920000    0.134954904    0.134952215
    9.270000000    0.134954520    0.134952442
    9.307080000    0.134953561    0.134952752
    9.344160000    0.134952383    0.134953091
    9.381240000    0.134951411    0.134953393
    9.418320000    0.134950998    0.134953605
    9.455400000    0.134951316    0.134953702
    9.492480000    0.134952301    0.134953696
    9.529560000    0.134953672    0.134953631
    9.566640000    0.134955029    0.134953570
    9.603720000    0.134955975    0.134953571
    9.640800000    0.134956249    0.134953674
    9.677880000    0.134955806    0.134953885
    9.714960000    0.134954830    0.134954173
    9.752040000    0.134953678    0.134954484
    9.789120000    0.134952757    0.134954754
    9.826200000    0.134952400    0.134954933
    9.863280000    0.134952753    0.134955000
    9.900360000    0.134953736    0.134954969
    9.937440000    0.134955063    0.134954882
    9.974520000    0.134956338    0.134954800
   10.011600000    0.134957185    0.134954782
   10.048680000    0.134957363    0.134954861
   10.085760000    0.134956847    0.134955042
   10.122840000    0.134955834    0.134955293
   10.159920000    0.134954677    0.134955559
   10.197000000    0.134953774    0.134955782
   10.234080000    0.134953436    0.134955915
   10.271160000    0.134953792    0.134955939
   10.308240000    0.134954747    0.134955872
   10.345320000    0.134956012    0.134955758
   10.382400000    0.134957203    0.134955657
   10.419480000    0.134957959    0.134955624
   10.456560000    0.134958062    0.134955690
   10.493640000    0.134957503    0.134955857
   10.530720000    0.134956488    0.134956091
   10.567800000    0.134955367    0.134956339
   10.604880000    0.134954521    0.134956542
   10.641960000    0.134954242    0.134956657
   10.679040000    0.134954639    0.134956668
   10.716120000    0.134955600    0.134956593
   10.753200000    0.134956836    0.134956478
   10.790280000    0.134957969    0.134956380
   10.827360000    0.134958655    0.134956351
   10.864440000    0.134958697    0.134956421
   10.901520000    0.134958105    0.134956586
   10.938600000    0.134957092    0.134956814
   10.975680000    0.134956006    0.134957050
   11.012760000    0.134955215    0.134957240
   11.049840000    0.134954992    0.134957340
   11.086920000    0.134955425    0.134957341
   11.124000000    0.134956392    0.134957260
   11.161080000    0.134957598    0.134957144
   11.198160000    0.134958675    0.134957048
   11.235240000    0.134959295    0.134957024
   11.272320000    0.134959280    0.134957096
   11.309400000    0.134958657    0.134957260
   11.346480000    0.134957647    0.134957482
   11.383560000    0.134956594    0.134957707
   11.420640000    0.134955856    0.134957883
   11.457720000    0.134955686    0.134957971
   11.494800000    0.134956154    0.134957961
   11.531880000    0.134957125    0.134957875
   11.568960000    0.134958303    0.134957758
   11.606040000    0.134959326    0.134957666
   11.643120000    0.134959884    0.134957646
   11.680200000    0.134959816    0.134957721
   11.717280000    0.134959165    0.134957884
   11.754360000    0.134958159    0.134958100
   11.791440000    0.134957140    0.134958316
   11.828520000    0.134956452    0.134958479
   11.865600000    0.134956333    0.134958555
   11.902680000    0.134956833    0.134958535
   11.939760000    0.134957808    0.134958444
   11.976840000    0.134958958    0.134958327
   12.013920000    0.134959929    0.134958238
   12.051000000    0.134960426    0.134958222
   12.088080000    0.134960308    0.134958300
   12.125160000    0.134959631    0.134958462
   12.162240000    0.134958630    0.134958673
   12.199320000    0.134957644    0.134958878
   12.236400000    0.134957005    0.134959030
   12.273480000    0.134956933    0.134959094
   12.310560000    0.134957465    0.134959065
   12.347640000    0.134958442    0.134958970
   12.384720000    0.134959564    0.134958852
   12.421800000    0.134960485    0.134958767
   12.458880000    0.134960925    0.134958755
   12.495960000    0.134960759    0.134958836
   12.533040000    0.134960058    0.134958997
   12.570120000    0.134959062    0.134959202
   12.607200000    0.134958109    0.134959398
   12.644280000    0.134957518    0.134959538
   12.681360000    0.134957492    0.134959591
   12.718440000    0.134958052    0.134959554
   12.755520000    0.134959031    0.134959454
   12.792600000    0.134960126    0.134959337
   12.829680000    0.134960998    0.134959255
   12.866760000    0.134961383    0.134959247
   12.903840000    0.134961171    0.134959330
   12.940920000    0.134960447    0.134959490
   12.978000000    0.134959458    0.134959690
   13.015080000    0.134958536    0.134959877
   13.052160000    0.134957991    0.134960006
   13.089240000    0.134958010    0.134960048
   13.126320000    0.134958597    0.134960003
   13.163400000    0.134959577    0.134959899
   13.200480000    0.134960644    0.134959782
   13.237560000    0.134961469    0.134959703
   13.274640000    0.134961800    0.134959699
   13.311720000    0.134961545    0.134959785
   13.348800000    0.134960800    0.134959944
   13.385880000    0.134959818    0.134960138
   13.422960000    0.134958927    0.134960317
   13.460040000    0.134958427    0.134960435
   13.497120000    0.134958488    0.134960467
   13.534200000    0.134959102    0.134960415
   13.571280000    0.134960081    0.134960307
   13.608360000    0.134961121    0.134960190
   13.645440000    0.134961900    0.134960114
   13.682520000    0.134962179    0.134960114
   13.719600000    0.134961882    0.134960202
   13.756680000    0.134961117    0.134960360
   13.793760000    0.134960143    0.134960549
   13.830840000    0.134959284    0.134960719
   13.867920000    0.134958827    0.134960827
   13.905000000    0.134958930    0.134960849
   13.942080000    0.134959568    0.134960789
   13.979160000    0.134960546    0.134960677
   14.016240000    0.134961559    0.134960561
   14.053320000    0.134962293    0.134960488
   14.090400000    0.134962522    0.134960492
   14.127480000    0.134962184    0.134960582
   14.164560000    0.134961401    0.134960739
   14.201640000    0.134960434    0.134960923
   14.238720000    0.134959606    0.134961084
   14.275800000    0.134959192    0.134961182
   14.312880000    0.134959334    0.134961194
   14.349960000    0.134959996    0.134961127
   14.387040000    0.134960972    0.134961012
   14.424120000    0.134961958    0.134960896
   14.461200000    0.134962647    0.134960826
   14.498280000    0.134962827    0.134960834
   14.535360000    0.134962451    0.134960926
   14.572440000    0.134961650    0.134961082
   14.609520000    0.134960692    0.134961260
   14.646600000    0.134959895    0.134961414
   14.683680000    0.134959522    0.134961501
   14.720760000    0.134959703    0.134961504
   14.757840000    0.134960387    0.134961430
   14.794920000    0.134961361    0.134961312
   14.832000000    0.134962320    0.134961197
   14.869080000    0.134962965    0.134961130
   14.906160000    0.134963097    0.134961141
   14.943240000    0.134962683    0.134961235
   14.980320000    0.134961866    0.134961389
   15.017400000    0.134960918    0.134961563
   15.054480000    0.134960151    0.134961708
   15.091560000    0.134959820    0.134961786
   15.128640000    0.134960038    0.134961780
   15.165720000    0.134960743    0.134961699
   15.202800000    0.134961714    0.134961578
   15.239880000    0.134962646    0.134961464
   15.276960000    0.134963247    0.134961399
   15.314040000    0.134963332    0.134961414
   15.351120000    0.134962883    0.134961510
   15.388200000    0.134962050    0.134961663
   15.425280000    0.134961111    0.134961832
   15.462360000    0.134960374    0.134961969
   15.499440000    0.134960084    0.134962037
   15.536520000    0.134960339    0.134962022
   15.573600000    0.134961064    0.134961935
   15.610680000    0.134962031    0.134961811
   15.647760000    0.134962936    0.134961697
   15.684840000    0.134963494    0.134961636
   15.721920000    0.134963534    0.134961654
   15.759000000    0.134963049    0.134961751
   15.796080000    0.134962202    0.134961903
   15.833160000    0.134961273    0.134962067
   15.870240000    0.134960567    0.134962196
   15.907320000    0.134960316    0.134962254
   15.944400000    0.134960607    0.134962230
   15.981480000    0.134961351    0.134962137
   16.018560000    0.134962314    0.134962011
   16.055640000    0.134963191    0.134961897
   16.092720000    0.134963707    0.134961839
   16.129800000    0.134963702    0.134961860
   16.166880000    0.134963183    0.134961960
   16.203960000    0.134962323    0.134962110
   16.241040000    0.134961404    0.134962269
   16.278120000    0.134960728    0.134962390
   16.315200000    0.134960517    0.134962439
   16.352280000    0.134960843    0.134962407
   16.389360000    0.134961605    0.134962308
   16.426440000    0.134962563    0.134962179
   16.463520000    0.134963413    0.134962066
   16.500600000    0.134963887    0.134962011
   16.537680000    0.134963837    0.134962035
   16.574760000    0.134963284    0.134962136
   16.611840000    0.134962412    0.134962285
   16.648920000    0.134961505    0.134962438
   16.686000000    0.134960860    0.134962552
   16.723080000    0.134960687    0.134962592
   16.760160000    0.134961047    0.134962551
   16.797240000    0.134961826    0.134962446
   16.834320000    0.134962779    0.134962314
   16.871400000    0.134963601    0.134962203
   16.908480000    0.134964033    0.134962151
   16.945560000    0.134963939    0.134962178
   16.982640000    0.134963354    0.134962281
   17.019720000    0.134962470    0.134962428
   17.056800000    0.134961575    0.134962576
   17.093880000    0.134960960    0.134962682
   17.130960000    0.134960826    0.134962713
   17.168040000    0.134961220    0.134962664
   17.205120000    0.134962016    0.134962553
   17.242200000    0.134962962    0.134962419
   17.279280000    0.134963756    0.134962308
   17.316360000    0.134964146    0.134962259
   17.353440000    0.134964010    0.134962290
   17.390520000    0.134963393    0.134962394
   17.427600000    0.134962498    0.134962539
   17.464680000    0.134961615    0.134962683
   17.501760000    0.134961031    0.134962780
   17.538840000    0.134960936    0.134962803
   17.575920000    0.134961362    0.134962745
   17.613000000    0.134962174    0.134962629
   17.650080000    0.134963113    0.134962493
   17.687160000    0.134963879    0.134962383
   17.724240000    0.134964228    0.134962337
   17.761320000    0.134964048    0.134962371
   17.798400000    0.134963401    0.134962476
   17.835480000    0.134962495    0.134962620
   17.872560000    0.134961625    0.134962758
   17.909640000    0.134961072    0.134962848
   17.946720000    0.134961015    0.134962861
   17.983800000    0.134961474    0.134962796
   18.020880000    0.134962301    0.134962674
   18.057960000    0.134963233    0.134962536
   18.095040000    0.134963970    0.134962427
   18.132120000    0.134964276    0.134962384
   18.169200000    0.134964055    0.134962421
   18.206280000    0.134963377    0.134962528
   18.243360000    0.134962462    0.134962670
   18.280440000    0.134961606    0.134962803
   18.317520000    0.134961084    0.134962885
   18.354600000    0.134961066    0.134962889
   18.391680000    0.134961556    0.134962816
   18.428760000    0.134962399    0.134962688
   18.465840000    0.134963323    0.134962548
   18.502920000    0.134964030    0.134962441
   18.540000000    0.134964295    0.134962401
   18.577080000    0.134964030    0.134962441
   18.614160000    0.134963323    0.134962548
   18.651240000    0.134962399    0.134962688
   18.688320000    0.134961556    0.134962816
   18.725400000    0.134961066    0.134962889
   18.762480000    0.134961084    0.134962885
   18.799560000    0.134961606    0.134962803
   18.836640000    0.134962462    0.134962670
   18.873720000    0.134963377    0.134962528
   18.910800000    0.134964055    0.134962421
   18.947880000    0.134964276    0.134962384
   18.984960000    0.134963970    0.134962427
   19.022040000    0.134963233    0.134962536
   19.059120000    0.134962301    0.134962674
   19.096200000    0.134961474    0.134962796
   19.133280000    0.134961015    0.134962861
   19.170360000    0.134961072    0.134962848
   19.207440000    0.134961625    0.134962758
   19.244520000    0.134962495    0.134962620
   19.281600000    0.134963401    0.134962476
   19.318680000    0.134964048    0.134962371
   19.355760000    0.134964228    0.134962337
   19.392840000    0.134963879    0.134962383
   19.429920000    0.134963113    0.134962493
   19.467000000    0.134962174    0.134962629
   19.504080000    0.134961362    0.134962745
   19.541160000    0.134960936    0.134962803
   19.578240000    0.134961031    0.134962780
   19.615320000    0.134961615    0.134962683
   19.652400000    0.134962498    0.134962539
   19.689480000    0.134963393    0.134962394
   19.726560000    0.134964010    0.134962290
   19.763640000    0.134964146    0.134962259
   19.800720000    0.134963756    0.134962308
   19.837800000    0.134962962    0.134962419
   19.874880000    0.134962016    0.134962553
   19.911960000    0.134961220    0.134962664
   19.949040000    0.134960826    0.134962713
   19.986120000    0.134960960    0.134962682
   20.023200000    0.134961575    0.134962576
   20.060280000    0.134962470    0.134962428
   20.097360000    0.134963354    0.134962281
   20.134440000    0.134963939    0.134962178
   20.171520000    0.134964033    0.134962151
   20.208600000    0.134963601    0.134962203
   20.245680000    0.134962779    0.134962314
   20.282760000    0.134961826    0.134962446
   20.319840000    0.134961047    0.134962551
   20.356920000    0.134960687    0.134962592
   20.394000000    0.134960860    0.134962552
   20.431080000    0.134961505    0.134962438
   20.468160000    0.134962412    0.134962285
   20.505240000    0.134963284    0.134962136
   20.542320000    0.134963837    0.134962035
   20.579400000    0.134963887    0.134962011
   20.616480000    0.134963413    0.134962066
   20.653560000    0.134962563    0.134962179
   20.690640000    0.134961605    0.134962308
   20.727720000    0.134960843    0.134962407
   20.764800000    0.134960517    0.134962439
   20.801880000    0.134960728    0.134962390
   20.838960000    0.134961404    0.134962269
   20.876040000    0.134962323    0.134962110
   20.913120000    0.134963183    0.134961960
   20.950200000    0.134963702    0.134961860
   20.987280000    0.134963707    0.134961839
   21.024360000    0.134963191    0.134961897
   21.061440000    0.134962314    0.134962011
   21.098520000    0.134961351    0.134962137
   21.135600000    0.134960607    0.134962230
   21.172680000    0.134960316    0.134962254
   21.209760000    0.134960567    0.134962196
   21.246840000    0.134961273    0.134962067
   21.283920000    0.134962202    0.134961903
   21.321000000    0.134963049    0.134961751
   21.358080000    0.134963534    0.134961654
   21.395160000    0.134963494    0.134961636
   21.432240000    0.134962936    0.134961697
   21.469320000    0.134962031    0.134961811
   21.506400000    0.134961064    0.134961935
   21.543480000    0.134960339    0.134962022
   21.580560000    0.134960084    0.134962037
   21.617640000    0.134960374    0.134961969
   21.654720000    0.134961111    0.134961832
   21.691800000    0.134962050    0.134961663
   21.728880000    0.134962883    0.134961510
   21.765960000    0.134963332    0.134961414
   21.803040000    0.134963247    0.134961399
   21.840120000    0.134962646    0.134961464
   21.877200000    0.134961714    0.134961578
   21.914280000    0.134960743    0.134961699
   21.951360000    0.134960038    0.134961780
   21.988440000    0.134959820    0.134961786
   22.025520000    0.134960151    0.134961708
   22.062600000    0.134960918    0.134961563
   22.099680000    0.134961866    0.134961389
   22.136760000    0.134962683    0.134961235
   22.173840000    0.134963097    0.134961141
   22.210920000    0.134962965    0.134961130
   22.248000000    0.134962320    0.134961197
   22.285080000    0.134961361    0.134961312
   22.322160000    0.134960387    0.134961430
   22.359240000    0.134959703    0.134961504
   22.396320000    0.134959522    0.134961501
   22.433400000    0.134959895    0.134961414
   22.470480000    0.134960692    0.134961260
   22.507560000    0.134961650    0.134961082
   22.544640000    0.134962451    0.134960926
   22.581720000    0.134962827    0.134960834
   22.618800000    0.134962647    0.134960826
   22.655880000    0.134961958    0.134960896
   22.692960000    0.134960972    0.134961012
   22.730040000    0.134959996    0.134961127
   22.767120000    0.134959334    0.134961194
   22.804200000    0.134959192    0.134961182
   22.841280000    0.134959606    0.134961084
   22.878360000    0.134960434    0.134960923
   22.915440000    0.134961401    0.134960739
   22.952520000    0.134962184    0.134960582
   22.989600000    0.134962522    0.134960492
   23.026680000    0.134962293    0.134960488
   23.063760000    0.134961559    0.134960561
   23.100840000    0.134960546    0.134960677
   23.137920000    0.134959568    0.134960789
   23.175000000    0.134958930    0.134960849
   23.212080000    0.134958827    0.134960827
   23.249160000    0.134959284    0.134960719
   23.286240000    0.134960143    0.134960549
   23.323320000    0.134961117    0.134960360
   23.360400000    0.134961882    0.134960202
   23.397480000    0.134962179    0.134960114
   23.434560000    0.134961900    0.134960114
   23.471640000    0.134961121    0.134960190
   23.508720000    0.134960081    0.134960307
   23.545800000    0.134959102    0.134960415
   23.582880000    0.134958488    0.134960467
   23.619960000    0.134958427    0.134960435
   23.657040000    0.134958927    0.134960317
   23.694120000    0.134959818    0.134960138
   23.731200000    0.134960800    0.134959944
   23.768280000    0.134961545    0.134959785
   23.805360000    0.134961800    0.134959699
   23.842440000    0.134961469    0.134959703
   23.879520000    0.134960644    0.134959782
   23.916600000    0.134959577    0.134959899
   23.953680000    0.134958597    0.134960003
   23.990760000    0.134958010    0.134960048
   24.027840000    0.134957991    0.134960006
   24.064920000    0.134958536    0.134959877
   24.102000000    0.134959458    0.134959690
   24.139080000    0.134960447    0.134959490
   24.176160000    0.134961171    0.134959330
   24.213240000    0.134961383    0.134959247
   24.250320000    0.134960998    0.134959255
   24.287400000    0.134960126    0.134959337
   24.324480000    0.134959031    0.134959454
   24.361560000    0.134958052    0.134959554
   24.398640000    0.134957492    0.134959591
   24.435720000    0.134957518    0.134959538
   24.472800000    0.134958109    0.134959398
   24.509880000    0.134959062    0.134959202
   24.546960000    0.134960058    0.134958997
   24.584040000    0.134960759    0.134958836
   24.621120000    0.134960925    0.134958755
   24.658200000    0.134960485    0.134958767
   24.695280000    0.134959564    0.134958852
   24.732360000    0.134958442    0.134958970
   24.769440000    0.134957465    0.134959065
   24.806520000    0.134956933    0.134959094
   24.843600000    0.134957005    0.134959030
   24.880680000    0.134957644    0.134958878
   24.917760000    0.134958630    0.134958673
   24.954840000    0.134959631    0.134958462
   24.991920000    0.134960308    0.134958300
   25.029000000    0.134960426    0.134958222
   25.066080000    0.134959929    0.134958238
   25.103160000    0.134958958    0.134958327
   25.140240000    0.134957808    0.134958444
   25.177320000    0.134956833    0.134958535
   25.214400000    0.134956333    0.134958555
   25.251480000    0.134956452    0.134958479
   25.288560000    0.134957140    0.134958316
   25.325640000    0.134958159    0.134958100
   25.362720000    0.134959165    0.134957884
   25.399800000    0.134959816    0.134957721
   25.436880000    0.134959884    0.134957646
   25.473960000    0.134959326    0.134957666
   25.511040000    0.134958303    0.134957758
   25.548120000    0.134957125    0.134957875
   25.585200000    0.134956154    0.134957961
   25.622280000    0.134955686    0.134957971
   25.659360000    0.134955856    0.134957883
   25.696440000    0.134956594    0.134957707
   25.733520000    0.134957647    0.134957482
   25.770600000    0.134958657    0.134957260
   25.807680000    0.134959280    0.134957096
   25.844760000    0.134959295    0.134957024
   25.881840000    0.134958675    0.134957048
   25.918920000    0.134957598    0.134957144
   25.956000000    0.134956392    0.134957260
   25.993080000    0.134955425    0.134957341
   26.030160000    0.134954992    0.134957340
   26.067240000    0.134955215    0.134957240
   26.104320000    0.134956006    0.134957050
   26.141400000    0.134957092    0.134956814
   26.178480000    0.134958105    0.134956586
   26.215560000    0.134958697    0.134956421
   26.252640000    0.134958655    0.134956351
   26.289720000    0.134957969    0.134956380
   26.326800000    0.134956836    0.134956478
   26.363880000    0.134955600    0.134956593
   26.400960000    0.134954639    0.134956668
   26.438040000    0.134954242    0.134956657
   26.475120000    0.134954521    0.134956542
   26.512200000    0.134955367    0.134956339
   26.549280000    0.134956488    0.134956091
   26.586360000    0.134957503    0.134955857
   26.623440000    0.134958062    0.134955690
   26.660520000    0.134957959    0.134955624
   26.697600000    0.134957203    0.134955657
   26.734680000    0.134956012    0.134955758
   26.771760000    0.134954747    0.134955872
   26.808840000    0.134953792    0.134955939
   26.845920000    0.134953436    0.134955915
   26.883000000    0.134953774    0.134955782
   26.920080000    0.134954677    0.134955559
   26.957160000    0.134955834    0.134955293
   26.994240000    0.134956847    0.134955042
   27.031320000    0.134957363    0.134954861
   27.068400000    0.134957185    0.134954782
   27.105480000    0.134956338    0.134954800
   27.142560000    0.134955063    0.134954882
   27.179640000    0.134953736    0.134954969
   27.216720000    0.134952753    0.134955000
   27.253800000    0.134952400    0.134954933
   27.290880000    0.134952757    0.134954754
   27.327960000    0.134953678    0.134954484
   27.365040000    0.134954830    0.134954173
   27.402120000    0.134955806    0.134953885
   27.439200000    0.134956249    0.134953674
   27.476280000    0.134955975    0.134953571
   27.513360000    0.134955029    0.134953570
   27.550440000    0.134953672    0.134953631
   27.587520000    0.134952301    0.134953696
   27.624600000    0.134951316    0.134953702
   27.661680000    0.134950998    0.134953605
   27.698760000    0.134951411    0.134953393
   27.735840000    0.134952383    0.134953091
   27.772920000    0.134953561    0.134952752
   27.810000000    0.134954520    0.134952442
   27.847080000    0.134954904    0.134952215
   27.884160000    0.134954540    0.134952099
   27.921240000    0.134953494    0.134952087
   27.958320000    0.134952052    0.134952134
   27.995400000    0.134950629    0.134952179
   28.032480000    0.134949638    0.134952157
   28.069560000    0.134949350    0.134952026
   28.106640000    0.134949814    0.134951776
   28.143720000    0.134950833    0.134951435
   28.180800000    0.134952030    0.134951061
   28.217880000    0.134952964    0.134950721
   28.254960000    0.134953279    0.134950469
   28.292040000    0.134952812    0.134950332
   28.329120000    0.134951653    0.134950299
   28.366200000    0.134950114    0.134950322
   28.403280000    0.134948630    0.134950334
   28.440360000    0.134947622    0.134950271
   28.477440000    0.134947357    0.134950090
   28.514520000    0.134947862    0.134949785
   28.551600000    0.134948915    0.134949387
   28.588680000    0.134950111    0.134948957
   28.625760000    0.134950997    0.134948564
   28.662840000    0.134951213    0.134948265
   28.699920000    0.134950611    0.134948084
   28.737000000    0.134949306    0.134948004
   28.774080000    0.134947636    0.134947976
   28.811160000    0.134946062    0.134947928
   28.848240000    0.134945010    0.134947794
   28.885320000    0.134944742    0.134947533
   28.922400000    0.134945264    0.134947139
   28.959480000    0.134946324    0.134946650
   28.996560000    0.134947492    0.134946130
   29.033640000    0.134948296    0.134945650
   29.070720000    0.134948375    0.134945267
   29.107800000    0.134947596    0.134945001
   29.144880000    0.134946099    0.134944833
   29.181960000    0.134944254    0.134944707
   29.219040000    0.134942541    0.134944547
   29.256120000    0.134941398    0.134944286
   29.293200000    0.134941076    0.134943880
   29.330280000    0.134941557    0.134943330
   29.367360000    0.134942559    0.134942675
   29.404440000    0.134943621    0.134941983
   29.441520000    0.134944252    0.134941330
   29.478600000    0.134944093    0.134940769
   29.515680000    0.134943025    0.134940321
   29.552760000    0.134941220    0.134939960
   29.589840000    0.134939079    0.134939625
   29.626920000    0.134937108    0.134939236
   29.664000000    0.134935753    0.134938722
   29.701080000    0.134935256    0.134938041
   29.738160000    0.134935573    0.134937196
   29.775240000    0.134936385    0.134936228
   29.812320000    0.134937199    0.134935212
   29.849400000    0.134937505    0.134934221
   29.886480000    0.134936939    0.134933311
   29.923560000    0.134935403    0.134932496
   29.960640000    0.134933096    0.134931743
   29.997720000    0.134930454    0.134930982
   30.034800000    0.134928005    0.134930129
   30.071880000    0.134926204    0.134929106
   30.108960000    0.134925278    0.134927872
   30.146040000    0.134925151    0.134926428
   30.183120000    0.134925464    0.134924823
   30.220200000    0.134925688    0.134923130
   30.257280000    0.134925290    0.134921425
   30.294360000    0.134923905    0.134919762
   30.331440000    0.134921455    0.134918148
   30.368520000    0.134918173    0.134916542
   30.405600000    0.134914531    0.134914867
   30.442680000    0.134911086    0.134913028
   30.479760000    0.134908299    0.134910943
   30.516840000    0.134906381    0.134908565
   30.553920000    0.134905219    0.134905899
   30.591000000    0.134904407    0.134902991
   30.628080000    0.134903373    0.134899915
   30.665160000    0.134901553    0.134896744
   30.702240000    0.134898579    0.134893523
   30.739320000    0.134894387    0.134890248
   30.776400000    0.134889242    0.134886863
   30.813480000    0.134883649    0.134883274
   30.850560000    0.134878186    0.134879371
   30.887640000    0.134873313    0.134875059
   30.924720000    0.134869212    0.134870282
   30.961800000    0.134865723    0.134865038
   30.998880000    0.134862382    0.134859369
   31.035960000    0.134858561    0.134853344
   31.073040000    0.134853664    0.134847027
   31.110120000    0.134847312    0.134840449
   31.147200000    0.134839460    0.134833590
   31.184280000    0.134830406    0.134826372
   31.221360000    0.134820690    0.134818677
   31.258440000    0.134810913    0.134810371
   31.295520000    0.134801526    0.134801340
   31.332600000    0.134792677    0.134791508
   31.369680000    0.134784142    0.134780856
   31.406760000    0.134775378    0.134769409
   31.443840000    0.134765686    0.134757214
   31.480920000    0.134754413    0.134744311
   31.518000000    0.134741151    0.134730698
   31.555080000    0.134725854    0.134716313
   31.592160000    0.134708834    0.134701033
   31.629240000    0.134690643    0.134684691
   31.666320000    0.134671877    0.134667104
   31.703400000    0.134652951    0.134648107
   31.740480000    0.134633940    0.134627584
   31.777560000    0.134614522    0.134605469
   31.814640000    0.134594042    0.134581745
   31.851720000    0.134571693    0.134556415
   31.888800000    0.134546743    0.134529466
   31.925880000    0.134518734    0.134500833
   31.962960000    0.134487601    0.134470387
   32.000040000    0.134453657    0.134437926
   32.037120000    0.134417450    0.134403199
   32.074200000    0.134379547    0.134365934
   32.111280000    0.134340296    0.134325879
   32.148360000    0.134299657    0.134282824
   32.185440000    0.134257151    0.134236611
   32.222520000    0.134211947    0.134187123
   32.259600000    0.134163061    0.134134250
   32.296680000    0.134109601    0.134077854
   32.333760000    0.134050979    0.134017732
   32.370840000    0.133987028    0.133953593
   32.407920000    0.133917970    0.133885064
   32.445000000    0.133844254    0.133811710
   32.482080000    0.133766311    0.133733068
   32.519160000    0.133684304    0.133648689
   32.556240000    0.133597951    0.133558162
   32.593320000    0.133506491    0.133461124
   32.630400000    0.133408786    0.133357241
   32.667480000    0.133303547    0.133246175
   32.704560000    0.133189605    0.133127538
   32.741640000    0.133066133    0.133000853
   32.778720000    0.132932751    0.132865533
   32.815800000    0.132789481    0.132720881
   32.852880000    0.132636549    0.132566114
   32.889960000    0.132474109    0.132400400
   32.927040000    0.132301969    0.132222901
   32.964120000    0.132119408    0.132032792
   33.001200000    0.131925146    0.131829273
   33.038280000    0.131717477    0.131611538
   33.075360000    0.131494518    0.131378739
   33.112440000    0.131254510    0.131129931
   33.149520000    0.130996051    0.130864029
   33.186600000    0.130718195    0.130579786
   33.223680000    0.130420380    0.130275793
   33.260760000    0.130102201    0.129950508
   33.297840000    0.129763094    0.129602299
   33.334920000    0.129402043    0.129229481
   33.372000000    0.129017387    0.128830349
   33.409080000    0.128606809    0.128403167
   33.446160000    0.128167499    0.127946146
   33.483240000    0.127696444    0.127457382
   33.520320000    0.127190751    0.126934799
   33.557400000    0.126647892    0.126376091
   33.594480000    0.126065788    0.125778694
   33.631560000    0.125442694    0.125139782
   33.668640000    0.124776918    0.124456291
   33.705720000    0.124066448    0.123724961
   33.742800000    0.123308617    0.122942368
   33.779880000    0.122499894    0.122104950
   33.816960000    0.121635887    0.121208982
   33.854040000    0.120711530    0.120250538
   33.891120000    0.119721427    0.119225412
   33.928200000    0.118660199    0.118129044
   33.965280000    0.117522746    0.116956449
   34.002360000    0.116304309    0.115702177
   34.039440000    0.115000312    0.114360306
   34.076520000    0.113606010    0.112924470
   34.113600000    0.112116059    0.111387891
   34.150680000    0.110524135    0.109743414
   34.187760000    0.108822710    0.107983516
   34.224840000    0.107003077    0.106100268
   34.261920000    0.105055582    0.104085265
   34.299000000    0.102970016    0.101929521
   34.336080000    0.100735998    0.099623357
   34.373160000    0.098343231    0.097156301
   34.410240000    0.095781521    0.094517017
   34.447320000    0.093040520    0.091693274
   34.484400000    0.090109268    0.088671945
   34.521480000    0.086975641    0.085439022
   34.558560000    0.083625882    0.081979611
   34.595640000    0.080044331    0.078277904
   34.632720000    0.076213442    0.074317097
   34.669800000    0.072114051    0.070079261
   34.706880000    0.067725807    0.065545188
   34.743960000    0.063027574    0.060694229
   34.781040000    0.057997671    0.055504158
   34.818120000    0.052613810    0.049951087
   34.855200000    0.046852738    0.044009421
   34.892280000    0.040689655    0.037651860
   34.929360000    0.034097570    0.030849409
   34.966440000    0.027046798    0.023571360
   35.003520000    0.019504731    0.015785204
   35.040600000    0.011435957    0.007456475
   35.077680000    0.002802665   -0.001451505
   35.114760000   -0.006434853   -0.010977929
   35.151840000   -0.016317804   -0.021164839
   35.188920000   -0.026888838   -0.032057426
   35.226000000   -0.038192445   -0.043704280
   35.263080000   -0.050275807   -0.056157552
   35.300160000   -0.063189928   -0.069473052
   35.337240000   -0.076990781   -0.083710292
   35.374320000   -0.091740169   -0.098932546
   35.411400000   -0.107506059   -0.115206948
   35.448480000   -0.124362301   -0.132604671
   35.485560000   -0.142387816   -0.151201182
   35.522640000   -0.161665537   -0.171076537
   35.559720000   -0.182281456   -0.192315644
   35.596800000   -0.204324154   -0.215008403
   35.633880000   -0.227885030   -0.239249613
   35.670960000   -0.253059239   -0.265138548
   35.708040000   -0.279947091   -0.292778116
   35.745120000   -0.308655419   -0.322273550
   35.782200000   -0.339298315   -0.353730579
   35.819280000   -0.371996647   -0.387253087
   35.856360000   -0.406875901   -0.422940219
   35.893440000   -0.444062213   -0.460882968
   35.930520000   -0.483676691   -0.501160232
   35.967600000   -0.525828451   -0.543834396
   36.004680000   -0.570606926   -0.588946499
   36.041760000   -0.618074058   -0.636511131
   36.078840000   -0.668256871   -0.686511273
   36.115920000   -0.721140760   -0.738893331
   36.153000000   -0.776663674   -0.793562738
   36.190080000   -0.834711223   -0.850380453
   36.227160000   -0.895112751   -0.909160713
   36.264240000   -0.957638543   -0.969670317
   36.301320000   -1.021998481   -1.031629604
   36.338400000   -1.087842656   -1.094715154
   36.375480000   -1.154764512   -1.158564083
   36.412560000   -1.222306988   -1.222779686
   36.449640000   -1.289971829   -1.286938069
   36.486720000   -1.357231776   -1.350595366
   36.523800000   -1.423544793   -1.413295158
   36.560880000   -1.488369015   -1.474575741
   36.597960000   -1.551176832   -1.533977007
   36.635040000   -1.611466517   -1.591046761
   36.672120000   -1.668770204   -1.645346429
   36.709200000   -1.722657618   -1.696456136
   36.746280000   -1.772735834   -1.743979215
   36.783360000   -1.818646063   -1.787546180
   36.820440000   -1.860059110   -1.826818211
   36.857520000   -1.896671319   -1.861490170
   36.894600000   -1.928202666   -1.891293162
   36.931680000   -1.954398019   -1.915996634
   36.968760000   -1.975031805   -1.935410033
   37.005840000   -1.989915339   -1.949384047
   37.042920000   -1.998905414   -1.957811478
