0.0000000 0.0000000 0.0000000 0.0138889
0.0000000 0.0833333 0.0000000 0.0277778
0.0000000 0.1666667 0.0000000 0.0277778
0.0000000 0.2500000 0.0000000 0.0277778
0.0000000 0.3333333 0.0000000 0.0277778
0.0000000 0.4166667 0.0000000 0.0277778
0.0000000 -0.5000000 0.0000000 0.0138889
0.0833333 0.0000000 0.0000000 0.0277778
0.0833333 0.0833333 0.0000000 0.0277778
0.0833333 0.1666667 0.0000000 0.0277778
0.0833333 0.2500000 0.0000000 0.0277778
0.0833333 0.3333333 0.0000000 0.0277778
0.0833333 0.4166667 0.0000000 0.0277778
0.0833333 -0.5000000 0.0000000 0.0277778
0.0833333 -0.4166667 0.0000000 0.0277778
0.0833333 -0.3333333 0.0000000 0.0277778
0.0833333 -0.2500000 0.0000000 0.0277778
0.0833333 -0.1666667 0.0000000 0.0277778
0.0833333 -0.0833333 0.0000000 0.0277778
0.1666667 0.0000000 0.0000000 0.0277778
0.1666667 0.0833333 0.0000000 0.0277778
0.1666667 0.1666667 0.0000000 0.0277778
0.1666667 0.2500000 0.0000000 0.0277778
0.1666667 0.3333333 0.0000000 0.0277778
0.1666667 0.4166667 0.0000000 0.0277778
0.1666667 -0.5000000 0.0000000 0.0277778
0.1666667 -0.4166667 0.0000000 0.0277778
0.1666667 -0.3333333 0.0000000 0.0277778
0.1666667 -0.2500000 0.0000000 0.0277778
0.1666667 -0.1666667 0.0000000 0.0277778
0.1666667 -0.0833333 0.0000000 0.0277778
0.2500000 0.0000000 0.0000000 0.0277778
0.2500000 0.0833333 0.0000000 0.0277778
0.2500000 0.1666667 0.0000000 0.0277778
0.2500000 0.2500000 0.0000000 0.0277778
0.2500000 0.3333333 0.0000000 0.0277778
0.2500000 0.4166667 0.0000000 0.0277778
0.2500000 -0.5000000 0.0000000 0.0277778
0.2500000 -0.4166667 0.0000000 0.0277778
0.2500000 -0.3333333 0.0000000 0.0277778
0.2500000 -0.2500000 0.0000000 0.0277778
0.2500000 -0.1666667 0.0000000 0.0277778
0.2500000 -0.0833333 0.0000000 0.0277778
0.3333333 0.0000000 0.0000000 0.0277778
0.3333333 0.0833333 0.0000000 0.0277778
0.3333333 0.1666667 0.0000000 0.0277778
0.3333333 0.2500000 0.0000000 0.0277778
0.3333333 0.3333333 0.0000000 0.0277778
0.3333333 0.4166667 0.0000000 0.0277778
0.3333333 -0.5000000 0.0000000 0.0277778
0.3333333 -0.4166667 0.0000000 0.0277778
0.3333333 -0.3333333 0.0000000 0.0277778
0.3333333 -0.2500000 0.0000000 0.0277778
0.3333333 -0.1666667 0.0000000 0.0277778
0.3333333 -0.0833333 0.0000000 0.0277778
0.4166667 0.0000000 0.0000000 0.0277778
0.4166667 0.0833333 0.0000000 0.0277778
0.4166667 0.1666667 0.0000000 0.0277778
0.4166667 0.2500000 0.0000000 0.0277778
0.4166667 0.3333333 0.0000000 0.0277778
0.4166667 0.4166667 0.0000000 0.0277778
0.4166667 -0.5000000 0.0000000 0.0277778
0.4166667 -0.4166667 0.0000000 0.0277778
0.4166667 -0.3333333 0.0000000 0.0277778
0.4166667 -0.2500000 0.0000000 0.0277778
0.4166667 -0.1666667 0.0000000 0.0277778
0.4166667 -0.0833333 0.0000000 0.0277778
-0.5000000 0.0000000 0.0000000 0.0138889
-0.5000000 0.0833333 0.0000000 0.0277778
-0.5000000 0.1666667 0.0000000 0.0277778
-0.5000000 0.2500000 0.0000000 0.0277778
-0.5000000 0.3333333 0.0000000 0.0277778
-0.5000000 0.4166667 0.0000000 0.0277778
-0.5000000 -0.5000000 0.0000000 0.0138889
