 &plot nbnd=  16, nks=   151 /
            0.000000  0.000000  0.000000
  -20.117  -20.001   -8.606   -7.767   -3.634   -3.634   -3.624   -3.624    2.517    2.969
    4.040    5.226    5.385    7.282    7.821    7.821
           -0.006667  0.011547  0.000000
  -20.114  -19.998   -8.602   -7.763   -3.648   -3.641   -3.637   -3.631    2.521    2.974
    4.044    5.230    5.389    7.286    7.836    7.860
           -0.013333  0.023094  0.000000
  -20.104  -19.989   -8.591   -7.752   -3.686   -3.676   -3.662   -3.652    2.534    2.986
    4.057    5.243    5.401    7.298    7.831    7.870
           -0.020000  0.034641  0.000000
  -20.088  -19.973   -8.572   -7.733   -3.751   -3.741   -3.697   -3.686    2.555    3.008
    4.079    5.264    5.421    7.318    7.841    7.879
           -0.026666  0.046188  0.000000
  -20.066  -19.951   -8.545   -7.707   -3.841   -3.830   -3.744   -3.734    2.584    3.038
    4.109    5.295    5.449    7.346    7.857    7.892
           -0.033333  0.057735  0.000000
  -20.038  -19.923   -8.511   -7.674   -3.953   -3.940   -3.806   -3.796    2.622    3.076
    4.148    5.333    5.485    7.383    7.876    7.909
           -0.040000  0.069282  0.000000
  -20.003  -19.889   -8.469   -7.633   -4.085   -4.072   -3.880   -3.870    2.669    3.123
    4.196    5.381    5.529    7.427    7.901    7.932
           -0.046666  0.080829  0.000000
  -19.962  -19.848   -8.419   -7.585   -4.237   -4.221   -3.968   -3.956    2.723    3.178
    4.252    5.437    5.582    7.480    7.930    7.960
           -0.053333  0.092376  0.000000
  -19.915  -19.801   -8.362   -7.529   -4.406   -4.389   -4.067   -4.055    2.787    3.242
    4.317    5.501    5.642    7.540    7.965    7.993
           -0.059999  0.103923  0.000000
  -19.862  -19.748   -8.298   -7.466   -4.589   -4.571   -4.178   -4.165    2.858    3.315
    4.391    5.575    5.710    7.608    8.005    8.031
           -0.066666  0.115471  0.000000
  -19.802  -19.689   -8.226   -7.396   -4.786   -4.767   -4.299   -4.286    2.939    3.395
    4.473    5.657    5.786    7.684    8.050    8.076
           -0.073333  0.127018  0.000000
  -19.736  -19.623   -8.146   -7.318   -4.994   -4.973   -4.432   -4.417    3.027    3.485
    4.564    5.747    5.870    7.769    8.102    8.128
           -0.079999  0.138565  0.000000
  -19.664  -19.552   -8.059   -7.234   -5.211   -5.189   -4.574   -4.559    3.124    3.583
    4.664    5.846    5.962    7.860    8.159    8.187
           -0.086666  0.150112  0.000000
  -19.586  -19.474   -7.965   -7.142   -5.437   -5.413   -4.725   -4.709    3.230    3.689
    4.772    5.954    6.062    7.960    8.223    8.251
           -0.093332  0.161659  0.000000
  -19.501  -19.390   -7.863   -7.043   -5.669   -5.644   -4.884   -4.868    3.344    3.804
    4.889    6.070    6.169    8.067    8.293    8.322
           -0.099999  0.173206  0.000000
  -19.410  -19.300   -7.754   -6.937   -5.907   -5.880   -5.052   -5.034    3.466    3.927
    5.015    6.195    6.285    8.182    8.371    8.402
           -0.106666  0.184753  0.000000
  -19.313  -19.204   -7.638   -6.824   -6.148   -6.120   -5.226   -5.207    3.596    4.059
    5.149    6.329    6.408    8.244    8.303    8.456
           -0.113332  0.196300  0.000000
  -19.210  -19.101   -7.515   -6.705   -6.393   -6.363   -5.407   -5.387    3.736    4.199
    5.292    6.471    6.539    7.970    8.271    8.433
           -0.119999  0.207847  0.000000
  -19.101  -18.993   -7.385   -6.640   -6.608   -6.578   -5.593   -5.572    3.883    4.347
    5.443    6.621    6.677    7.689    8.002    8.565
           -0.126665  0.219394  0.000000
  -18.986  -18.879   -7.247   -6.888   -6.855   -6.445   -5.785   -5.762    4.039    4.504
    5.603    6.780    6.823    7.402    7.728    8.695
           -0.133332  0.230941  0.000000
  -18.865  -18.759   -7.136   -7.103   -7.102   -6.305   -5.981   -5.957    4.203    4.669
    5.772    6.948    6.976    7.110    7.448    8.898
           -0.139999  0.242488  0.000000
  -18.738  -18.632   -7.385   -7.349   -6.952   -6.180   -6.166   -6.148    4.375    4.842
    5.949    6.816    7.124    7.136    7.165    9.017
           -0.146665  0.254035  0.000000
  -18.605  -18.500   -7.633   -7.596   -6.795   -6.383   -6.357   -6.006    4.556    5.024
    6.135    6.517    6.878    7.303    7.309    9.071
           -0.153332  0.265582  0.000000
  -18.466  -18.362   -7.880   -7.842   -6.632   -6.586   -6.562   -5.846    4.745    5.214
    6.216    6.329    6.588    7.477    7.502    9.197
           -0.159998  0.277129  0.000000
  -18.321  -18.218   -8.125   -8.086   -6.795   -6.767   -6.459   -5.681    4.942    5.412
    5.914    6.298    6.532    7.656    7.703    9.331
           -0.166665  0.288676  0.000000
  -18.171  -18.069   -8.368   -8.328   -7.004   -6.975   -6.283   -5.510    5.148    5.612
    5.617    6.007    6.743    7.842    7.913    9.468
           -0.173332  0.300223  0.000000
  -18.015  -17.914   -8.609   -8.568   -7.213   -7.183   -6.100   -5.333    5.310    5.361
    5.714    5.831    6.963    8.032    8.131    9.614
           -0.179998  0.311770  0.000000
  -17.852  -17.753   -8.848   -8.805   -7.423   -7.392   -5.911   -5.151    5.008    5.423
    5.583    6.053    7.191    8.227    8.357    9.756
           -0.186665  0.323317  0.000000
  -17.685  -17.586   -9.083   -9.040   -7.633   -7.600   -5.716   -4.963    4.709    5.132
    5.812    6.282    7.427    8.425    8.591    9.905
           -0.193331  0.334864  0.000000
  -17.512  -17.414   -9.316   -9.271   -7.842   -7.809   -5.516   -4.770    4.410    4.843
    6.050    6.519    7.670    8.625    8.834   10.056
           -0.199998  0.346412  0.000000
  -17.333  -17.237   -9.545   -9.499   -8.051   -8.016   -5.311   -4.572    4.114    4.556
    6.295    6.763    7.922    8.825    9.084   10.208
           -0.206665  0.357959  0.000000
  -17.149  -17.054   -9.770   -9.722   -8.257   -8.221   -5.101   -4.370    3.821    4.271
    6.548    7.015    8.180    9.023    9.342   10.360
           -0.213331  0.369506  0.000000
  -16.961  -16.866   -9.991   -9.943   -8.462   -8.425   -4.886   -4.163    3.531    3.989
    6.809    7.273    8.444    9.215    9.607   10.510
           -0.219998  0.381053  0.000000
  -16.766  -16.674  -10.209  -10.159   -8.665   -8.627   -4.667   -3.952    3.244    3.711
    7.077    7.538    8.713    9.397    9.879   10.658
           -0.226664  0.392600  0.000000
  -16.568  -16.476  -10.422  -10.371   -8.865   -8.826   -4.443   -3.738    2.961    3.435
    7.352    7.808    8.981    9.567   10.158   10.804
           -0.233331  0.404147  0.000000
  -16.364  -16.273  -10.632  -10.579   -9.062   -9.022   -4.216   -3.520    2.682    3.163
    7.635    8.085    9.237    9.727   10.443   10.951
           -0.239998  0.415694  0.000000
  -16.156  -16.067  -10.837  -10.782   -9.255   -9.213   -3.986   -3.300    2.409    2.896
    7.924    8.365    9.456    9.897   10.733   11.102
           -0.246664  0.427241  0.000000
  -15.944  -15.856  -11.037  -10.981   -9.445   -9.402   -3.754   -3.077    2.139    2.634
    8.220    8.649    9.594   10.114   11.024   11.260
           -0.253331  0.438788  0.000000
  -15.727  -15.641  -11.233  -11.176   -9.630   -9.586   -3.520   -2.853    1.875    2.376
    8.521    8.935    9.648   10.383   11.313   11.426
           -0.259997  0.450335  0.000000
  -15.508  -15.423  -11.424  -11.366   -9.810   -9.766   -3.284   -2.628    1.616    2.123
    8.828    9.220    9.645   10.684   11.586   11.596
           -0.266664  0.461882  0.000000
  -15.285  -15.202  -11.610  -11.551   -9.985   -9.940   -3.047   -2.402    1.363    1.875
    9.139    9.502    9.606   11.002   11.767   11.809
           -0.273331  0.473429  0.000000
  -15.060  -14.978  -11.792  -11.732  -10.154  -10.109   -2.811   -2.176    1.115    1.633
    9.445    9.552    9.774   11.329   11.933   11.940
           -0.279997  0.484976  0.000000
  -14.833  -14.753  -11.968  -11.907  -10.316  -10.270   -2.575   -1.951    0.873    1.397
    9.462    9.778   10.030   11.656   11.996   12.000
           -0.286664  0.496523  0.000000
  -14.606  -14.527  -12.140  -12.078  -10.471  -10.424   -2.341   -1.727    0.636    1.165
    9.384   10.093   10.260   11.957   12.010   12.041
           -0.293330  0.508070  0.000000
  -14.380  -14.302  -12.307  -12.244  -10.616  -10.568   -2.110   -1.506    0.406    0.940
    9.305   10.408   10.450   12.015   12.099   12.174
           -0.299997  0.519617  0.000000
  -14.156  -14.080  -12.469  -12.405  -10.749  -10.702   -1.882   -1.288    0.183    0.722
    9.230   10.591   10.716   12.010   12.192   12.299
           -0.306664  0.531164  0.000000
  -13.937  -13.862  -12.626  -12.560  -10.870  -10.822   -1.659   -1.074   -0.035    0.509
    9.164   10.681   11.011   11.992   12.326   12.372
           -0.313330  0.542711  0.000000
  -13.727  -13.653  -12.778  -12.711  -10.974  -10.925   -1.442   -0.865   -0.246    0.302
    9.108   10.730   11.284   11.962   12.415   12.487
           -0.319997  0.554258  0.000000
  -13.530  -13.457  -12.925  -12.856  -11.057  -11.007   -1.232   -0.663   -0.450    0.102
    9.067   10.751   11.520   11.921   12.437   12.653
           -0.326663  0.565806  0.000000
  -13.352  -13.281  -13.066  -12.997  -11.112  -11.062   -1.031   -0.648   -0.467   -0.092
    9.040   10.757   11.700   11.868   12.449   12.796
           -0.333330  0.577353  0.000000
  -13.203  -13.203  -13.132  -13.132  -11.132  -11.082   -0.838   -0.838   -0.279   -0.279
    9.031   10.757   11.806   11.806   12.454   12.892
           -0.326663  0.577353  0.000000
  -13.269  -13.198  -13.140  -13.070  -11.126  -11.077   -0.931   -0.746   -0.370   -0.188
    9.034   10.757   11.771   11.830   12.452   12.856
           -0.319997  0.577352  0.000000
  -13.334  -13.262  -13.087  -13.018  -11.110  -11.060   -1.022   -0.656   -0.460   -0.100
    9.041   10.758   11.734   11.837   12.442   12.814
           -0.313330  0.577352  0.000000
  -13.397  -13.325  -13.044  -12.975  -11.081  -11.032   -1.112   -0.570   -0.547   -0.014
    9.053   10.760   11.696   11.828   12.423   12.769
           -0.306664  0.577352  0.000000
  -13.459  -13.387  -13.012  -12.943  -11.041  -10.991   -1.199   -0.633   -0.486    0.070
    9.070   10.763   11.656   11.807   12.392   12.717
           -0.299997  0.577352  0.000000
  -13.520  -13.448  -12.989  -12.921  -10.989  -10.940   -1.285   -0.717   -0.405    0.151
    9.092   10.767   11.613   11.775   12.347   12.662
           -0.293330  0.577352  0.000000
  -13.580  -13.507  -12.975  -12.907  -10.926  -10.877   -1.369   -0.799   -0.327    0.230
    9.118   10.773   11.570   11.735   12.288   12.605
           -0.286664  0.577352  0.000000
  -13.638  -13.565  -12.970  -12.903  -10.854  -10.805   -1.451   -0.880   -0.253    0.306
    9.150   10.781   11.526   11.687   12.216   12.636
           -0.279997  0.577352  0.000000
  -13.696  -13.621  -12.972  -12.905  -10.772  -10.723   -1.531   -0.959   -0.181    0.379
    9.187   10.789   11.481   11.632   12.132   12.519
           -0.273331  0.577352  0.000000
  -13.751  -13.676  -12.981  -12.914  -10.682  -10.634   -1.611   -1.037   -0.113    0.450
    9.229   10.799   11.434   11.569   12.041   12.385
           -0.266664  0.577352  0.000000
  -13.806  -13.730  -12.995  -12.929  -10.586  -10.538   -1.687   -1.112   -0.049    0.518
    9.276   10.810   11.388   11.497   11.943   12.238
           -0.259997  0.577352  0.000000
  -13.859  -13.783  -13.014  -12.947  -10.484  -10.437   -1.762   -1.186    0.013    0.583
    9.328   10.821   11.340   11.415   11.845   12.081
           -0.253331  0.577352  0.000000
  -13.910  -13.834  -13.036  -12.970  -10.377  -10.331   -1.835   -1.258    0.071    0.645
    9.384   10.833   11.293   11.319   11.749   11.915
           -0.246664  0.577352  0.000000
  -13.961  -13.884  -13.061  -12.995  -10.266  -10.220   -1.907   -1.328    0.127    0.704
    9.444   10.844   11.209   11.245   11.659   11.743
           -0.239998  0.577352  0.000000
  -14.010  -13.933  -13.088  -13.022  -10.152  -10.107   -1.976   -1.396    0.178    0.761
    9.509   10.855   11.086   11.198   11.567   11.577
           -0.233331  0.577352  0.000000
  -14.058  -13.981  -13.117  -13.051  -10.036   -9.991   -2.044   -1.462    0.227    0.815
    9.577   10.863   10.950   11.151   11.390   11.501
           -0.226664  0.577352  0.000000
  -14.104  -14.027  -13.148  -13.082   -9.917   -9.873   -2.109   -1.527    0.272    0.866
    9.648   10.806   10.864   11.104   11.215   11.432
           -0.219998  0.577352  0.000000
  -14.149  -14.071  -13.179  -13.113   -9.797   -9.754   -2.174   -1.590    0.315    0.914
    9.721   10.655   10.843   11.057   11.061   11.367
           -0.213331  0.577352  0.000000
  -14.193  -14.115  -13.211  -13.144   -9.676   -9.633   -2.236   -1.652    0.354    0.960
    9.794   10.502   10.751   10.976   11.012   11.307
           -0.206665  0.577352  0.000000
  -14.236  -14.157  -13.243  -13.176   -9.554   -9.512   -2.297   -1.711    0.390    1.003
    9.860   10.355   10.592   10.957   10.966   11.249
           -0.199998  0.577352  0.000000
  -14.277  -14.198  -13.275  -13.208   -9.431   -9.390   -2.355   -1.768    0.424    1.044
    9.901   10.233   10.415   10.922   10.955   11.194
           -0.193331  0.577352  0.000000
  -14.316  -14.237  -13.306  -13.240   -9.309   -9.269   -2.412   -1.824    0.456    1.082
    9.863   10.191   10.233   10.878   10.957   11.140
           -0.186665  0.577352  0.000000
  -14.355  -14.275  -13.338  -13.272   -9.186   -9.147   -2.466   -1.878    0.484    1.118
    9.743   10.051   10.233   10.835   10.959   11.089
           -0.179998  0.577352  0.000000
  -14.392  -14.312  -13.369  -13.303   -9.064   -9.026   -2.519   -1.929    0.511    1.152
    9.592    9.869   10.308   10.794   10.961   11.040
           -0.173332  0.577351  0.000000
  -14.428  -14.348  -13.400  -13.333   -8.944   -8.907   -2.570   -1.979    0.535    1.184
    9.432    9.690   10.393   10.753   10.961   10.992
           -0.166665  0.577351  0.000000
  -14.462  -14.382  -13.430  -13.363   -8.824   -8.788   -2.618   -2.027    0.557    1.213
    9.270    9.513   10.482   10.714   10.947   10.960
           -0.159998  0.577351  0.000000
  -14.495  -14.414  -13.459  -13.392   -8.706   -8.671   -2.666   -2.073    0.577    1.240
    9.108    9.339   10.573   10.675   10.903   10.958
           -0.153332  0.577351  0.000000
  -14.527  -14.446  -13.487  -13.420   -8.589   -8.555   -2.711   -2.118    0.595    1.266
    8.947    9.168   10.638   10.665   10.861   10.955
           -0.146665  0.577351  0.000000
  -14.557  -14.476  -13.515  -13.448   -8.474   -8.441   -2.754   -2.160    0.612    1.289
    8.789    9.001   10.602   10.754   10.822   10.950
           -0.139999  0.577351  0.000000
  -14.586  -14.505  -13.541  -13.474   -8.362   -8.330   -2.795   -2.201    0.626    1.311
    8.634    8.838   10.568   10.778   10.850   10.945
           -0.133332  0.577351  0.000000
  -14.614  -14.532  -13.567  -13.499   -8.252   -8.221   -2.835   -2.240    0.640    1.331
    8.482    8.680   10.535   10.742   10.936   10.938
           -0.126665  0.577351  0.000000
  -14.640  -14.558  -13.591  -13.523   -8.145   -8.115   -2.872   -2.277    0.651    1.349
    8.334    8.527   10.503   10.707   10.931   11.022
           -0.119999  0.577351  0.000000
  -14.665  -14.583  -13.615  -13.547   -8.041   -8.012   -2.908   -2.312    0.662    1.366
    8.191    8.379   10.473   10.673   10.922   11.105
           -0.113332  0.577351  0.000000
  -14.689  -14.606  -13.637  -13.569   -7.942   -7.913   -2.942   -2.345    0.671    1.381
    8.053    8.236   10.444   10.641   10.914   11.163
           -0.106666  0.577351  0.000000
  -14.711  -14.628  -13.658  -13.590   -7.845   -7.817   -2.974   -2.377    0.680    1.395
    7.920    8.099   10.416   10.611   10.905   11.130
           -0.099999  0.577351  0.000000
  -14.732  -14.649  -13.678  -13.610   -7.752   -7.725   -3.004   -2.406    0.687    1.408
    7.793    7.969   10.391   10.582   10.896   11.100
           -0.093332  0.577351  0.000000
  -14.751  -14.668  -13.697  -13.629   -7.663   -7.637   -3.032   -2.434    0.693    1.420
    7.672    7.845   10.367   10.556   10.887   11.071
           -0.086666  0.577351  0.000000
  -14.770  -14.687  -13.715  -13.646   -7.580   -7.554   -3.058   -2.460    0.699    1.430
    7.558    7.728   10.344   10.531   10.878   11.044
           -0.079999  0.577351  0.000000
  -14.787  -14.703  -13.731  -13.663   -7.500   -7.476   -3.082   -2.483    0.704    1.440
    7.450    7.618   10.323   10.507   10.869   11.019
           -0.073333  0.577351  0.000000
  -14.802  -14.719  -13.746  -13.678   -7.426   -7.402   -3.105   -2.505    0.708    1.448
    7.349    7.515   10.304   10.486   10.861   10.997
           -0.066666  0.577351  0.000000
  -14.816  -14.733  -13.760  -13.691   -7.357   -7.334   -3.125   -2.525    0.712    1.456
    7.257    7.421   10.286   10.467   10.853   10.976
           -0.059999  0.577351  0.000000
  -14.829  -14.746  -13.773  -13.704   -7.294   -7.272   -3.143   -2.543    0.715    1.462
    7.171    7.334   10.270   10.449   10.845   10.957
           -0.053333  0.577351  0.000000
  -14.841  -14.757  -13.784  -13.715   -7.237   -7.215   -3.159   -2.559    0.717    1.468
    7.094    7.256   10.255   10.433   10.838   10.940
           -0.046666  0.577351  0.000000
  -14.851  -14.767  -13.794  -13.725   -7.187   -7.165   -3.174   -2.574    0.720    1.473
    7.026    7.186   10.242   10.419   10.832   10.925
           -0.040000  0.577351  0.000000
  -14.860  -14.776  -13.803  -13.733   -7.142   -7.120   -3.187   -2.586    0.721    1.478
    6.966    7.125   10.231   10.407   10.826   10.912
           -0.033333  0.577351  0.000000
  -14.867  -14.783  -13.810  -13.741   -7.104   -7.083   -3.197   -2.596    0.723    1.481
    6.915    7.073   10.222   10.397   10.821   10.901
           -0.026666  0.577350  0.000000
  -14.873  -14.789  -13.816  -13.746   -7.072   -7.051   -3.206   -2.605    0.724    1.484
    6.873    7.031   10.214   10.388   10.817   10.892
           -0.020000  0.577350  0.000000
  -14.878  -14.794  -13.821  -13.751   -7.047   -7.027   -3.212   -2.612    0.725    1.487
    6.839    6.997   10.208   10.382   10.814   10.885
           -0.013333  0.577350  0.000000
  -14.881  -14.797  -13.824  -13.755   -7.029   -7.009   -3.217   -2.616    0.726    1.488
    6.816    6.973   10.204   10.377   10.812   10.880
           -0.006667  0.577350  0.000000
  -14.883  -14.799  -13.826  -13.757   -7.019   -6.999   -3.220   -2.619    0.726    1.489
    6.802    6.959   10.201   10.374   10.811   10.877
            0.000000  0.577350  0.000000
  -14.884  -14.800  -13.827  -13.757   -7.015   -6.995   -3.221   -2.620    0.726    1.489
    6.797    6.954   10.201   10.373   10.810   10.876
            0.000000  0.565803  0.000000
  -14.926  -14.842  -13.781  -13.711   -7.013   -6.993   -3.238   -2.635    0.746    1.508
    6.798    6.955    9.981   10.541   10.596   11.149
            0.000000  0.554256  0.000000
  -15.037  -14.952  -13.660  -13.590   -7.005   -6.986   -3.286   -2.679    0.807    1.562
    6.802    6.959    9.697   10.246   10.890   11.397
            0.000000  0.542709  0.000000
  -15.186  -15.101  -13.493  -13.424   -6.994   -6.974   -3.364   -2.749    0.903    1.650
    6.808    6.965    9.414    9.956   11.110   11.204
            0.000000  0.531162  0.000000
  -15.355  -15.270  -13.299  -13.231   -6.978   -6.958   -3.467   -2.843    1.033    1.768
    6.816    6.973    9.134    9.670   10.841   11.478
            0.000000  0.519615  0.000000
  -15.533  -15.447  -13.090  -13.023   -6.956   -6.937   -3.591   -2.957    1.191    1.912
    6.827    6.984    8.859    9.389   10.562   11.261
            0.000000  0.508068  0.000000
  -15.715  -15.628  -12.869  -12.803   -6.931   -6.911   -3.732   -3.086    1.373    2.080
    6.840    6.997    8.589    9.114   10.286   11.032
            0.000000  0.496521  0.000000
  -15.897  -15.809  -12.641  -12.577   -6.900   -6.881   -3.884   -3.227    1.575    2.267
    6.854    7.013    8.325    8.844   10.013   10.802
            0.000000  0.484974  0.000000
  -16.079  -15.990  -12.407  -12.344   -6.865   -6.846   -4.047   -3.379    1.794    2.470
    6.870    7.030    8.066    8.580    9.744   10.574
            0.000000  0.473427  0.000000
  -16.259  -16.169  -12.168  -12.106   -6.825   -6.806   -4.216   -3.537    2.027    2.687
    6.887    7.050    7.815    8.322    9.481   10.348
            0.000000  0.461880  0.000000
  -16.436  -16.345  -11.925  -11.865   -6.781   -6.762   -4.389   -3.701    2.270    2.915
    6.902    7.071    7.573    8.070    9.223   10.125
            0.000000  0.450333  0.000000
  -16.611  -16.519  -11.678  -11.619   -6.733   -6.714   -4.565   -3.867    2.524    3.153
    6.910    7.094    7.345    7.824    8.970    9.906
            0.000000  0.438786  0.000000
  -16.782  -16.689  -11.428  -11.371   -6.680   -6.661   -4.743   -4.036    2.785    3.398
    6.884    7.117    7.160    7.586    8.724    9.690
            0.000000  0.427239  0.000000
  -16.950  -16.856  -11.175  -11.119   -6.623   -6.604   -4.921   -4.205    3.053    3.650
    6.759    7.080    7.135    7.362    8.484    9.478
            0.000000  0.415692  0.000000
  -17.115  -17.020  -10.920  -10.865   -6.562   -6.543   -5.098   -4.374    3.326    3.905
    6.564    7.077    7.077    7.221    8.250    9.271
            0.000000  0.404145  0.000000
  -17.275  -17.179  -10.663  -10.609   -6.496   -6.478   -5.274   -4.542    3.603    4.165
    6.355    6.880    7.097    7.228    8.023    9.068
            0.000000  0.392598  0.000000
  -17.432  -17.334  -10.403  -10.351   -6.427   -6.409   -5.448   -4.708    3.884    4.428
    6.146    6.670    7.122    7.256    7.803    8.871
            0.000000  0.381051  0.000000
  -17.584  -17.486  -10.142  -10.091   -6.354   -6.335   -5.619   -4.872    4.166    4.691
    5.940    6.464    7.149    7.289    7.592    8.679
            0.000000  0.369504  0.000000
  -17.732  -17.633   -9.879   -9.830   -6.277   -6.258   -5.787   -5.033    4.451    4.954
    5.739    6.267    7.166    7.323    7.399    8.492
            0.000000  0.357957  0.000000
  -17.877  -17.777   -9.615   -9.567   -6.196   -6.178   -5.951   -5.191    4.737    5.209
    5.544    6.083    7.110    7.286    7.359    8.312
            0.000000  0.346410  0.000000
  -18.017  -17.916   -9.350   -9.304   -6.112   -6.112   -6.093   -5.346    5.021    5.356
    5.435    5.935    6.946    7.288    7.396    8.140
            0.000000  0.334863  0.000000
  -18.152  -18.051   -9.085   -9.040   -6.269   -6.024   -6.006   -5.498    5.160    5.317
    5.523    5.931    6.763    7.313    7.432    7.975
            0.000000  0.323316  0.000000
  -18.284  -18.181   -8.820   -8.776   -6.421   -5.933   -5.915   -5.645    4.987    5.421
    5.594    6.123    6.583    7.336    7.465    7.783
            0.000000  0.311769  0.000000
  -18.411  -18.307   -8.554   -8.512   -6.569   -5.840   -5.822   -5.788    4.816    5.268
    5.873    6.368    6.408    7.346    7.479    7.633
            0.000000  0.300222  0.000000
  -18.534  -18.429   -8.290   -8.248   -6.713   -5.927   -5.743   -5.726    4.650    5.109
    6.131    6.256    6.623    7.319    7.396    7.590
            0.000000  0.288675  0.000000
  -18.652  -18.547   -8.026   -7.985   -6.852   -6.062   -5.644   -5.627    4.490    4.952
    6.062    6.427    6.874    7.245    7.256    7.599
            0.000000  0.277128  0.000000
  -18.766  -18.660   -7.764   -7.724   -6.987   -6.192   -5.543   -5.527    4.336    4.800
    5.907    6.666    7.028    7.159    7.206    7.604
            0.000000  0.265581  0.000000
  -18.875  -18.768   -7.503   -7.465   -7.116   -6.318   -5.440   -5.424    4.188    4.652
    5.756    6.809    6.920    7.161    7.420    7.630
            0.000000  0.254034  0.000000
  -18.980  -18.873   -7.249   -7.236   -7.208   -6.438   -5.336   -5.319    4.046    4.510
    5.610    6.774    6.782    7.337    7.663    7.664
            0.000000  0.242487  0.000000
  -19.080  -18.972   -7.360   -6.988   -6.954   -6.554   -5.230   -5.213    3.910    4.374
    5.471    6.646    6.674    7.572    7.694    7.752
            0.000000  0.230940  0.000000
  -19.176  -19.067   -7.475   -6.736   -6.704   -6.664   -5.123   -5.107    3.781    4.244
    5.339    6.515    6.565    7.727    7.785    7.812
            0.000000  0.219393  0.000000
  -19.267  -19.158   -7.584   -6.771   -6.487   -6.456   -5.015   -5.000    3.658    4.121
    5.212    6.390    6.455    7.758    7.815    8.040
            0.000000  0.207846  0.000000
  -19.354  -19.244   -7.687   -6.872   -6.243   -6.213   -4.908   -4.892    3.541    4.003
    5.092    6.271    6.349    7.787    7.842    8.182
            0.000000  0.196299  0.000000
  -19.436  -19.326   -7.786   -6.968   -6.005   -5.977   -4.801   -4.785    3.431    3.892
    4.978    6.159    6.247    7.812    7.866    8.142
            0.000000  0.184752  0.000000
  -19.514  -19.403   -7.879   -7.058   -5.773   -5.746   -4.694   -4.679    3.326    3.787
    4.871    6.052    6.150    7.833    7.886    8.059
            0.000000  0.173205  0.000000
  -19.586  -19.475   -7.966   -7.143   -5.547   -5.522   -4.589   -4.575    3.228    3.688
    4.771    5.953    6.058    7.846    7.904    7.976
            0.000000  0.161658  0.000000
  -19.655  -19.542   -8.048   -7.223   -5.329   -5.306   -4.486   -4.472    3.137    3.595
    4.677    5.859    5.972    7.836    7.916    7.918
            0.000000  0.150111  0.000000
  -19.718  -19.605   -8.125   -7.297   -5.120   -5.098   -4.386   -4.372    3.051    3.509
    4.589    5.772    5.892    7.781    7.902    7.926
            0.000000  0.138564  0.000000
  -19.777  -19.664   -8.196   -7.366   -4.920   -4.900   -4.289   -4.276    2.972    3.429
    4.508    5.691    5.817    7.712    7.903    7.931
            0.000000  0.127017  0.000000
  -19.831  -19.718   -8.261   -7.430   -4.731   -4.712   -4.196   -4.183    2.899    3.356
    4.433    5.617    5.748    7.645    7.903    7.933
            0.000000  0.115470  0.000000
  -19.881  -19.767   -8.321   -7.488   -4.554   -4.536   -4.108   -4.095    2.833    3.289
    4.365    5.549    5.685    7.583    7.901    7.931
            0.000000  0.103923  0.000000
  -19.926  -19.811   -8.375   -7.541   -4.389   -4.372   -4.024   -4.013    2.773    3.228
    4.303    5.487    5.629    7.526    7.896    7.927
            0.000000  0.092376  0.000000
  -19.966  -19.851   -8.423   -7.588   -4.239   -4.223   -3.948   -3.937    2.719    3.174
    4.248    5.432    5.578    7.475    7.888    7.919
            0.000000  0.080829  0.000000
  -20.001  -19.886   -8.466   -7.630   -4.102   -4.088   -3.878   -3.867    2.672    3.126
    4.199    5.384    5.533    7.430    7.878    7.910
            0.000000  0.069282  0.000000
  -20.032  -19.917   -8.503   -7.667   -3.982   -3.969   -3.816   -3.805    2.631    3.084
    4.157    5.342    5.493    7.391    7.867    7.900
            0.000000  0.057735  0.000000
  -20.058  -19.943   -8.535   -7.697   -3.878   -3.866   -3.762   -3.751    2.596    3.049
    4.121    5.306    5.460    7.358    7.856    7.890
            0.000000  0.046188  0.000000
  -20.079  -19.964   -8.561   -7.722   -3.790   -3.780   -3.717   -3.706    2.567    3.020
    4.092    5.277    5.433    7.330    7.845    7.882
            0.000000  0.034641  0.000000
  -20.096  -19.980   -8.581   -7.742   -3.722   -3.712   -3.681   -3.670    2.545    2.998
    4.069    5.255    5.412    7.309    7.837    7.874
            0.000000  0.023094  0.000000
  -20.107  -19.992   -8.595   -7.756   -3.673   -3.663   -3.655   -3.645    2.529    2.982
    4.053    5.238    5.397    7.294    7.829    7.864
            0.000000  0.011547  0.000000
  -20.114  -19.999   -8.603   -7.764   -3.644   -3.639   -3.634   -3.629    2.520    2.972
    4.043    5.229    5.388    7.285    7.824    7.833
            0.000000  0.000000  0.000000
  -20.117  -20.001   -8.606   -7.767   -3.634   -3.634   -3.624   -3.624    2.517    2.969
    4.040    5.226    5.385    7.282    7.821    7.821
