 &plot nbnd=  16, nks=    51 /
            0.000000  0.000000  0.000000
  -21.215   -8.839   -5.014   -5.014    0.751    1.847    2.582    4.289    5.008    7.691
    8.012    8.012    8.361   10.102   11.065   14.152
           -0.015871  0.027494  0.000000
  -21.201   -8.821   -5.078   -5.044    0.776    1.869    2.607    4.310    5.033    7.695
    7.993    8.075    8.404   10.078   11.101   14.162
           -0.031743  0.054988  0.000000
  -21.158   -8.762   -5.260   -5.131    0.851    1.937    2.679    4.375    5.108    7.706
    7.958    8.247    8.533   10.015   11.210   14.196
           -0.047614  0.082481  0.000000
  -21.086   -8.665   -5.547   -5.273    0.975    2.049    2.800    4.482    5.231    7.709
    7.930    8.456    8.785    9.927   11.388   14.256
           -0.063486  0.109975  0.000000
  -20.986   -8.530   -5.919   -5.467    1.146    2.205    2.969    4.630    5.401    7.683
    7.924    8.648    9.181    9.840   11.635   14.347
           -0.079357  0.137469  0.000000
  -20.859   -8.357   -6.356   -5.707    1.364    2.403    3.185    4.814    5.615    7.599
    7.950    8.843    9.666    9.792   11.955   14.470
           -0.095229  0.164963  0.000000
  -20.704   -8.147   -6.836   -5.986    1.626    2.641    3.449    5.026    5.874    7.435
    8.014    9.055    9.822   10.189   12.357   14.623
           -0.111100  0.192457  0.000000
  -20.525   -7.903   -7.343   -6.300    1.934    2.916    3.760    5.248    6.176    7.210
    8.120    9.287    9.945   10.710   12.850   14.796
           -0.126971  0.219950  0.000000
  -20.321   -7.863   -7.625   -6.640    2.286    3.217    4.118    5.434    6.521    6.995
    8.269    9.538   10.155   11.208   13.428   14.960
           -0.142843  0.247444  0.000000
  -20.095   -8.384   -7.315   -6.999    2.683    3.523    4.524    5.493    6.909    6.926
    8.460    9.805   10.435   11.681   14.071   15.049
           -0.158714  0.274938  0.000000
  -19.850   -8.895   -7.371   -6.976    3.125    3.775    4.977    5.415    7.097    7.338
    8.691   10.085   10.765   12.143   14.736   14.939
           -0.174586  0.302432  0.000000
  -19.588   -9.387   -7.750   -6.612    3.611    3.840    5.410    5.476    7.446    7.807
    8.956   10.376   11.122   12.610   14.581   15.362
           -0.190457  0.329926  0.000000
  -19.314   -9.852   -8.130   -6.229    3.633    4.140    5.654    6.023    7.896    8.312
    9.247   10.678   11.461   13.094   14.136   15.835
           -0.206329  0.357419  0.000000
  -19.034  -10.281   -8.507   -5.830    3.262    4.712    6.084    6.616    8.405    8.845
    9.554   10.994   11.690   13.603   13.820   15.940
           -0.222200  0.384913  0.000000
  -18.753  -10.665   -8.877   -5.426    2.836    5.325    6.610    7.256    8.945    9.389
    9.874   11.335   11.696   13.815   14.136   15.591
           -0.238071  0.412407  0.000000
  -18.482  -10.995   -9.234   -5.027    2.412    5.977    7.184    7.940    9.472    9.870
   10.249   11.548   11.709   14.107   14.675   15.039
           -0.253943  0.439901  0.000000
  -18.229  -11.259   -9.577   -4.646    2.019    6.664    7.762    8.666    9.896   10.174
   10.758   11.507   12.119   14.456   14.489   15.100
           -0.269814  0.467395  0.000000
  -18.008  -11.446   -9.900   -4.302    1.679    7.378    8.267    9.424   10.150   10.359
   11.299   11.794   12.536   13.983   14.460   14.759
           -0.285686  0.494888  0.000000
  -17.829  -11.551  -10.200   -4.013    1.410    8.102    8.572   10.132   10.444   10.554
   11.705   12.346   12.873   13.794   13.947   14.277
           -0.301557  0.522382  0.000000
  -17.700  -11.571  -10.467   -3.799    1.223    8.641    8.794   10.388   10.962   11.177
   11.752   12.913   13.166   13.475   13.751   14.048
           -0.317429  0.549876  0.000000
  -17.625  -11.528  -10.679   -3.673    1.120    8.607    9.325   10.519   11.384   11.611
   12.115   12.788   13.257   13.470   13.474   13.936
           -0.333300  0.577370  0.000000
  -17.602  -11.488  -10.774   -3.634    1.091    8.583    9.501   10.703   11.161   12.035
   12.531   12.803   12.991   13.155   13.373   14.007
           -0.303000  0.577368  0.000000
  -17.620  -11.542  -10.674   -3.663    1.110    8.613    9.402   10.470   11.322   11.780
   12.499   12.508   12.671   13.614   13.635   13.984
           -0.272700  0.577366  0.000000
  -17.668  -11.671  -10.419   -3.743    1.149    8.706    9.177   10.113   11.281   11.425
   12.152   12.278   12.327   13.715   13.824   14.021
           -0.242400  0.577365  0.000000
  -17.736  -11.819  -10.081   -3.854    1.190    8.851    8.875    9.770   10.948   11.096
   11.805   11.987   12.052   13.506   13.560   14.217
           -0.212100  0.577363  0.000000
  -17.813  -11.963   -9.701   -3.979    1.219    8.504    9.017    9.464   10.511   10.808
   11.495   11.661   11.881   13.274   13.317   14.088
           -0.181800  0.577361  0.000000
  -17.894  -12.093   -9.303   -4.105    1.233    8.071    9.163    9.204   10.090   10.564
   11.224   11.371   11.786   13.024   13.150   13.878
           -0.151500  0.577359  0.000000
  -17.971  -12.205   -8.912   -4.223    1.233    7.601    8.988    9.257    9.734   10.365
   10.996   11.126   11.756   12.815   13.002   13.661
           -0.121200  0.577357  0.000000
  -18.039  -12.299   -8.549   -4.327    1.223    7.134    8.815    9.291    9.456   10.207
   10.808   10.926   11.758   12.650   12.876   13.479
           -0.090900  0.577356  0.000000
  -18.096  -12.372   -8.235   -4.412    1.209    6.717    8.682    9.251    9.285   10.087
   10.662   10.771   11.761   12.526   12.775   13.336
           -0.060600  0.577354  0.000000
  -18.138  -12.425   -7.991   -4.475    1.195    6.388    8.587    9.109    9.262   10.003
   10.557   10.660   11.755   12.440   12.702   13.233
           -0.030300  0.577352  0.000000
  -18.163  -12.456   -7.836   -4.513    1.186    6.178    8.531    9.027    9.241    9.952
   10.495   10.594   11.745   12.389   12.657   13.170
            0.000000  0.577350  0.000000
  -18.172  -12.467   -7.783   -4.526    1.182    6.106    8.512    8.999    9.233    9.936
   10.474   10.572   11.741   12.372   12.642   13.150
            0.000000  0.545275  0.000000
  -18.216  -12.399   -7.767   -4.596    1.273    6.065    8.022    8.750    9.500    9.746
   10.378   11.323   11.394   12.108   12.843   13.696
            0.000000  0.513200  0.000000
  -18.341  -12.199   -7.720   -4.793    1.528    5.917    7.468    8.054    8.885   10.333
   10.363   11.396   11.403   12.348   13.381   14.304
            0.000000  0.481125  0.000000
  -18.531  -11.887   -7.642   -5.084    1.911    5.612    7.080    7.374    8.163    9.750
   10.532   11.318   12.043   13.284   13.437   14.283
            0.000000  0.449050  0.000000
  -18.765  -11.484   -7.534   -5.433    2.377    5.161    6.739    6.832    7.529    9.118
    9.943   11.991   12.341   13.537   13.742   14.405
            0.000000  0.416975  0.000000
  -19.025  -11.009   -7.397   -5.811    2.879    4.643    6.165    6.520    7.114    8.522
    9.347   12.078   12.371   13.602   14.099   15.321
            0.000000  0.384900  0.000000
  -19.296  -10.483   -7.234   -6.198    3.354    4.117    5.683    6.028    6.969    7.975
    8.800   11.658   12.154   13.802   14.708   14.907
            0.000000  0.352825  0.000000
  -19.566   -9.917   -7.046   -6.579    3.611    3.695    5.371    5.504    6.906    7.496
    8.322   11.229   11.712   13.878   14.079   15.135
            0.000000  0.320750  0.000000
  -19.828   -9.327   -6.944   -6.838    3.137    3.745    5.009    5.333    6.827    7.114
    7.947   10.827   11.241   13.244   13.704   15.273
            0.000000  0.288675  0.000000
  -20.075   -8.724   -7.286   -6.612    2.700    3.536    4.554    5.443    6.668    6.904
    7.715   10.471   10.781   12.419   13.390   15.193
            0.000000  0.256600  0.000000
  -20.304   -8.120   -7.601   -6.375    2.304    3.239    4.145    5.428    6.423    6.950
    7.627   10.175   10.347   11.625   13.020   15.018
            0.000000  0.224525  0.000000
  -20.511   -7.884   -7.527   -6.131    1.950    2.936    3.781    5.260    6.142    7.172
    7.630    9.944    9.954   10.874   12.638   14.822
            0.000000  0.192450  0.000000
  -20.694   -8.133   -6.959   -5.890    1.640    2.657    3.465    5.039    5.867    7.413
    7.675    9.574    9.824   10.181   12.269   14.637
            0.000000  0.160375  0.000000
  -20.851   -8.347   -6.431   -5.659    1.375    2.414    3.197    4.824    5.618    7.589
    7.741    9.242    9.562    9.789   11.930   14.478
            0.000000  0.128300  0.000000
  -20.981   -8.523   -5.961   -5.449    1.154    2.212    2.977    4.637    5.406    7.680
    7.812    8.953    9.028    9.835   11.634   14.351
            0.000000  0.096225  0.000000
  -21.083   -8.662   -5.566   -5.270    0.980    2.053    2.805    4.486    5.235    7.709
    7.883    8.595    8.712    9.924   11.392   14.258
            0.000000  0.064150  0.000000
  -21.157   -8.760   -5.267   -5.131    0.853    1.939    2.681    4.377    5.110    7.706
    7.945    8.274    8.527   10.014   11.213   14.197
            0.000000  0.032075  0.000000
  -21.201   -8.820   -5.079   -5.045    0.777    1.870    2.607    4.311    5.034    7.696
    7.992    8.077    8.405   10.078   11.102   14.162
            0.000000  0.000000  0.000000
  -21.215   -8.839   -5.014   -5.014    0.751    1.847    2.582    4.289    5.008    7.691
    8.012    8.012    8.361   10.102   11.065   14.152
