#  E (eV)   dos(E)     Int dos(E) EFermi =   -1.769 eV
 -10.000  0.4380E+00  0.4380E-02
  -9.990  0.4430E+00  0.8811E-02
  -9.980  0.4471E+00  0.1328E-01
  -9.970  0.4500E+00  0.1778E-01
  -9.960  0.4516E+00  0.2230E-01
  -9.950  0.4516E+00  0.2681E-01
  -9.940  0.4502E+00  0.3132E-01
  -9.930  0.4473E+00  0.3579E-01
  -9.920  0.4432E+00  0.4022E-01
  -9.910  0.4379E+00  0.4460E-01
  -9.900  0.4317E+00  0.4892E-01
  -9.890  0.4250E+00  0.5317E-01
  -9.880  0.4181E+00  0.5735E-01
  -9.870  0.4114E+00  0.6146E-01
  -9.860  0.4052E+00  0.6551E-01
  -9.850  0.3998E+00  0.6951E-01
  -9.840  0.3957E+00  0.7347E-01
  -9.830  0.3931E+00  0.7740E-01
  -9.820  0.3920E+00  0.8132E-01
  -9.810  0.3928E+00  0.8525E-01
  -9.800  0.3954E+00  0.8920E-01
  -9.790  0.3998E+00  0.9320E-01
  -9.780  0.4059E+00  0.9726E-01
  -9.770  0.4136E+00  0.1014E+00
  -9.760  0.4225E+00  0.1056E+00
  -9.750  0.4323E+00  0.1099E+00
  -9.740  0.4428E+00  0.1144E+00
  -9.730  0.4536E+00  0.1189E+00
  -9.720  0.4643E+00  0.1235E+00
  -9.710  0.4745E+00  0.1283E+00
  -9.700  0.4840E+00  0.1331E+00
  -9.690  0.4924E+00  0.1381E+00
  -9.680  0.4994E+00  0.1431E+00
  -9.670  0.5050E+00  0.1481E+00
  -9.660  0.5090E+00  0.1532E+00
  -9.650  0.5113E+00  0.1583E+00
  -9.640  0.5121E+00  0.1634E+00
  -9.630  0.5114E+00  0.1685E+00
  -9.620  0.5093E+00  0.1736E+00
  -9.610  0.5062E+00  0.1787E+00
  -9.600  0.5023E+00  0.1837E+00
  -9.590  0.4978E+00  0.1887E+00
  -9.580  0.4933E+00  0.1936E+00
  -9.570  0.4889E+00  0.1985E+00
  -9.560  0.4850E+00  0.2034E+00
  -9.550  0.4819E+00  0.2082E+00
  -9.540  0.4800E+00  0.2130E+00
  -9.530  0.4795E+00  0.2178E+00
  -9.520  0.4806E+00  0.2226E+00
  -9.510  0.4835E+00  0.2274E+00
  -9.500  0.4884E+00  0.2323E+00
  -9.490  0.4952E+00  0.2373E+00
  -9.480  0.5041E+00  0.2423E+00
  -9.470  0.5149E+00  0.2475E+00
  -9.460  0.5277E+00  0.2527E+00
  -9.450  0.5421E+00  0.2581E+00
  -9.440  0.5582E+00  0.2637E+00
  -9.430  0.5755E+00  0.2695E+00
  -9.420  0.5939E+00  0.2754E+00
  -9.410  0.6131E+00  0.2816E+00
  -9.400  0.6327E+00  0.2879E+00
  -9.390  0.6523E+00  0.2944E+00
  -9.380  0.6716E+00  0.3011E+00
  -9.370  0.6902E+00  0.3080E+00
  -9.360  0.7078E+00  0.3151E+00
  -9.350  0.7241E+00  0.3223E+00
  -9.340  0.7387E+00  0.3297E+00
  -9.330  0.7515E+00  0.3372E+00
  -9.320  0.7621E+00  0.3449E+00
  -9.310  0.7705E+00  0.3526E+00
  -9.300  0.7766E+00  0.3603E+00
  -9.290  0.7804E+00  0.3681E+00
  -9.280  0.7818E+00  0.3760E+00
  -9.270  0.7811E+00  0.3838E+00
  -9.260  0.7783E+00  0.3916E+00
  -9.250  0.7737E+00  0.3993E+00
  -9.240  0.7677E+00  0.4070E+00
  -9.230  0.7604E+00  0.4146E+00
  -9.220  0.7523E+00  0.4221E+00
  -9.210  0.7437E+00  0.4295E+00
  -9.200  0.7350E+00  0.4369E+00
  -9.190  0.7267E+00  0.4441E+00
  -9.180  0.7190E+00  0.4513E+00
  -9.170  0.7124E+00  0.4585E+00
  -9.160  0.7072E+00  0.4655E+00
  -9.150  0.7036E+00  0.4726E+00
  -9.140  0.7018E+00  0.4796E+00
  -9.130  0.7021E+00  0.4866E+00
  -9.120  0.7046E+00  0.4937E+00
  -9.110  0.7092E+00  0.5007E+00
  -9.100  0.7158E+00  0.5079E+00
  -9.090  0.7244E+00  0.5151E+00
  -9.080  0.7346E+00  0.5225E+00
  -9.070  0.7463E+00  0.5300E+00
  -9.060  0.7590E+00  0.5375E+00
  -9.050  0.7723E+00  0.5453E+00
  -9.040  0.7858E+00  0.5531E+00
  -9.030  0.7989E+00  0.5611E+00
  -9.020  0.8114E+00  0.5692E+00
  -9.010  0.8226E+00  0.5775E+00
  -9.000  0.8323E+00  0.5858E+00
  -8.990  0.8400E+00  0.5942E+00
  -8.980  0.8455E+00  0.6026E+00
  -8.970  0.8486E+00  0.6111E+00
  -8.960  0.8493E+00  0.6196E+00
  -8.950  0.8476E+00  0.6281E+00
  -8.940  0.8436E+00  0.6365E+00
  -8.930  0.8376E+00  0.6449E+00
  -8.920  0.8300E+00  0.6532E+00
  -8.910  0.8210E+00  0.6614E+00
  -8.900  0.8112E+00  0.6695E+00
  -8.890  0.8011E+00  0.6775E+00
  -8.880  0.7913E+00  0.6854E+00
  -8.870  0.7820E+00  0.6933E+00
  -8.860  0.7740E+00  0.7010E+00
  -8.850  0.7674E+00  0.7087E+00
  -8.840  0.7627E+00  0.7163E+00
  -8.830  0.7600E+00  0.7239E+00
  -8.820  0.7595E+00  0.7315E+00
  -8.810  0.7612E+00  0.7391E+00
  -8.800  0.7651E+00  0.7468E+00
  -8.790  0.7710E+00  0.7545E+00
  -8.780  0.7786E+00  0.7623E+00
  -8.770  0.7877E+00  0.7701E+00
  -8.760  0.7979E+00  0.7781E+00
  -8.750  0.8090E+00  0.7862E+00
  -8.740  0.8204E+00  0.7944E+00
  -8.730  0.8320E+00  0.8027E+00
  -8.720  0.8434E+00  0.8112E+00
  -8.710  0.8543E+00  0.8197E+00
  -8.700  0.8644E+00  0.8284E+00
  -8.690  0.8737E+00  0.8371E+00
  -8.680  0.8819E+00  0.8459E+00
  -8.670  0.8891E+00  0.8548E+00
  -8.660  0.8952E+00  0.8638E+00
  -8.650  0.9003E+00  0.8728E+00
  -8.640  0.9044E+00  0.8818E+00
  -8.630  0.9076E+00  0.8909E+00
  -8.620  0.9101E+00  0.9000E+00
  -8.610  0.9121E+00  0.9091E+00
  -8.600  0.9137E+00  0.9182E+00
  -8.590  0.9150E+00  0.9274E+00
  -8.580  0.9164E+00  0.9365E+00
  -8.570  0.9178E+00  0.9457E+00
  -8.560  0.9195E+00  0.9549E+00
  -8.550  0.9215E+00  0.9641E+00
  -8.540  0.9241E+00  0.9734E+00
  -8.530  0.9273E+00  0.9827E+00
  -8.520  0.9311E+00  0.9920E+00
  -8.510  0.9357E+00  0.1001E+01
  -8.500  0.9411E+00  0.1011E+01
  -8.490  0.9472E+00  0.1020E+01
  -8.480  0.9542E+00  0.1030E+01
  -8.470  0.9620E+00  0.1039E+01
  -8.460  0.9706E+00  0.1049E+01
  -8.450  0.9798E+00  0.1059E+01
  -8.440  0.9897E+00  0.1069E+01
  -8.430  0.1000E+01  0.1079E+01
  -8.420  0.1011E+01  0.1089E+01
  -8.410  0.1022E+01  0.1099E+01
  -8.400  0.1034E+01  0.1109E+01
  -8.390  0.1045E+01  0.1120E+01
  -8.380  0.1056E+01  0.1130E+01
  -8.370  0.1066E+01  0.1141E+01
  -8.360  0.1076E+01  0.1152E+01
  -8.350  0.1085E+01  0.1163E+01
  -8.340  0.1093E+01  0.1174E+01
  -8.330  0.1099E+01  0.1185E+01
  -8.320  0.1104E+01  0.1196E+01
  -8.310  0.1108E+01  0.1207E+01
  -8.300  0.1110E+01  0.1218E+01
  -8.290  0.1110E+01  0.1229E+01
  -8.280  0.1109E+01  0.1240E+01
  -8.270  0.1107E+01  0.1251E+01
  -8.260  0.1103E+01  0.1262E+01
  -8.250  0.1099E+01  0.1273E+01
  -8.240  0.1093E+01  0.1284E+01
  -8.230  0.1088E+01  0.1295E+01
  -8.220  0.1082E+01  0.1306E+01
  -8.210  0.1076E+01  0.1317E+01
  -8.200  0.1071E+01  0.1327E+01
  -8.190  0.1066E+01  0.1338E+01
  -8.180  0.1061E+01  0.1348E+01
  -8.170  0.1056E+01  0.1359E+01
  -8.160  0.1052E+01  0.1370E+01
  -8.150  0.1048E+01  0.1380E+01
  -8.140  0.1044E+01  0.1390E+01
  -8.130  0.1039E+01  0.1401E+01
  -8.120  0.1034E+01  0.1411E+01
  -8.110  0.1029E+01  0.1422E+01
  -8.100  0.1022E+01  0.1432E+01
  -8.090  0.1015E+01  0.1442E+01
  -8.080  0.1006E+01  0.1452E+01
  -8.070  0.9957E+00  0.1462E+01
  -8.060  0.9843E+00  0.1472E+01
  -8.050  0.9717E+00  0.1481E+01
  -8.040  0.9581E+00  0.1491E+01
  -8.030  0.9435E+00  0.1500E+01
  -8.020  0.9283E+00  0.1510E+01
  -8.010  0.9128E+00  0.1519E+01
  -8.000  0.8971E+00  0.1528E+01
  -7.990  0.8818E+00  0.1537E+01
  -7.980  0.8670E+00  0.1545E+01
  -7.970  0.8530E+00  0.1554E+01
  -7.960  0.8401E+00  0.1562E+01
  -7.950  0.8285E+00  0.1571E+01
  -7.940  0.8183E+00  0.1579E+01
  -7.930  0.8097E+00  0.1587E+01
  -7.920  0.8027E+00  0.1595E+01
  -7.910  0.7972E+00  0.1603E+01
  -7.900  0.7933E+00  0.1611E+01
  -7.890  0.7908E+00  0.1619E+01
  -7.880  0.7897E+00  0.1627E+01
  -7.870  0.7897E+00  0.1634E+01
  -7.860  0.7906E+00  0.1642E+01
  -7.850  0.7924E+00  0.1650E+01
  -7.840  0.7948E+00  0.1658E+01
  -7.830  0.7977E+00  0.1666E+01
  -7.820  0.8007E+00  0.1674E+01
  -7.810  0.8039E+00  0.1682E+01
  -7.800  0.8070E+00  0.1690E+01
  -7.790  0.8099E+00  0.1698E+01
  -7.780  0.8124E+00  0.1707E+01
  -7.770  0.8145E+00  0.1715E+01
  -7.760  0.8161E+00  0.1723E+01
  -7.750  0.8170E+00  0.1731E+01
  -7.740  0.8174E+00  0.1739E+01
  -7.730  0.8170E+00  0.1747E+01
  -7.720  0.8161E+00  0.1756E+01
  -7.710  0.8145E+00  0.1764E+01
  -7.700  0.8123E+00  0.1772E+01
  -7.690  0.8095E+00  0.1780E+01
  -7.680  0.8062E+00  0.1788E+01
  -7.670  0.8025E+00  0.1796E+01
  -7.660  0.7985E+00  0.1804E+01
  -7.650  0.7941E+00  0.1812E+01
  -7.640  0.7893E+00  0.1820E+01
  -7.630  0.7844E+00  0.1828E+01
  -7.620  0.7791E+00  0.1835E+01
  -7.610  0.7736E+00  0.1843E+01
  -7.600  0.7679E+00  0.1851E+01
  -7.590  0.7619E+00  0.1858E+01
  -7.580  0.7557E+00  0.1866E+01
  -7.570  0.7492E+00  0.1874E+01
  -7.560  0.7424E+00  0.1881E+01
  -7.550  0.7355E+00  0.1888E+01
  -7.540  0.7285E+00  0.1896E+01
  -7.530  0.7215E+00  0.1903E+01
  -7.520  0.7146E+00  0.1910E+01
  -7.510  0.7080E+00  0.1917E+01
  -7.500  0.7017E+00  0.1924E+01
  -7.490  0.6961E+00  0.1931E+01
  -7.480  0.6912E+00  0.1938E+01
  -7.470  0.6871E+00  0.1945E+01
  -7.460  0.6840E+00  0.1952E+01
  -7.450  0.6820E+00  0.1958E+01
  -7.440  0.6810E+00  0.1965E+01
  -7.430  0.6811E+00  0.1972E+01
  -7.420  0.6823E+00  0.1979E+01
  -7.410  0.6844E+00  0.1986E+01
  -7.400  0.6874E+00  0.1993E+01
  -7.390  0.6910E+00  0.2000E+01
  -7.380  0.6951E+00  0.2006E+01
  -7.370  0.6995E+00  0.2013E+01
  -7.360  0.7041E+00  0.2021E+01
  -7.350  0.7086E+00  0.2028E+01
  -7.340  0.7129E+00  0.2035E+01
  -7.330  0.7168E+00  0.2042E+01
  -7.320  0.7203E+00  0.2049E+01
  -7.310  0.7232E+00  0.2056E+01
  -7.300  0.7256E+00  0.2064E+01
  -7.290  0.7272E+00  0.2071E+01
  -7.280  0.7283E+00  0.2078E+01
  -7.270  0.7286E+00  0.2085E+01
  -7.260  0.7283E+00  0.2093E+01
  -7.250  0.7274E+00  0.2100E+01
  -7.240  0.7258E+00  0.2107E+01
  -7.230  0.7237E+00  0.2114E+01
  -7.220  0.7209E+00  0.2122E+01
  -7.210  0.7175E+00  0.2129E+01
  -7.200  0.7136E+00  0.2136E+01
  -7.190  0.7090E+00  0.2143E+01
  -7.180  0.7038E+00  0.2150E+01
  -7.170  0.6980E+00  0.2157E+01
  -7.160  0.6916E+00  0.2164E+01
  -7.150  0.6847E+00  0.2171E+01
  -7.140  0.6773E+00  0.2178E+01
  -7.130  0.6695E+00  0.2184E+01
  -7.120  0.6614E+00  0.2191E+01
  -7.110  0.6532E+00  0.2197E+01
  -7.100  0.6451E+00  0.2204E+01
  -7.090  0.6372E+00  0.2210E+01
  -7.080  0.6299E+00  0.2217E+01
  -7.070  0.6234E+00  0.2223E+01
  -7.060  0.6179E+00  0.2229E+01
  -7.050  0.6136E+00  0.2235E+01
  -7.040  0.6108E+00  0.2241E+01
  -7.030  0.6095E+00  0.2247E+01
  -7.020  0.6098E+00  0.2253E+01
  -7.010  0.6119E+00  0.2260E+01
  -7.000  0.6156E+00  0.2266E+01
  -6.990  0.6208E+00  0.2272E+01
  -6.980  0.6275E+00  0.2278E+01
  -6.970  0.6352E+00  0.2285E+01
  -6.960  0.6438E+00  0.2291E+01
  -6.950  0.6529E+00  0.2298E+01
  -6.940  0.6622E+00  0.2304E+01
  -6.930  0.6712E+00  0.2311E+01
  -6.920  0.6795E+00  0.2318E+01
  -6.910  0.6869E+00  0.2325E+01
  -6.900  0.6929E+00  0.2331E+01
  -6.890  0.6973E+00  0.2338E+01
  -6.880  0.6998E+00  0.2345E+01
  -6.870  0.7004E+00  0.2352E+01
  -6.860  0.6988E+00  0.2359E+01
  -6.850  0.6952E+00  0.2366E+01
  -6.840  0.6895E+00  0.2373E+01
  -6.830  0.6820E+00  0.2380E+01
  -6.820  0.6728E+00  0.2387E+01
  -6.810  0.6624E+00  0.2393E+01
  -6.800  0.6509E+00  0.2400E+01
  -6.790  0.6389E+00  0.2406E+01
  -6.780  0.6267E+00  0.2413E+01
  -6.770  0.6148E+00  0.2419E+01
  -6.760  0.6037E+00  0.2425E+01
  -6.750  0.5937E+00  0.2431E+01
  -6.740  0.5853E+00  0.2437E+01
  -6.730  0.5788E+00  0.2442E+01
  -6.720  0.5744E+00  0.2448E+01
  -6.710  0.5722E+00  0.2454E+01
  -6.700  0.5725E+00  0.2460E+01
  -6.690  0.5750E+00  0.2465E+01
  -6.680  0.5798E+00  0.2471E+01
  -6.670  0.5865E+00  0.2477E+01
  -6.660  0.5948E+00  0.2483E+01
  -6.650  0.6044E+00  0.2489E+01
  -6.640  0.6147E+00  0.2495E+01
  -6.630  0.6252E+00  0.2501E+01
  -6.620  0.6354E+00  0.2508E+01
  -6.610  0.6447E+00  0.2514E+01
  -6.600  0.6527E+00  0.2521E+01
  -6.590  0.6590E+00  0.2527E+01
  -6.580  0.6632E+00  0.2534E+01
  -6.570  0.6651E+00  0.2541E+01
  -6.560  0.6646E+00  0.2547E+01
  -6.550  0.6616E+00  0.2554E+01
  -6.540  0.6565E+00  0.2560E+01
  -6.530  0.6493E+00  0.2567E+01
  -6.520  0.6405E+00  0.2573E+01
  -6.510  0.6304E+00  0.2580E+01
  -6.500  0.6197E+00  0.2586E+01
  -6.490  0.6087E+00  0.2592E+01
  -6.480  0.5981E+00  0.2598E+01
  -6.470  0.5883E+00  0.2604E+01
  -6.460  0.5797E+00  0.2610E+01
  -6.450  0.5727E+00  0.2615E+01
  -6.440  0.5675E+00  0.2621E+01
  -6.430  0.5643E+00  0.2627E+01
  -6.420  0.5631E+00  0.2632E+01
  -6.410  0.5638E+00  0.2638E+01
  -6.400  0.5663E+00  0.2644E+01
  -6.390  0.5704E+00  0.2649E+01
  -6.380  0.5756E+00  0.2655E+01
  -6.370  0.5817E+00  0.2661E+01
  -6.360  0.5882E+00  0.2667E+01
  -6.350  0.5948E+00  0.2673E+01
  -6.340  0.6010E+00  0.2679E+01
  -6.330  0.6066E+00  0.2685E+01
  -6.320  0.6113E+00  0.2691E+01
  -6.310  0.6149E+00  0.2697E+01
  -6.300  0.6172E+00  0.2703E+01
  -6.290  0.6182E+00  0.2709E+01
  -6.280  0.6178E+00  0.2715E+01
  -6.270  0.6163E+00  0.2722E+01
  -6.260  0.6137E+00  0.2728E+01
  -6.250  0.6102E+00  0.2734E+01
  -6.240  0.6061E+00  0.2740E+01
  -6.230  0.6016E+00  0.2746E+01
  -6.220  0.5969E+00  0.2752E+01
  -6.210  0.5924E+00  0.2758E+01
  -6.200  0.5882E+00  0.2764E+01
  -6.190  0.5845E+00  0.2770E+01
  -6.180  0.5815E+00  0.2775E+01
  -6.170  0.5792E+00  0.2781E+01
  -6.160  0.5778E+00  0.2787E+01
  -6.150  0.5772E+00  0.2793E+01
  -6.140  0.5774E+00  0.2799E+01
  -6.130  0.5783E+00  0.2804E+01
  -6.120  0.5799E+00  0.2810E+01
  -6.110  0.5818E+00  0.2816E+01
  -6.100  0.5840E+00  0.2822E+01
  -6.090  0.5863E+00  0.2828E+01
  -6.080  0.5885E+00  0.2834E+01
  -6.070  0.5904E+00  0.2839E+01
  -6.060  0.5918E+00  0.2845E+01
  -6.050  0.5926E+00  0.2851E+01
  -6.040  0.5926E+00  0.2857E+01
  -6.030  0.5917E+00  0.2863E+01
  -6.020  0.5899E+00  0.2869E+01
  -6.010  0.5872E+00  0.2875E+01
  -6.000  0.5837E+00  0.2881E+01
  -5.990  0.5793E+00  0.2887E+01
  -5.980  0.5743E+00  0.2892E+01
  -5.970  0.5689E+00  0.2898E+01
  -5.960  0.5632E+00  0.2904E+01
  -5.950  0.5575E+00  0.2909E+01
  -5.940  0.5522E+00  0.2915E+01
  -5.930  0.5474E+00  0.2920E+01
  -5.920  0.5435E+00  0.2926E+01
  -5.910  0.5406E+00  0.2931E+01
  -5.900  0.5389E+00  0.2936E+01
  -5.890  0.5386E+00  0.2942E+01
  -5.880  0.5398E+00  0.2947E+01
  -5.870  0.5424E+00  0.2953E+01
  -5.860  0.5464E+00  0.2958E+01
  -5.850  0.5517E+00  0.2964E+01
  -5.840  0.5580E+00  0.2969E+01
  -5.830  0.5651E+00  0.2975E+01
  -5.820  0.5727E+00  0.2981E+01
  -5.810  0.5804E+00  0.2986E+01
  -5.800  0.5881E+00  0.2992E+01
  -5.790  0.5952E+00  0.2998E+01
  -5.780  0.6015E+00  0.3004E+01
  -5.770  0.6067E+00  0.3010E+01
  -5.760  0.6106E+00  0.3016E+01
  -5.750  0.6131E+00  0.3022E+01
  -5.740  0.6139E+00  0.3029E+01
  -5.730  0.6131E+00  0.3035E+01
  -5.720  0.6106E+00  0.3041E+01
  -5.710  0.6066E+00  0.3047E+01
  -5.700  0.6013E+00  0.3053E+01
  -5.690  0.5948E+00  0.3059E+01
  -5.680  0.5873E+00  0.3065E+01
  -5.670  0.5791E+00  0.3071E+01
  -5.660  0.5706E+00  0.3076E+01
  -5.650  0.5619E+00  0.3082E+01
  -5.640  0.5533E+00  0.3087E+01
  -5.630  0.5452E+00  0.3093E+01
  -5.620  0.5377E+00  0.3098E+01
  -5.610  0.5309E+00  0.3104E+01
  -5.600  0.5251E+00  0.3109E+01
  -5.590  0.5204E+00  0.3114E+01
  -5.580  0.5168E+00  0.3119E+01
  -5.570  0.5143E+00  0.3124E+01
  -5.560  0.5129E+00  0.3129E+01
  -5.550  0.5127E+00  0.3135E+01
  -5.540  0.5135E+00  0.3140E+01
  -5.530  0.5153E+00  0.3145E+01
  -5.520  0.5180E+00  0.3150E+01
  -5.510  0.5215E+00  0.3155E+01
  -5.500  0.5258E+00  0.3161E+01
  -5.490  0.5307E+00  0.3166E+01
  -5.480  0.5362E+00  0.3171E+01
  -5.470  0.5422E+00  0.3177E+01
  -5.460  0.5486E+00  0.3182E+01
  -5.450  0.5553E+00  0.3188E+01
  -5.440  0.5622E+00  0.3193E+01
  -5.430  0.5691E+00  0.3199E+01
  -5.420  0.5760E+00  0.3205E+01
  -5.410  0.5826E+00  0.3211E+01
  -5.400  0.5889E+00  0.3216E+01
  -5.390  0.5945E+00  0.3222E+01
  -5.380  0.5994E+00  0.3228E+01
  -5.370  0.6034E+00  0.3234E+01
  -5.360  0.6064E+00  0.3240E+01
  -5.350  0.6081E+00  0.3247E+01
  -5.340  0.6086E+00  0.3253E+01
  -5.330  0.6076E+00  0.3259E+01
  -5.320  0.6052E+00  0.3265E+01
  -5.310  0.6015E+00  0.3271E+01
  -5.300  0.5964E+00  0.3277E+01
  -5.290  0.5901E+00  0.3283E+01
  -5.280  0.5827E+00  0.3288E+01
  -5.270  0.5745E+00  0.3294E+01
  -5.260  0.5657E+00  0.3300E+01
  -5.250  0.5566E+00  0.3305E+01
  -5.240  0.5473E+00  0.3311E+01
  -5.230  0.5382E+00  0.3316E+01
  -5.220  0.5296E+00  0.3322E+01
  -5.210  0.5216E+00  0.3327E+01
  -5.200  0.5144E+00  0.3332E+01
  -5.190  0.5083E+00  0.3337E+01
  -5.180  0.5034E+00  0.3342E+01
  -5.170  0.4996E+00  0.3347E+01
  -5.160  0.4972E+00  0.3352E+01
  -5.150  0.4960E+00  0.3357E+01
  -5.140  0.4961E+00  0.3362E+01
  -5.130  0.4973E+00  0.3367E+01
  -5.120  0.4996E+00  0.3372E+01
  -5.110  0.5029E+00  0.3377E+01
  -5.100  0.5070E+00  0.3382E+01
  -5.090  0.5118E+00  0.3387E+01
  -5.080  0.5171E+00  0.3392E+01
  -5.070  0.5227E+00  0.3398E+01
  -5.060  0.5286E+00  0.3403E+01
  -5.050  0.5344E+00  0.3408E+01
  -5.040  0.5400E+00  0.3414E+01
  -5.030  0.5452E+00  0.3419E+01
  -5.020  0.5499E+00  0.3425E+01
  -5.010  0.5537E+00  0.3430E+01
  -5.000  0.5565E+00  0.3436E+01
  -4.990  0.5582E+00  0.3441E+01
  -4.980  0.5585E+00  0.3447E+01
  -4.970  0.5574E+00  0.3452E+01
  -4.960  0.5548E+00  0.3458E+01
  -4.950  0.5506E+00  0.3463E+01
  -4.940  0.5447E+00  0.3469E+01
  -4.930  0.5372E+00  0.3474E+01
  -4.920  0.5282E+00  0.3480E+01
  -4.910  0.5177E+00  0.3485E+01
  -4.900  0.5060E+00  0.3490E+01
  -4.890  0.4931E+00  0.3495E+01
  -4.880  0.4793E+00  0.3499E+01
  -4.870  0.4649E+00  0.3504E+01
  -4.860  0.4499E+00  0.3509E+01
  -4.850  0.4348E+00  0.3513E+01
  -4.840  0.4197E+00  0.3517E+01
  -4.830  0.4050E+00  0.3521E+01
  -4.820  0.3907E+00  0.3525E+01
  -4.810  0.3771E+00  0.3529E+01
  -4.800  0.3645E+00  0.3533E+01
  -4.790  0.3529E+00  0.3536E+01
  -4.780  0.3425E+00  0.3539E+01
  -4.770  0.3335E+00  0.3543E+01
  -4.760  0.3259E+00  0.3546E+01
  -4.750  0.3198E+00  0.3549E+01
  -4.740  0.3152E+00  0.3552E+01
  -4.730  0.3122E+00  0.3556E+01
  -4.720  0.3107E+00  0.3559E+01
  -4.710  0.3109E+00  0.3562E+01
  -4.700  0.3126E+00  0.3565E+01
  -4.690  0.3159E+00  0.3568E+01
  -4.680  0.3206E+00  0.3571E+01
  -4.670  0.3267E+00  0.3575E+01
  -4.660  0.3341E+00  0.3578E+01
  -4.650  0.3428E+00  0.3581E+01
  -4.640  0.3524E+00  0.3585E+01
  -4.630  0.3630E+00  0.3588E+01
  -4.620  0.3742E+00  0.3592E+01
  -4.610  0.3858E+00  0.3596E+01
  -4.600  0.3977E+00  0.3600E+01
  -4.590  0.4096E+00  0.3604E+01
  -4.580  0.4211E+00  0.3608E+01
  -4.570  0.4322E+00  0.3613E+01
  -4.560  0.4424E+00  0.3617E+01
  -4.550  0.4517E+00  0.3622E+01
  -4.540  0.4598E+00  0.3626E+01
  -4.530  0.4665E+00  0.3631E+01
  -4.520  0.4718E+00  0.3636E+01
  -4.510  0.4756E+00  0.3640E+01
  -4.500  0.4779E+00  0.3645E+01
  -4.490  0.4787E+00  0.3650E+01
  -4.480  0.4781E+00  0.3655E+01
  -4.470  0.4763E+00  0.3659E+01
  -4.460  0.4733E+00  0.3664E+01
  -4.450  0.4694E+00  0.3669E+01
  -4.440  0.4647E+00  0.3674E+01
  -4.430  0.4595E+00  0.3678E+01
  -4.420  0.4540E+00  0.3683E+01
  -4.410  0.4483E+00  0.3687E+01
  -4.400  0.4428E+00  0.3692E+01
  -4.390  0.4374E+00  0.3696E+01
  -4.380  0.4326E+00  0.3700E+01
  -4.370  0.4283E+00  0.3705E+01
  -4.360  0.4248E+00  0.3709E+01
  -4.350  0.4222E+00  0.3713E+01
  -4.340  0.4206E+00  0.3717E+01
  -4.330  0.4201E+00  0.3721E+01
  -4.320  0.4208E+00  0.3726E+01
  -4.310  0.4229E+00  0.3730E+01
  -4.300  0.4264E+00  0.3734E+01
  -4.290  0.4314E+00  0.3738E+01
  -4.280  0.4380E+00  0.3743E+01
  -4.270  0.4461E+00  0.3747E+01
  -4.260  0.4557E+00  0.3752E+01
  -4.250  0.4669E+00  0.3757E+01
  -4.240  0.4794E+00  0.3761E+01
  -4.230  0.4932E+00  0.3766E+01
  -4.220  0.5081E+00  0.3771E+01
  -4.210  0.5238E+00  0.3777E+01
  -4.200  0.5400E+00  0.3782E+01
  -4.190  0.5562E+00  0.3788E+01
  -4.180  0.5721E+00  0.3793E+01
  -4.170  0.5872E+00  0.3799E+01
  -4.160  0.6010E+00  0.3805E+01
  -4.150  0.6129E+00  0.3811E+01
  -4.140  0.6226E+00  0.3817E+01
  -4.130  0.6295E+00  0.3824E+01
  -4.120  0.6332E+00  0.3830E+01
  -4.110  0.6335E+00  0.3836E+01
  -4.100  0.6300E+00  0.3843E+01
  -4.090  0.6227E+00  0.3849E+01
  -4.080  0.6117E+00  0.3855E+01
  -4.070  0.5969E+00  0.3861E+01
  -4.060  0.5788E+00  0.3867E+01
  -4.050  0.5577E+00  0.3872E+01
  -4.040  0.5339E+00  0.3878E+01
  -4.030  0.5082E+00  0.3883E+01
  -4.020  0.4811E+00  0.3888E+01
  -4.010  0.4533E+00  0.3892E+01
  -4.000  0.4254E+00  0.3896E+01
  -3.990  0.3980E+00  0.3900E+01
  -3.980  0.3718E+00  0.3904E+01
  -3.970  0.3473E+00  0.3908E+01
  -3.960  0.3249E+00  0.3911E+01
  -3.950  0.3051E+00  0.3914E+01
  -3.940  0.2881E+00  0.3917E+01
  -3.930  0.2741E+00  0.3920E+01
  -3.920  0.2634E+00  0.3922E+01
  -3.910  0.2558E+00  0.3925E+01
  -3.900  0.2513E+00  0.3927E+01
  -3.890  0.2499E+00  0.3930E+01
  -3.880  0.2514E+00  0.3932E+01
  -3.870  0.2554E+00  0.3935E+01
  -3.860  0.2618E+00  0.3937E+01
  -3.850  0.2701E+00  0.3940E+01
  -3.840  0.2801E+00  0.3943E+01
  -3.830  0.2914E+00  0.3946E+01
  -3.820  0.3035E+00  0.3949E+01
  -3.810  0.3160E+00  0.3952E+01
  -3.800  0.3285E+00  0.3955E+01
  -3.790  0.3405E+00  0.3959E+01
  -3.780  0.3517E+00  0.3962E+01
  -3.770  0.3617E+00  0.3966E+01
  -3.760  0.3701E+00  0.3970E+01
  -3.750  0.3765E+00  0.3973E+01
  -3.740  0.3808E+00  0.3977E+01
  -3.730  0.3828E+00  0.3981E+01
  -3.720  0.3823E+00  0.3985E+01
  -3.710  0.3793E+00  0.3989E+01
  -3.700  0.3739E+00  0.3992E+01
  -3.690  0.3661E+00  0.3996E+01
  -3.680  0.3563E+00  0.4000E+01
  -3.670  0.3446E+00  0.4003E+01
  -3.660  0.3313E+00  0.4006E+01
  -3.650  0.3169E+00  0.4009E+01
  -3.640  0.3017E+00  0.4012E+01
  -3.630  0.2861E+00  0.4015E+01
  -3.620  0.2704E+00  0.4018E+01
  -3.610  0.2551E+00  0.4021E+01
  -3.600  0.2403E+00  0.4023E+01
  -3.590  0.2265E+00  0.4025E+01
  -3.580  0.2138E+00  0.4027E+01
  -3.570  0.2024E+00  0.4029E+01
  -3.560  0.1925E+00  0.4031E+01
  -3.550  0.1841E+00  0.4033E+01
  -3.540  0.1772E+00  0.4035E+01
  -3.530  0.1720E+00  0.4037E+01
  -3.520  0.1682E+00  0.4038E+01
  -3.510  0.1660E+00  0.4040E+01
  -3.500  0.1653E+00  0.4042E+01
  -3.490  0.1659E+00  0.4043E+01
  -3.480  0.1677E+00  0.4045E+01
  -3.470  0.1707E+00  0.4047E+01
  -3.460  0.1747E+00  0.4048E+01
  -3.450  0.1796E+00  0.4050E+01
  -3.440  0.1852E+00  0.4052E+01
  -3.430  0.1915E+00  0.4054E+01
  -3.420  0.1981E+00  0.4056E+01
  -3.410  0.2050E+00  0.4058E+01
  -3.400  0.2120E+00  0.4060E+01
  -3.390  0.2188E+00  0.4062E+01
  -3.380  0.2254E+00  0.4065E+01
  -3.370  0.2314E+00  0.4067E+01
  -3.360  0.2366E+00  0.4069E+01
  -3.350  0.2410E+00  0.4072E+01
  -3.340  0.2444E+00  0.4074E+01
  -3.330  0.2466E+00  0.4077E+01
  -3.320  0.2475E+00  0.4079E+01
  -3.310  0.2472E+00  0.4082E+01
  -3.300  0.2455E+00  0.4084E+01
  -3.290  0.2425E+00  0.4086E+01
  -3.280  0.2382E+00  0.4089E+01
  -3.270  0.2328E+00  0.4091E+01
  -3.260  0.2264E+00  0.4093E+01
  -3.250  0.2191E+00  0.4096E+01
  -3.240  0.2112E+00  0.4098E+01
  -3.230  0.2028E+00  0.4100E+01
  -3.220  0.1942E+00  0.4102E+01
  -3.210  0.1854E+00  0.4104E+01
  -3.200  0.1767E+00  0.4105E+01
  -3.190  0.1683E+00  0.4107E+01
  -3.180  0.1603E+00  0.4109E+01
  -3.170  0.1528E+00  0.4110E+01
  -3.160  0.1459E+00  0.4112E+01
  -3.150  0.1396E+00  0.4113E+01
  -3.140  0.1340E+00  0.4114E+01
  -3.130  0.1292E+00  0.4116E+01
  -3.120  0.1252E+00  0.4117E+01
  -3.110  0.1219E+00  0.4118E+01
  -3.100  0.1193E+00  0.4119E+01
  -3.090  0.1175E+00  0.4120E+01
  -3.080  0.1165E+00  0.4122E+01
  -3.070  0.1161E+00  0.4123E+01
  -3.060  0.1165E+00  0.4124E+01
  -3.050  0.1175E+00  0.4125E+01
  -3.040  0.1192E+00  0.4126E+01
  -3.030  0.1214E+00  0.4128E+01
  -3.020  0.1242E+00  0.4129E+01
  -3.010  0.1274E+00  0.4130E+01
  -3.000  0.1311E+00  0.4131E+01
  -2.990  0.1350E+00  0.4133E+01
  -2.980  0.1391E+00  0.4134E+01
  -2.970  0.1433E+00  0.4136E+01
  -2.960  0.1474E+00  0.4137E+01
  -2.950  0.1514E+00  0.4139E+01
  -2.940  0.1550E+00  0.4140E+01
  -2.930  0.1581E+00  0.4142E+01
  -2.920  0.1606E+00  0.4143E+01
  -2.910  0.1625E+00  0.4145E+01
  -2.900  0.1634E+00  0.4147E+01
  -2.890  0.1635E+00  0.4148E+01
  -2.880  0.1627E+00  0.4150E+01
  -2.870  0.1608E+00  0.4151E+01
  -2.860  0.1579E+00  0.4153E+01
  -2.850  0.1541E+00  0.4155E+01
  -2.840  0.1495E+00  0.4156E+01
  -2.830  0.1441E+00  0.4157E+01
  -2.820  0.1380E+00  0.4159E+01
  -2.810  0.1314E+00  0.4160E+01
  -2.800  0.1246E+00  0.4161E+01
  -2.790  0.1176E+00  0.4163E+01
  -2.780  0.1106E+00  0.4164E+01
  -2.770  0.1039E+00  0.4165E+01
  -2.760  0.9764E-01  0.4166E+01
  -2.750  0.9189E-01  0.4167E+01
  -2.740  0.8682E-01  0.4167E+01
  -2.730  0.8251E-01  0.4168E+01
  -2.720  0.7903E-01  0.4169E+01
  -2.710  0.7640E-01  0.4170E+01
  -2.700  0.7462E-01  0.4171E+01
  -2.690  0.7365E-01  0.4171E+01
  -2.680  0.7343E-01  0.4172E+01
  -2.670  0.7387E-01  0.4173E+01
  -2.660  0.7487E-01  0.4174E+01
  -2.650  0.7633E-01  0.4174E+01
  -2.640  0.7812E-01  0.4175E+01
  -2.630  0.8013E-01  0.4176E+01
  -2.620  0.8226E-01  0.4177E+01
  -2.610  0.8441E-01  0.4178E+01
  -2.600  0.8649E-01  0.4178E+01
  -2.590  0.8842E-01  0.4179E+01
  -2.580  0.9015E-01  0.4180E+01
  -2.570  0.9163E-01  0.4181E+01
  -2.560  0.9283E-01  0.4182E+01
  -2.550  0.9372E-01  0.4183E+01
  -2.540  0.9429E-01  0.4184E+01
  -2.530  0.9453E-01  0.4185E+01
  -2.520  0.9442E-01  0.4186E+01
  -2.510  0.9398E-01  0.4187E+01
  -2.500  0.9318E-01  0.4188E+01
  -2.490  0.9205E-01  0.4189E+01
  -2.480  0.9058E-01  0.4190E+01
  -2.470  0.8879E-01  0.4190E+01
  -2.460  0.8670E-01  0.4191E+01
  -2.450  0.8434E-01  0.4192E+01
  -2.440  0.8174E-01  0.4193E+01
  -2.430  0.7894E-01  0.4194E+01
  -2.420  0.7599E-01  0.4194E+01
  -2.410  0.7295E-01  0.4195E+01
  -2.400  0.6986E-01  0.4196E+01
  -2.390  0.6680E-01  0.4197E+01
  -2.380  0.6381E-01  0.4197E+01
  -2.370  0.6095E-01  0.4198E+01
  -2.360  0.5825E-01  0.4198E+01
  -2.350  0.5575E-01  0.4199E+01
  -2.340  0.5346E-01  0.4200E+01
  -2.330  0.5140E-01  0.4200E+01
  -2.320  0.4957E-01  0.4201E+01
  -2.310  0.4794E-01  0.4201E+01
  -2.300  0.4650E-01  0.4201E+01
  -2.290  0.4523E-01  0.4202E+01
  -2.280  0.4410E-01  0.4202E+01
  -2.270  0.4308E-01  0.4203E+01
  -2.260  0.4214E-01  0.4203E+01
  -2.250  0.4127E-01  0.4204E+01
  -2.240  0.4045E-01  0.4204E+01
  -2.230  0.3968E-01  0.4204E+01
  -2.220  0.3896E-01  0.4205E+01
  -2.210  0.3830E-01  0.4205E+01
  -2.200  0.3769E-01  0.4206E+01
  -2.190  0.3717E-01  0.4206E+01
  -2.180  0.3673E-01  0.4206E+01
  -2.170  0.3639E-01  0.4207E+01
  -2.160  0.3614E-01  0.4207E+01
  -2.150  0.3599E-01  0.4207E+01
  -2.140  0.3592E-01  0.4208E+01
  -2.130  0.3591E-01  0.4208E+01
  -2.120  0.3594E-01  0.4208E+01
  -2.110  0.3597E-01  0.4209E+01
  -2.100  0.3597E-01  0.4209E+01
  -2.090  0.3590E-01  0.4210E+01
  -2.080  0.3571E-01  0.4210E+01
  -2.070  0.3538E-01  0.4210E+01
  -2.060  0.3487E-01  0.4211E+01
  -2.050  0.3417E-01  0.4211E+01
  -2.040  0.3325E-01  0.4211E+01
  -2.030  0.3211E-01  0.4212E+01
  -2.020  0.3077E-01  0.4212E+01
  -2.010  0.2923E-01  0.4212E+01
  -2.000  0.2752E-01  0.4212E+01
  -1.990  0.2567E-01  0.4213E+01
  -1.980  0.2372E-01  0.4213E+01
  -1.970  0.2170E-01  0.4213E+01
  -1.960  0.1966E-01  0.4213E+01
  -1.950  0.1764E-01  0.4214E+01
  -1.940  0.1566E-01  0.4214E+01
  -1.930  0.1377E-01  0.4214E+01
  -1.920  0.1199E-01  0.4214E+01
  -1.910  0.1034E-01  0.4214E+01
  -1.900  0.8846E-02  0.4214E+01
  -1.890  0.7512E-02  0.4214E+01
  -1.880  0.6346E-02  0.4214E+01
  -1.870  0.5352E-02  0.4214E+01
  -1.860  0.4531E-02  0.4214E+01
  -1.850  0.3880E-02  0.4214E+01
  -1.840  0.3397E-02  0.4214E+01
  -1.830  0.3079E-02  0.4215E+01
  -1.820  0.2924E-02  0.4215E+01
  -1.810  0.2930E-02  0.4215E+01
  -1.800  0.3098E-02  0.4215E+01
  -1.790  0.3430E-02  0.4215E+01
  -1.780  0.3926E-02  0.4215E+01
  -1.770  0.4591E-02  0.4215E+01
  -1.760  0.5427E-02  0.4215E+01
  -1.750  0.6436E-02  0.4215E+01
  -1.740  0.7618E-02  0.4215E+01
  -1.730  0.8969E-02  0.4215E+01
  -1.720  0.1048E-01  0.4215E+01
  -1.710  0.1215E-01  0.4215E+01
  -1.700  0.1395E-01  0.4215E+01
  -1.690  0.1586E-01  0.4216E+01
  -1.680  0.1785E-01  0.4216E+01
  -1.670  0.1990E-01  0.4216E+01
  -1.660  0.2197E-01  0.4216E+01
  -1.650  0.2401E-01  0.4216E+01
  -1.640  0.2600E-01  0.4217E+01
  -1.630  0.2788E-01  0.4217E+01
  -1.620  0.2964E-01  0.4217E+01
  -1.610  0.3123E-01  0.4218E+01
  -1.600  0.3264E-01  0.4218E+01
  -1.590  0.3385E-01  0.4218E+01
  -1.580  0.3485E-01  0.4219E+01
  -1.570  0.3565E-01  0.4219E+01
  -1.560  0.3626E-01  0.4219E+01
  -1.550  0.3671E-01  0.4220E+01
  -1.540  0.3701E-01  0.4220E+01
  -1.530  0.3721E-01  0.4220E+01
  -1.520  0.3733E-01  0.4221E+01
  -1.510  0.3742E-01  0.4221E+01
  -1.500  0.3750E-01  0.4221E+01
  -1.490  0.3760E-01  0.4222E+01
  -1.480  0.3775E-01  0.4222E+01
  -1.470  0.3796E-01  0.4223E+01
  -1.460  0.3825E-01  0.4223E+01
  -1.450  0.3861E-01  0.4223E+01
  -1.440  0.3904E-01  0.4224E+01
  -1.430  0.3954E-01  0.4224E+01
  -1.420  0.4011E-01  0.4225E+01
  -1.410  0.4074E-01  0.4225E+01
  -1.400  0.4143E-01  0.4225E+01
  -1.390  0.4218E-01  0.4226E+01
  -1.380  0.4301E-01  0.4226E+01
  -1.370  0.4392E-01  0.4227E+01
  -1.360  0.4495E-01  0.4227E+01
  -1.350  0.4612E-01  0.4228E+01
  -1.340  0.4747E-01  0.4228E+01
  -1.330  0.4901E-01  0.4229E+01
  -1.320  0.5079E-01  0.4229E+01
  -1.310  0.5282E-01  0.4230E+01
  -1.300  0.5513E-01  0.4230E+01
  -1.290  0.5772E-01  0.4231E+01
  -1.280  0.6058E-01  0.4231E+01
  -1.270  0.6370E-01  0.4232E+01
  -1.260  0.6703E-01  0.4233E+01
  -1.250  0.7055E-01  0.4233E+01
  -1.240  0.7419E-01  0.4234E+01
  -1.230  0.7790E-01  0.4235E+01
  -1.220  0.8159E-01  0.4236E+01
  -1.210  0.8519E-01  0.4237E+01
  -1.200  0.8864E-01  0.4237E+01
  -1.190  0.9186E-01  0.4238E+01
  -1.180  0.9478E-01  0.4239E+01
  -1.170  0.9734E-01  0.4240E+01
  -1.160  0.9950E-01  0.4241E+01
  -1.150  0.1012E+00  0.4242E+01
  -1.140  0.1024E+00  0.4243E+01
  -1.130  0.1032E+00  0.4244E+01
  -1.120  0.1034E+00  0.4245E+01
  -1.110  0.1031E+00  0.4246E+01
  -1.100  0.1024E+00  0.4247E+01
  -1.090  0.1012E+00  0.4248E+01
  -1.080  0.9958E-01  0.4249E+01
  -1.070  0.9765E-01  0.4250E+01
  -1.060  0.9547E-01  0.4251E+01
  -1.050  0.9311E-01  0.4252E+01
  -1.040  0.9068E-01  0.4253E+01
  -1.030  0.8830E-01  0.4254E+01
  -1.020  0.8607E-01  0.4255E+01
  -1.010  0.8412E-01  0.4256E+01
  -1.000  0.8258E-01  0.4257E+01
  -0.990  0.8157E-01  0.4257E+01
  -0.980  0.8119E-01  0.4258E+01
  -0.970  0.8154E-01  0.4259E+01
  -0.960  0.8271E-01  0.4260E+01
  -0.950  0.8474E-01  0.4261E+01
  -0.940  0.8769E-01  0.4262E+01
  -0.930  0.9155E-01  0.4262E+01
  -0.920  0.9630E-01  0.4263E+01
  -0.910  0.1019E+00  0.4264E+01
  -0.900  0.1082E+00  0.4266E+01
  -0.890  0.1152E+00  0.4267E+01
  -0.880  0.1227E+00  0.4268E+01
  -0.870  0.1306E+00  0.4269E+01
  -0.860  0.1386E+00  0.4271E+01
  -0.850  0.1467E+00  0.4272E+01
  -0.840  0.1546E+00  0.4274E+01
  -0.830  0.1622E+00  0.4275E+01
  -0.820  0.1693E+00  0.4277E+01
  -0.810  0.1758E+00  0.4279E+01
  -0.800  0.1814E+00  0.4281E+01
  -0.790  0.1862E+00  0.4282E+01
  -0.780  0.1900E+00  0.4284E+01
  -0.770  0.1928E+00  0.4286E+01
  -0.760  0.1945E+00  0.4288E+01
  -0.750  0.1951E+00  0.4290E+01
  -0.740  0.1947E+00  0.4292E+01
  -0.730  0.1934E+00  0.4294E+01
  -0.720  0.1911E+00  0.4296E+01
  -0.710  0.1881E+00  0.4298E+01
  -0.700  0.1844E+00  0.4300E+01
  -0.690  0.1802E+00  0.4301E+01
  -0.680  0.1755E+00  0.4303E+01
  -0.670  0.1707E+00  0.4305E+01
  -0.660  0.1658E+00  0.4307E+01
  -0.650  0.1611E+00  0.4308E+01
  -0.640  0.1566E+00  0.4310E+01
  -0.630  0.1527E+00  0.4311E+01
  -0.620  0.1494E+00  0.4313E+01
  -0.610  0.1471E+00  0.4314E+01
  -0.600  0.1458E+00  0.4316E+01
  -0.590  0.1457E+00  0.4317E+01
  -0.580  0.1471E+00  0.4319E+01
  -0.570  0.1500E+00  0.4320E+01
  -0.560  0.1546E+00  0.4322E+01
  -0.550  0.1609E+00  0.4323E+01
  -0.540  0.1690E+00  0.4325E+01
  -0.530  0.1789E+00  0.4327E+01
  -0.520  0.1905E+00  0.4329E+01
  -0.510  0.2036E+00  0.4331E+01
  -0.500  0.2182E+00  0.4333E+01
  -0.490  0.2339E+00  0.4335E+01
  -0.480  0.2504E+00  0.4338E+01
  -0.470  0.2674E+00  0.4340E+01
  -0.460  0.2846E+00  0.4343E+01
  -0.450  0.3015E+00  0.4346E+01
  -0.440  0.3178E+00  0.4349E+01
  -0.430  0.3331E+00  0.4353E+01
  -0.420  0.3471E+00  0.4356E+01
  -0.410  0.3595E+00  0.4360E+01
  -0.400  0.3701E+00  0.4364E+01
  -0.390  0.3789E+00  0.4367E+01
  -0.380  0.3859E+00  0.4371E+01
  -0.370  0.3911E+00  0.4375E+01
  -0.360  0.3947E+00  0.4379E+01
  -0.350  0.3970E+00  0.4383E+01
  -0.340  0.3984E+00  0.4387E+01
  -0.330  0.3993E+00  0.4391E+01
  -0.320  0.4000E+00  0.4395E+01
  -0.310  0.4010E+00  0.4399E+01
  -0.300  0.4027E+00  0.4403E+01
  -0.290  0.4054E+00  0.4407E+01
  -0.280  0.4096E+00  0.4411E+01
  -0.270  0.4152E+00  0.4415E+01
  -0.260  0.4226E+00  0.4420E+01
  -0.250  0.4317E+00  0.4424E+01
  -0.240  0.4425E+00  0.4428E+01
  -0.230  0.4548E+00  0.4433E+01
  -0.220  0.4684E+00  0.4438E+01
  -0.210  0.4830E+00  0.4442E+01
  -0.200  0.4983E+00  0.4447E+01
  -0.190  0.5140E+00  0.4452E+01
  -0.180  0.5296E+00  0.4458E+01
  -0.170  0.5449E+00  0.4463E+01
  -0.160  0.5595E+00  0.4469E+01
  -0.150  0.5730E+00  0.4475E+01
  -0.140  0.5854E+00  0.4480E+01
  -0.130  0.5963E+00  0.4486E+01
  -0.120  0.6056E+00  0.4492E+01
  -0.110  0.6132E+00  0.4499E+01
  -0.100  0.6191E+00  0.4505E+01
  -0.090  0.6232E+00  0.4511E+01
  -0.080  0.6256E+00  0.4517E+01
  -0.070  0.6263E+00  0.4523E+01
  -0.060  0.6254E+00  0.4530E+01
  -0.050  0.6229E+00  0.4536E+01
  -0.040  0.6190E+00  0.4542E+01
  -0.030  0.6138E+00  0.4548E+01
  -0.020  0.6072E+00  0.4554E+01
  -0.010  0.5995E+00  0.4560E+01
   0.000  0.5907E+00  0.4566E+01
   0.010  0.5808E+00  0.4572E+01
   0.020  0.5700E+00  0.4578E+01
   0.030  0.5583E+00  0.4583E+01
   0.040  0.5459E+00  0.4589E+01
   0.050  0.5328E+00  0.4594E+01
   0.060  0.5192E+00  0.4599E+01
   0.070  0.5051E+00  0.4604E+01
   0.080  0.4908E+00  0.4609E+01
   0.090  0.4764E+00  0.4614E+01
   0.100  0.4621E+00  0.4619E+01
   0.110  0.4481E+00  0.4623E+01
   0.120  0.4344E+00  0.4628E+01
   0.130  0.4215E+00  0.4632E+01
   0.140  0.4092E+00  0.4636E+01
   0.150  0.3979E+00  0.4640E+01
   0.160  0.3877E+00  0.4644E+01
   0.170  0.3785E+00  0.4647E+01
   0.180  0.3705E+00  0.4651E+01
   0.190  0.3636E+00  0.4655E+01
   0.200  0.3578E+00  0.4658E+01
   0.210  0.3531E+00  0.4662E+01
   0.220  0.3494E+00  0.4665E+01
   0.230  0.3466E+00  0.4669E+01
   0.240  0.3445E+00  0.4672E+01
   0.250  0.3431E+00  0.4676E+01
   0.260  0.3423E+00  0.4679E+01
   0.270  0.3419E+00  0.4683E+01
   0.280  0.3420E+00  0.4686E+01
   0.290  0.3424E+00  0.4689E+01
   0.300  0.3431E+00  0.4693E+01
   0.310  0.3442E+00  0.4696E+01
   0.320  0.3456E+00  0.4700E+01
   0.330  0.3473E+00  0.4703E+01
   0.340  0.3495E+00  0.4707E+01
   0.350  0.3520E+00  0.4710E+01
   0.360  0.3549E+00  0.4714E+01
   0.370  0.3582E+00  0.4717E+01
   0.380  0.3618E+00  0.4721E+01
   0.390  0.3655E+00  0.4725E+01
   0.400  0.3694E+00  0.4728E+01
   0.410  0.3733E+00  0.4732E+01
   0.420  0.3769E+00  0.4736E+01
   0.430  0.3800E+00  0.4740E+01
   0.440  0.3826E+00  0.4743E+01
   0.450  0.3844E+00  0.4747E+01
   0.460  0.3852E+00  0.4751E+01
   0.470  0.3849E+00  0.4755E+01
   0.480  0.3833E+00  0.4759E+01
   0.490  0.3804E+00  0.4763E+01
   0.500  0.3762E+00  0.4766E+01
   0.510  0.3708E+00  0.4770E+01
   0.520  0.3641E+00  0.4774E+01
   0.530  0.3563E+00  0.4777E+01
   0.540  0.3478E+00  0.4781E+01
   0.550  0.3386E+00  0.4784E+01
   0.560  0.3290E+00  0.4787E+01
   0.570  0.3194E+00  0.4791E+01
   0.580  0.3099E+00  0.4794E+01
   0.590  0.3010E+00  0.4797E+01
   0.600  0.2927E+00  0.4800E+01
   0.610  0.2854E+00  0.4803E+01
   0.620  0.2792E+00  0.4805E+01
   0.630  0.2741E+00  0.4808E+01
   0.640  0.2703E+00  0.4811E+01
   0.650  0.2677E+00  0.4813E+01
   0.660  0.2662E+00  0.4816E+01
   0.670  0.2658E+00  0.4819E+01
   0.680  0.2662E+00  0.4821E+01
   0.690  0.2673E+00  0.4824E+01
   0.700  0.2689E+00  0.4827E+01
   0.710  0.2708E+00  0.4830E+01
   0.720  0.2729E+00  0.4832E+01
   0.730  0.2748E+00  0.4835E+01
   0.740  0.2766E+00  0.4838E+01
   0.750  0.2782E+00  0.4841E+01
   0.760  0.2794E+00  0.4843E+01
   0.770  0.2804E+00  0.4846E+01
   0.780  0.2811E+00  0.4849E+01
   0.790  0.2817E+00  0.4852E+01
   0.800  0.2823E+00  0.4855E+01
   0.810  0.2829E+00  0.4857E+01
   0.820  0.2838E+00  0.4860E+01
   0.830  0.2850E+00  0.4863E+01
   0.840  0.2867E+00  0.4866E+01
   0.850  0.2889E+00  0.4869E+01
   0.860  0.2917E+00  0.4872E+01
   0.870  0.2951E+00  0.4875E+01
   0.880  0.2990E+00  0.4878E+01
   0.890  0.3035E+00  0.4881E+01
   0.900  0.3082E+00  0.4884E+01
   0.910  0.3133E+00  0.4887E+01
   0.920  0.3184E+00  0.4890E+01
   0.930  0.3234E+00  0.4893E+01
   0.940  0.3282E+00  0.4897E+01
   0.950  0.3327E+00  0.4900E+01
   0.960  0.3366E+00  0.4903E+01
   0.970  0.3398E+00  0.4907E+01
   0.980  0.3424E+00  0.4910E+01
   0.990  0.3442E+00  0.4914E+01
   1.000  0.3453E+00  0.4917E+01
   1.010  0.3456E+00  0.4921E+01
   1.020  0.3453E+00  0.4924E+01
   1.030  0.3445E+00  0.4927E+01
   1.040  0.3434E+00  0.4931E+01
   1.050  0.3419E+00  0.4934E+01
   1.060  0.3405E+00  0.4938E+01
   1.070  0.3391E+00  0.4941E+01
   1.080  0.3381E+00  0.4944E+01
   1.090  0.3376E+00  0.4948E+01
   1.100  0.3377E+00  0.4951E+01
   1.110  0.3387E+00  0.4955E+01
   1.120  0.3406E+00  0.4958E+01
   1.130  0.3435E+00  0.4961E+01
   1.140  0.3474E+00  0.4965E+01
   1.150  0.3525E+00  0.4968E+01
   1.160  0.3587E+00  0.4972E+01
   1.170  0.3660E+00  0.4976E+01
   1.180  0.3742E+00  0.4979E+01
   1.190  0.3832E+00  0.4983E+01
   1.200  0.3930E+00  0.4987E+01
   1.210  0.4032E+00  0.4991E+01
   1.220  0.4138E+00  0.4995E+01
   1.230  0.4246E+00  0.5000E+01
   1.240  0.4352E+00  0.5004E+01
   1.250  0.4455E+00  0.5008E+01
   1.260  0.4554E+00  0.5013E+01
   1.270  0.4645E+00  0.5018E+01
   1.280  0.4729E+00  0.5022E+01
   1.290  0.4803E+00  0.5027E+01
   1.300  0.4867E+00  0.5032E+01
   1.310  0.4921E+00  0.5037E+01
   1.320  0.4964E+00  0.5042E+01
   1.330  0.4997E+00  0.5047E+01
   1.340  0.5020E+00  0.5052E+01
   1.350  0.5035E+00  0.5057E+01
   1.360  0.5043E+00  0.5062E+01
   1.370  0.5045E+00  0.5067E+01
   1.380  0.5042E+00  0.5072E+01
   1.390  0.5036E+00  0.5077E+01
   1.400  0.5026E+00  0.5082E+01
   1.410  0.5015E+00  0.5087E+01
   1.420  0.5003E+00  0.5092E+01
   1.430  0.4990E+00  0.5097E+01
   1.440  0.4977E+00  0.5102E+01
   1.450  0.4963E+00  0.5107E+01
   1.460  0.4949E+00  0.5112E+01
   1.470  0.4934E+00  0.5117E+01
   1.480  0.4918E+00  0.5122E+01
   1.490  0.4902E+00  0.5127E+01
   1.500  0.4884E+00  0.5132E+01
   1.510  0.4865E+00  0.5137E+01
   1.520  0.4844E+00  0.5141E+01
   1.530  0.4822E+00  0.5146E+01
   1.540  0.4800E+00  0.5151E+01
   1.550  0.4776E+00  0.5156E+01
   1.560  0.4751E+00  0.5161E+01
   1.570  0.4725E+00  0.5165E+01
   1.580  0.4698E+00  0.5170E+01
   1.590  0.4669E+00  0.5175E+01
   1.600  0.4639E+00  0.5179E+01
   1.610  0.4606E+00  0.5184E+01
   1.620  0.4572E+00  0.5188E+01
   1.630  0.4535E+00  0.5193E+01
   1.640  0.4495E+00  0.5197E+01
   1.650  0.4453E+00  0.5202E+01
   1.660  0.4409E+00  0.5206E+01
   1.670  0.4362E+00  0.5211E+01
   1.680  0.4316E+00  0.5215E+01
   1.690  0.4270E+00  0.5219E+01
   1.700  0.4226E+00  0.5224E+01
   1.710  0.4185E+00  0.5228E+01
   1.720  0.4151E+00  0.5232E+01
   1.730  0.4124E+00  0.5236E+01
   1.740  0.4107E+00  0.5240E+01
   1.750  0.4101E+00  0.5244E+01
   1.760  0.4108E+00  0.5248E+01
   1.770  0.4128E+00  0.5252E+01
   1.780  0.4161E+00  0.5257E+01
   1.790  0.4208E+00  0.5261E+01
   1.800  0.4267E+00  0.5265E+01
   1.810  0.4338E+00  0.5269E+01
   1.820  0.4417E+00  0.5274E+01
   1.830  0.4503E+00  0.5278E+01
   1.840  0.4593E+00  0.5283E+01
   1.850  0.4684E+00  0.5288E+01
   1.860  0.4773E+00  0.5292E+01
   1.870  0.4857E+00  0.5297E+01
   1.880  0.4933E+00  0.5302E+01
   1.890  0.5001E+00  0.5307E+01
   1.900  0.5057E+00  0.5312E+01
   1.910  0.5101E+00  0.5317E+01
   1.920  0.5132E+00  0.5322E+01
   1.930  0.5150E+00  0.5328E+01
   1.940  0.5156E+00  0.5333E+01
   1.950  0.5151E+00  0.5338E+01
   1.960  0.5137E+00  0.5343E+01
   1.970  0.5115E+00  0.5348E+01
   1.980  0.5088E+00  0.5353E+01
   1.990  0.5058E+00  0.5358E+01
   2.000  0.5027E+00  0.5363E+01
   2.010  0.4998E+00  0.5368E+01
   2.020  0.4972E+00  0.5373E+01
   2.030  0.4951E+00  0.5378E+01
   2.040  0.4937E+00  0.5383E+01
   2.050  0.4930E+00  0.5388E+01
   2.060  0.4932E+00  0.5393E+01
   2.070  0.4943E+00  0.5398E+01
   2.080  0.4963E+00  0.5403E+01
   2.090  0.4992E+00  0.5408E+01
   2.100  0.5030E+00  0.5413E+01
   2.110  0.5076E+00  0.5418E+01
   2.120  0.5131E+00  0.5423E+01
   2.130  0.5193E+00  0.5428E+01
   2.140  0.5261E+00  0.5434E+01
   2.150  0.5336E+00  0.5439E+01
   2.160  0.5417E+00  0.5444E+01
   2.170  0.5502E+00  0.5450E+01
   2.180  0.5591E+00  0.5455E+01
   2.190  0.5683E+00  0.5461E+01
   2.200  0.5776E+00  0.5467E+01
   2.210  0.5871E+00  0.5473E+01
   2.220  0.5965E+00  0.5479E+01
   2.230  0.6057E+00  0.5485E+01
   2.240  0.6146E+00  0.5491E+01
   2.250  0.6231E+00  0.5497E+01
   2.260  0.6310E+00  0.5504E+01
   2.270  0.6383E+00  0.5510E+01
   2.280  0.6448E+00  0.5516E+01
   2.290  0.6505E+00  0.5523E+01
   2.300  0.6554E+00  0.5529E+01
   2.310  0.6594E+00  0.5536E+01
   2.320  0.6626E+00  0.5543E+01
   2.330  0.6650E+00  0.5549E+01
   2.340  0.6667E+00  0.5556E+01
   2.350  0.6678E+00  0.5563E+01
   2.360  0.6684E+00  0.5569E+01
   2.370  0.6687E+00  0.5576E+01
   2.380  0.6688E+00  0.5583E+01
   2.390  0.6687E+00  0.5589E+01
   2.400  0.6687E+00  0.5596E+01
   2.410  0.6688E+00  0.5603E+01
   2.420  0.6692E+00  0.5609E+01
   2.430  0.6698E+00  0.5616E+01
   2.440  0.6707E+00  0.5623E+01
   2.450  0.6719E+00  0.5630E+01
   2.460  0.6733E+00  0.5636E+01
   2.470  0.6751E+00  0.5643E+01
   2.480  0.6770E+00  0.5650E+01
   2.490  0.6790E+00  0.5657E+01
   2.500  0.6810E+00  0.5663E+01
   2.510  0.6830E+00  0.5670E+01
   2.520  0.6849E+00  0.5677E+01
   2.530  0.6864E+00  0.5684E+01
   2.540  0.6877E+00  0.5691E+01
   2.550  0.6884E+00  0.5698E+01
   2.560  0.6887E+00  0.5705E+01
   2.570  0.6884E+00  0.5712E+01
   2.580  0.6875E+00  0.5718E+01
   2.590  0.6858E+00  0.5725E+01
   2.600  0.6834E+00  0.5732E+01
   2.610  0.6803E+00  0.5739E+01
   2.620  0.6763E+00  0.5746E+01
   2.630  0.6717E+00  0.5752E+01
   2.640  0.6662E+00  0.5759E+01
   2.650  0.6601E+00  0.5766E+01
   2.660  0.6534E+00  0.5772E+01
   2.670  0.6461E+00  0.5779E+01
   2.680  0.6385E+00  0.5785E+01
   2.690  0.6306E+00  0.5791E+01
   2.700  0.6227E+00  0.5798E+01
   2.710  0.6150E+00  0.5804E+01
   2.720  0.6077E+00  0.5810E+01
   2.730  0.6011E+00  0.5816E+01
   2.740  0.5955E+00  0.5822E+01
   2.750  0.5911E+00  0.5828E+01
   2.760  0.5883E+00  0.5834E+01
   2.770  0.5873E+00  0.5839E+01
   2.780  0.5884E+00  0.5845E+01
   2.790  0.5916E+00  0.5851E+01
   2.800  0.5972E+00  0.5857E+01
   2.810  0.6051E+00  0.5863E+01
   2.820  0.6154E+00  0.5869E+01
   2.830  0.6279E+00  0.5876E+01
   2.840  0.6424E+00  0.5882E+01
   2.850  0.6587E+00  0.5889E+01
   2.860  0.6765E+00  0.5895E+01
   2.870  0.6952E+00  0.5902E+01
   2.880  0.7147E+00  0.5910E+01
   2.890  0.7343E+00  0.5917E+01
   2.900  0.7536E+00  0.5924E+01
   2.910  0.7723E+00  0.5932E+01
   2.920  0.7899E+00  0.5940E+01
   2.930  0.8062E+00  0.5948E+01
   2.940  0.8208E+00  0.5956E+01
   2.950  0.8336E+00  0.5965E+01
   2.960  0.8444E+00  0.5973E+01
   2.970  0.8533E+00  0.5982E+01
   2.980  0.8601E+00  0.5990E+01
   2.990  0.8651E+00  0.5999E+01
   3.000  0.8683E+00  0.6008E+01
   3.010  0.8699E+00  0.6016E+01
   3.020  0.8701E+00  0.6025E+01
   3.030  0.8691E+00  0.6034E+01
   3.040  0.8671E+00  0.6042E+01
   3.050  0.8642E+00  0.6051E+01
   3.060  0.8606E+00  0.6060E+01
   3.070  0.8566E+00  0.6068E+01
   3.080  0.8522E+00  0.6077E+01
   3.090  0.8476E+00  0.6085E+01
   3.100  0.8429E+00  0.6094E+01
   3.110  0.8382E+00  0.6102E+01
   3.120  0.8337E+00  0.6110E+01
   3.130  0.8294E+00  0.6119E+01
   3.140  0.8256E+00  0.6127E+01
   3.150  0.8224E+00  0.6135E+01
   3.160  0.8198E+00  0.6143E+01
   3.170  0.8181E+00  0.6151E+01
   3.180  0.8173E+00  0.6160E+01
   3.190  0.8176E+00  0.6168E+01
   3.200  0.8189E+00  0.6176E+01
   3.210  0.8214E+00  0.6184E+01
   3.220  0.8249E+00  0.6192E+01
   3.230  0.8294E+00  0.6201E+01
   3.240  0.8348E+00  0.6209E+01
   3.250  0.8408E+00  0.6217E+01
   3.260  0.8472E+00  0.6226E+01
   3.270  0.8537E+00  0.6234E+01
   3.280  0.8600E+00  0.6243E+01
   3.290  0.8659E+00  0.6252E+01
   3.300  0.8710E+00  0.6260E+01
   3.310  0.8751E+00  0.6269E+01
   3.320  0.8778E+00  0.6278E+01
   3.330  0.8792E+00  0.6287E+01
   3.340  0.8789E+00  0.6296E+01
   3.350  0.8772E+00  0.6304E+01
   3.360  0.8740E+00  0.6313E+01
   3.370  0.8694E+00  0.6322E+01
   3.380  0.8637E+00  0.6330E+01
   3.390  0.8572E+00  0.6339E+01
   3.400  0.8502E+00  0.6347E+01
   3.410  0.8431E+00  0.6356E+01
   3.420  0.8362E+00  0.6364E+01
   3.430  0.8299E+00  0.6373E+01
   3.440  0.8246E+00  0.6381E+01
   3.450  0.8205E+00  0.6389E+01
   3.460  0.8179E+00  0.6397E+01
   3.470  0.8169E+00  0.6405E+01
   3.480  0.8177E+00  0.6414E+01
   3.490  0.8203E+00  0.6422E+01
   3.500  0.8247E+00  0.6430E+01
   3.510  0.8307E+00  0.6438E+01
   3.520  0.8381E+00  0.6447E+01
   3.530  0.8467E+00  0.6455E+01
   3.540  0.8563E+00  0.6464E+01
   3.550  0.8664E+00  0.6472E+01
   3.560  0.8768E+00  0.6481E+01
   3.570  0.8870E+00  0.6490E+01
   3.580  0.8969E+00  0.6499E+01
   3.590  0.9060E+00  0.6508E+01
   3.600  0.9140E+00  0.6517E+01
   3.610  0.9207E+00  0.6526E+01
   3.620  0.9259E+00  0.6536E+01
   3.630  0.9293E+00  0.6545E+01
   3.640  0.9310E+00  0.6554E+01
   3.650  0.9307E+00  0.6564E+01
   3.660  0.9284E+00  0.6573E+01
   3.670  0.9243E+00  0.6582E+01
   3.680  0.9183E+00  0.6591E+01
   3.690  0.9105E+00  0.6600E+01
   3.700  0.9012E+00  0.6609E+01
   3.710  0.8905E+00  0.6618E+01
   3.720  0.8787E+00  0.6627E+01
   3.730  0.8660E+00  0.6636E+01
   3.740  0.8528E+00  0.6644E+01
   3.750  0.8393E+00  0.6653E+01
   3.760  0.8258E+00  0.6661E+01
   3.770  0.8129E+00  0.6669E+01
   3.780  0.8006E+00  0.6677E+01
   3.790  0.7895E+00  0.6685E+01
   3.800  0.7799E+00  0.6693E+01
   3.810  0.7719E+00  0.6700E+01
   3.820  0.7660E+00  0.6708E+01
   3.830  0.7621E+00  0.6716E+01
   3.840  0.7606E+00  0.6723E+01
   3.850  0.7614E+00  0.6731E+01
   3.860  0.7646E+00  0.6739E+01
   3.870  0.7699E+00  0.6746E+01
   3.880  0.7773E+00  0.6754E+01
   3.890  0.7864E+00  0.6762E+01
   3.900  0.7969E+00  0.6770E+01
   3.910  0.8085E+00  0.6778E+01
   3.920  0.8208E+00  0.6786E+01
   3.930  0.8333E+00  0.6795E+01
   3.940  0.8456E+00  0.6803E+01
   3.950  0.8574E+00  0.6812E+01
   3.960  0.8683E+00  0.6820E+01
   3.970  0.8781E+00  0.6829E+01
   3.980  0.8864E+00  0.6838E+01
   3.990  0.8933E+00  0.6847E+01
   4.000  0.8986E+00  0.6856E+01
   4.010  0.9024E+00  0.6865E+01
   4.020  0.9047E+00  0.6874E+01
   4.030  0.9056E+00  0.6883E+01
   4.040  0.9055E+00  0.6892E+01
   4.050  0.9045E+00  0.6901E+01
   4.060  0.9029E+00  0.6910E+01
   4.070  0.9009E+00  0.6919E+01
   4.080  0.8988E+00  0.6928E+01
   4.090  0.8967E+00  0.6937E+01
   4.100  0.8949E+00  0.6946E+01
   4.110  0.8935E+00  0.6955E+01
   4.120  0.8926E+00  0.6964E+01
   4.130  0.8921E+00  0.6973E+01
   4.140  0.8922E+00  0.6982E+01
   4.150  0.8927E+00  0.6991E+01
   4.160  0.8936E+00  0.7000E+01
   4.170  0.8946E+00  0.7009E+01
   4.180  0.8958E+00  0.7017E+01
   4.190  0.8967E+00  0.7026E+01
   4.200  0.8974E+00  0.7035E+01
   4.210  0.8977E+00  0.7044E+01
   4.220  0.8973E+00  0.7053E+01
   4.230  0.8962E+00  0.7062E+01
   4.240  0.8943E+00  0.7071E+01
   4.250  0.8915E+00  0.7080E+01
   4.260  0.8880E+00  0.7089E+01
   4.270  0.8837E+00  0.7098E+01
   4.280  0.8787E+00  0.7107E+01
   4.290  0.8732E+00  0.7115E+01
   4.300  0.8674E+00  0.7124E+01
   4.310  0.8614E+00  0.7133E+01
   4.320  0.8555E+00  0.7141E+01
   4.330  0.8498E+00  0.7150E+01
   4.340  0.8445E+00  0.7158E+01
   4.350  0.8397E+00  0.7167E+01
   4.360  0.8356E+00  0.7175E+01
   4.370  0.8322E+00  0.7183E+01
   4.380  0.8295E+00  0.7192E+01
   4.390  0.8274E+00  0.7200E+01
   4.400  0.8259E+00  0.7208E+01
   4.410  0.8248E+00  0.7216E+01
   4.420  0.8239E+00  0.7225E+01
   4.430  0.8231E+00  0.7233E+01
   4.440  0.8220E+00  0.7241E+01
   4.450  0.8204E+00  0.7249E+01
   4.460  0.8183E+00  0.7257E+01
   4.470  0.8153E+00  0.7266E+01
   4.480  0.8114E+00  0.7274E+01
   4.490  0.8063E+00  0.7282E+01
   4.500  0.8002E+00  0.7290E+01
   4.510  0.7930E+00  0.7298E+01
   4.520  0.7847E+00  0.7306E+01
   4.530  0.7756E+00  0.7313E+01
   4.540  0.7657E+00  0.7321E+01
   4.550  0.7553E+00  0.7328E+01
   4.560  0.7447E+00  0.7336E+01
   4.570  0.7342E+00  0.7343E+01
   4.580  0.7241E+00  0.7351E+01
   4.590  0.7148E+00  0.7358E+01
   4.600  0.7067E+00  0.7365E+01
   4.610  0.7001E+00  0.7372E+01
   4.620  0.6953E+00  0.7379E+01
   4.630  0.6926E+00  0.7386E+01
   4.640  0.6922E+00  0.7393E+01
   4.650  0.6944E+00  0.7399E+01
   4.660  0.6994E+00  0.7406E+01
   4.670  0.7070E+00  0.7414E+01
   4.680  0.7173E+00  0.7421E+01
   4.690  0.7302E+00  0.7428E+01
   4.700  0.7455E+00  0.7435E+01
   4.710  0.7630E+00  0.7443E+01
   4.720  0.7822E+00  0.7451E+01
   4.730  0.8029E+00  0.7459E+01
   4.740  0.8245E+00  0.7467E+01
   4.750  0.8467E+00  0.7476E+01
   4.760  0.8691E+00  0.7484E+01
   4.770  0.8911E+00  0.7493E+01
   4.780  0.9124E+00  0.7502E+01
   4.790  0.9327E+00  0.7512E+01
   4.800  0.9516E+00  0.7521E+01
   4.810  0.9689E+00  0.7531E+01
   4.820  0.9846E+00  0.7541E+01
   4.830  0.9984E+00  0.7551E+01
   4.840  0.1010E+01  0.7561E+01
   4.850  0.1021E+01  0.7571E+01
   4.860  0.1029E+01  0.7581E+01
   4.870  0.1037E+01  0.7592E+01
   4.880  0.1043E+01  0.7602E+01
   4.890  0.1048E+01  0.7613E+01
   4.900  0.1052E+01  0.7623E+01
   4.910  0.1056E+01  0.7634E+01
   4.920  0.1060E+01  0.7644E+01
   4.930  0.1063E+01  0.7655E+01
   4.940  0.1067E+01  0.7666E+01
   4.950  0.1072E+01  0.7676E+01
   4.960  0.1076E+01  0.7687E+01
   4.970  0.1081E+01  0.7698E+01
   4.980  0.1087E+01  0.7709E+01
   4.990  0.1093E+01  0.7720E+01
   5.000  0.1100E+01  0.7731E+01
   5.010  0.1106E+01  0.7742E+01
   5.020  0.1113E+01  0.7753E+01
   5.030  0.1120E+01  0.7764E+01
   5.040  0.1126E+01  0.7775E+01
   5.050  0.1132E+01  0.7787E+01
   5.060  0.1137E+01  0.7798E+01
   5.070  0.1142E+01  0.7809E+01
   5.080  0.1145E+01  0.7821E+01
   5.090  0.1146E+01  0.7832E+01
   5.100  0.1147E+01  0.7844E+01
   5.110  0.1146E+01  0.7855E+01
   5.120  0.1144E+01  0.7867E+01
   5.130  0.1140E+01  0.7878E+01
   5.140  0.1135E+01  0.7890E+01
   5.150  0.1129E+01  0.7901E+01
   5.160  0.1123E+01  0.7912E+01
   5.170  0.1115E+01  0.7923E+01
   5.180  0.1107E+01  0.7934E+01
   5.190  0.1098E+01  0.7945E+01
   5.200  0.1089E+01  0.7956E+01
   5.210  0.1080E+01  0.7967E+01
   5.220  0.1071E+01  0.7978E+01
   5.230  0.1062E+01  0.7988E+01
   5.240  0.1053E+01  0.7999E+01
   5.250  0.1045E+01  0.8009E+01
   5.260  0.1037E+01  0.8020E+01
   5.270  0.1030E+01  0.8030E+01
   5.280  0.1023E+01  0.8040E+01
   5.290  0.1016E+01  0.8050E+01
   5.300  0.1011E+01  0.8060E+01
   5.310  0.1006E+01  0.8070E+01
   5.320  0.1002E+01  0.8080E+01
   5.330  0.9999E+00  0.8090E+01
   5.340  0.9988E+00  0.8100E+01
   5.350  0.9990E+00  0.8110E+01
   5.360  0.1001E+01  0.8120E+01
   5.370  0.1004E+01  0.8131E+01
   5.380  0.1010E+01  0.8141E+01
   5.390  0.1017E+01  0.8151E+01
   5.400  0.1025E+01  0.8161E+01
   5.410  0.1036E+01  0.8171E+01
   5.420  0.1048E+01  0.8182E+01
   5.430  0.1061E+01  0.8192E+01
   5.440  0.1076E+01  0.8203E+01
   5.450  0.1092E+01  0.8214E+01
   5.460  0.1109E+01  0.8225E+01
   5.470  0.1127E+01  0.8237E+01
   5.480  0.1146E+01  0.8248E+01
   5.490  0.1165E+01  0.8260E+01
   5.500  0.1185E+01  0.8271E+01
   5.510  0.1205E+01  0.8284E+01
   5.520  0.1226E+01  0.8296E+01
   5.530  0.1246E+01  0.8308E+01
   5.540  0.1267E+01  0.8321E+01
   5.550  0.1289E+01  0.8334E+01
   5.560  0.1310E+01  0.8347E+01
   5.570  0.1332E+01  0.8360E+01
   5.580  0.1354E+01  0.8374E+01
   5.590  0.1377E+01  0.8388E+01
   5.600  0.1399E+01  0.8402E+01
   5.610  0.1421E+01  0.8416E+01
   5.620  0.1443E+01  0.8430E+01
   5.630  0.1465E+01  0.8445E+01
   5.640  0.1485E+01  0.8460E+01
   5.650  0.1505E+01  0.8475E+01
   5.660  0.1524E+01  0.8490E+01
   5.670  0.1541E+01  0.8505E+01
   5.680  0.1557E+01  0.8521E+01
   5.690  0.1571E+01  0.8537E+01
   5.700  0.1583E+01  0.8553E+01
   5.710  0.1593E+01  0.8568E+01
   5.720  0.1602E+01  0.8584E+01
   5.730  0.1609E+01  0.8601E+01
   5.740  0.1614E+01  0.8617E+01
   5.750  0.1619E+01  0.8633E+01
   5.760  0.1623E+01  0.8649E+01
   5.770  0.1628E+01  0.8665E+01
   5.780  0.1632E+01  0.8682E+01
   5.790  0.1638E+01  0.8698E+01
   5.800  0.1645E+01  0.8715E+01
   5.810  0.1654E+01  0.8731E+01
   5.820  0.1666E+01  0.8748E+01
   5.830  0.1680E+01  0.8765E+01
   5.840  0.1697E+01  0.8782E+01
   5.850  0.1717E+01  0.8799E+01
   5.860  0.1739E+01  0.8816E+01
   5.870  0.1763E+01  0.8834E+01
   5.880  0.1789E+01  0.8852E+01
   5.890  0.1815E+01  0.8870E+01
   5.900  0.1842E+01  0.8888E+01
   5.910  0.1869E+01  0.8907E+01
   5.920  0.1894E+01  0.8926E+01
   5.930  0.1917E+01  0.8945E+01
   5.940  0.1937E+01  0.8964E+01
   5.950  0.1953E+01  0.8984E+01
   5.960  0.1965E+01  0.9004E+01
   5.970  0.1973E+01  0.9023E+01
   5.980  0.1976E+01  0.9043E+01
   5.990  0.1975E+01  0.9063E+01
   6.000  0.1969E+01  0.9082E+01
   6.010  0.1959E+01  0.9102E+01
   6.020  0.1945E+01  0.9121E+01
   6.030  0.1929E+01  0.9141E+01
   6.040  0.1910E+01  0.9160E+01
   6.050  0.1890E+01  0.9179E+01
   6.060  0.1869E+01  0.9197E+01
   6.070  0.1849E+01  0.9216E+01
   6.080  0.1829E+01  0.9234E+01
   6.090  0.1811E+01  0.9252E+01
   6.100  0.1794E+01  0.9270E+01
   6.110  0.1780E+01  0.9288E+01
   6.120  0.1768E+01  0.9306E+01
   6.130  0.1759E+01  0.9323E+01
   6.140  0.1752E+01  0.9341E+01
   6.150  0.1748E+01  0.9358E+01
   6.160  0.1746E+01  0.9376E+01
   6.170  0.1746E+01  0.9393E+01
   6.180  0.1747E+01  0.9411E+01
   6.190  0.1750E+01  0.9428E+01
   6.200  0.1754E+01  0.9446E+01
   6.210  0.1759E+01  0.9463E+01
   6.220  0.1765E+01  0.9481E+01
   6.230  0.1771E+01  0.9499E+01
   6.240  0.1779E+01  0.9517E+01
   6.250  0.1787E+01  0.9534E+01
   6.260  0.1796E+01  0.9552E+01
   6.270  0.1806E+01  0.9570E+01
   6.280  0.1817E+01  0.9589E+01
   6.290  0.1830E+01  0.9607E+01
   6.300  0.1844E+01  0.9625E+01
   6.310  0.1860E+01  0.9644E+01
   6.320  0.1877E+01  0.9663E+01
   6.330  0.1895E+01  0.9682E+01
   6.340  0.1915E+01  0.9701E+01
   6.350  0.1935E+01  0.9720E+01
   6.360  0.1956E+01  0.9740E+01
   6.370  0.1977E+01  0.9759E+01
   6.380  0.1998E+01  0.9779E+01
   6.390  0.2017E+01  0.9800E+01
   6.400  0.2036E+01  0.9820E+01
   6.410  0.2054E+01  0.9841E+01
   6.420  0.2070E+01  0.9861E+01
   6.430  0.2084E+01  0.9882E+01
   6.440  0.2097E+01  0.9903E+01
   6.450  0.2109E+01  0.9924E+01
   6.460  0.2120E+01  0.9945E+01
   6.470  0.2130E+01  0.9967E+01
   6.480  0.2141E+01  0.9988E+01
   6.490  0.2151E+01  0.1001E+02
   6.500  0.2162E+01  0.1003E+02
   6.510  0.2175E+01  0.1005E+02
   6.520  0.2188E+01  0.1007E+02
   6.530  0.2204E+01  0.1010E+02
   6.540  0.2221E+01  0.1012E+02
   6.550  0.2239E+01  0.1014E+02
   6.560  0.2259E+01  0.1016E+02
   6.570  0.2279E+01  0.1019E+02
   6.580  0.2300E+01  0.1021E+02
   6.590  0.2320E+01  0.1023E+02
   6.600  0.2339E+01  0.1026E+02
   6.610  0.2356E+01  0.1028E+02
   6.620  0.2370E+01  0.1030E+02
   6.630  0.2381E+01  0.1033E+02
   6.640  0.2388E+01  0.1035E+02
   6.650  0.2392E+01  0.1038E+02
   6.660  0.2391E+01  0.1040E+02
   6.670  0.2386E+01  0.1042E+02
   6.680  0.2378E+01  0.1045E+02
   6.690  0.2365E+01  0.1047E+02
   6.700  0.2350E+01  0.1049E+02
   6.710  0.2333E+01  0.1052E+02
   6.720  0.2314E+01  0.1054E+02
   6.730  0.2294E+01  0.1056E+02
   6.740  0.2274E+01  0.1059E+02
   6.750  0.2254E+01  0.1061E+02
   6.760  0.2236E+01  0.1063E+02
   6.770  0.2218E+01  0.1065E+02
   6.780  0.2202E+01  0.1068E+02
   6.790  0.2187E+01  0.1070E+02
   6.800  0.2173E+01  0.1072E+02
   6.810  0.2160E+01  0.1074E+02
   6.820  0.2147E+01  0.1076E+02
   6.830  0.2134E+01  0.1078E+02
   6.840  0.2120E+01  0.1080E+02
   6.850  0.2105E+01  0.1083E+02
   6.860  0.2088E+01  0.1085E+02
   6.870  0.2069E+01  0.1087E+02
   6.880  0.2047E+01  0.1089E+02
   6.890  0.2022E+01  0.1091E+02
   6.900  0.1994E+01  0.1093E+02
   6.910  0.1964E+01  0.1095E+02
   6.920  0.1932E+01  0.1097E+02
   6.930  0.1897E+01  0.1099E+02
   6.940  0.1862E+01  0.1100E+02
   6.950  0.1825E+01  0.1102E+02
   6.960  0.1788E+01  0.1104E+02
   6.970  0.1752E+01  0.1106E+02
   6.980  0.1717E+01  0.1108E+02
   6.990  0.1683E+01  0.1109E+02
   7.000  0.1651E+01  0.1111E+02
   7.010  0.1622E+01  0.1112E+02
   7.020  0.1596E+01  0.1114E+02
   7.030  0.1573E+01  0.1116E+02
   7.040  0.1553E+01  0.1117E+02
   7.050  0.1536E+01  0.1119E+02
   7.060  0.1521E+01  0.1120E+02
   7.070  0.1510E+01  0.1122E+02
   7.080  0.1501E+01  0.1123E+02
   7.090  0.1495E+01  0.1125E+02
   7.100  0.1490E+01  0.1126E+02
   7.110  0.1487E+01  0.1128E+02
   7.120  0.1485E+01  0.1129E+02
   7.130  0.1485E+01  0.1131E+02
   7.140  0.1484E+01  0.1132E+02
   7.150  0.1485E+01  0.1134E+02
   7.160  0.1485E+01  0.1135E+02
   7.170  0.1485E+01  0.1137E+02
   7.180  0.1484E+01  0.1138E+02
   7.190  0.1483E+01  0.1140E+02
   7.200  0.1481E+01  0.1141E+02
   7.210  0.1478E+01  0.1143E+02
   7.220  0.1474E+01  0.1144E+02
   7.230  0.1470E+01  0.1146E+02
   7.240  0.1464E+01  0.1147E+02
   7.250  0.1457E+01  0.1148E+02
   7.260  0.1449E+01  0.1150E+02
   7.270  0.1441E+01  0.1151E+02
   7.280  0.1431E+01  0.1153E+02
   7.290  0.1421E+01  0.1154E+02
   7.300  0.1410E+01  0.1156E+02
   7.310  0.1398E+01  0.1157E+02
   7.320  0.1386E+01  0.1158E+02
   7.330  0.1373E+01  0.1160E+02
   7.340  0.1359E+01  0.1161E+02
   7.350  0.1344E+01  0.1162E+02
   7.360  0.1329E+01  0.1164E+02
   7.370  0.1313E+01  0.1165E+02
   7.380  0.1296E+01  0.1166E+02
   7.390  0.1280E+01  0.1168E+02
   7.400  0.1263E+01  0.1169E+02
   7.410  0.1246E+01  0.1170E+02
   7.420  0.1230E+01  0.1171E+02
   7.430  0.1215E+01  0.1173E+02
   7.440  0.1201E+01  0.1174E+02
   7.450  0.1188E+01  0.1175E+02
   7.460  0.1178E+01  0.1176E+02
   7.470  0.1170E+01  0.1177E+02
   7.480  0.1165E+01  0.1179E+02
   7.490  0.1162E+01  0.1180E+02
   7.500  0.1163E+01  0.1181E+02
   7.510  0.1166E+01  0.1182E+02
   7.520  0.1172E+01  0.1183E+02
   7.530  0.1181E+01  0.1184E+02
   7.540  0.1193E+01  0.1186E+02
   7.550  0.1206E+01  0.1187E+02
   7.560  0.1220E+01  0.1188E+02
   7.570  0.1235E+01  0.1189E+02
   7.580  0.1251E+01  0.1190E+02
   7.590  0.1266E+01  0.1192E+02
   7.600  0.1280E+01  0.1193E+02
   7.610  0.1293E+01  0.1194E+02
   7.620  0.1304E+01  0.1196E+02
   7.630  0.1313E+01  0.1197E+02
   7.640  0.1320E+01  0.1198E+02
   7.650  0.1324E+01  0.1200E+02
   7.660  0.1326E+01  0.1201E+02
   7.670  0.1326E+01  0.1202E+02
   7.680  0.1323E+01  0.1204E+02
   7.690  0.1319E+01  0.1205E+02
   7.700  0.1314E+01  0.1206E+02
   7.710  0.1308E+01  0.1207E+02
   7.720  0.1302E+01  0.1209E+02
   7.730  0.1295E+01  0.1210E+02
   7.740  0.1289E+01  0.1211E+02
   7.750  0.1284E+01  0.1213E+02
   7.760  0.1280E+01  0.1214E+02
   7.770  0.1278E+01  0.1215E+02
   7.780  0.1277E+01  0.1216E+02
   7.790  0.1277E+01  0.1218E+02
   7.800  0.1279E+01  0.1219E+02
   7.810  0.1282E+01  0.1220E+02
   7.820  0.1286E+01  0.1222E+02
   7.830  0.1291E+01  0.1223E+02
   7.840  0.1296E+01  0.1224E+02
   7.850  0.1301E+01  0.1225E+02
   7.860  0.1306E+01  0.1227E+02
   7.870  0.1310E+01  0.1228E+02
   7.880  0.1314E+01  0.1229E+02
   7.890  0.1316E+01  0.1231E+02
   7.900  0.1317E+01  0.1232E+02
   7.910  0.1317E+01  0.1233E+02
   7.920  0.1315E+01  0.1235E+02
   7.930  0.1311E+01  0.1236E+02
   7.940  0.1307E+01  0.1237E+02
   7.950  0.1301E+01  0.1239E+02
   7.960  0.1294E+01  0.1240E+02
   7.970  0.1286E+01  0.1241E+02
   7.980  0.1278E+01  0.1242E+02
   7.990  0.1268E+01  0.1244E+02
   8.000  0.1259E+01  0.1245E+02
   8.010  0.1249E+01  0.1246E+02
   8.020  0.1238E+01  0.1247E+02
   8.030  0.1228E+01  0.1249E+02
   8.040  0.1217E+01  0.1250E+02
   8.050  0.1206E+01  0.1251E+02
   8.060  0.1195E+01  0.1252E+02
   8.070  0.1184E+01  0.1254E+02
   8.080  0.1173E+01  0.1255E+02
   8.090  0.1162E+01  0.1256E+02
   8.100  0.1152E+01  0.1257E+02
   8.110  0.1142E+01  0.1258E+02
   8.120  0.1132E+01  0.1259E+02
   8.130  0.1124E+01  0.1260E+02
   8.140  0.1117E+01  0.1262E+02
   8.150  0.1111E+01  0.1263E+02
   8.160  0.1107E+01  0.1264E+02
   8.170  0.1104E+01  0.1265E+02
   8.180  0.1104E+01  0.1266E+02
   8.190  0.1106E+01  0.1267E+02
   8.200  0.1109E+01  0.1268E+02
   8.210  0.1115E+01  0.1269E+02
   8.220  0.1122E+01  0.1270E+02
   8.230  0.1131E+01  0.1272E+02
   8.240  0.1141E+01  0.1273E+02
   8.250  0.1152E+01  0.1274E+02
   8.260  0.1163E+01  0.1275E+02
   8.270  0.1175E+01  0.1276E+02
   8.280  0.1187E+01  0.1277E+02
   8.290  0.1199E+01  0.1279E+02
   8.300  0.1210E+01  0.1280E+02
   8.310  0.1221E+01  0.1281E+02
   8.320  0.1231E+01  0.1282E+02
   8.330  0.1241E+01  0.1283E+02
   8.340  0.1250E+01  0.1285E+02
   8.350  0.1258E+01  0.1286E+02
   8.360  0.1266E+01  0.1287E+02
   8.370  0.1274E+01  0.1288E+02
   8.380  0.1281E+01  0.1290E+02
   8.390  0.1288E+01  0.1291E+02
   8.400  0.1296E+01  0.1292E+02
   8.410  0.1303E+01  0.1294E+02
   8.420  0.1311E+01  0.1295E+02
   8.430  0.1319E+01  0.1296E+02
   8.440  0.1327E+01  0.1298E+02
   8.450  0.1336E+01  0.1299E+02
   8.460  0.1346E+01  0.1300E+02
   8.470  0.1355E+01  0.1302E+02
   8.480  0.1366E+01  0.1303E+02
   8.490  0.1377E+01  0.1304E+02
   8.500  0.1388E+01  0.1306E+02
   8.510  0.1400E+01  0.1307E+02
   8.520  0.1412E+01  0.1309E+02
   8.530  0.1425E+01  0.1310E+02
   8.540  0.1439E+01  0.1311E+02
   8.550  0.1453E+01  0.1313E+02
   8.560  0.1467E+01  0.1314E+02
   8.570  0.1481E+01  0.1316E+02
   8.580  0.1494E+01  0.1317E+02
   8.590  0.1507E+01  0.1319E+02
   8.600  0.1519E+01  0.1320E+02
   8.610  0.1530E+01  0.1322E+02
   8.620  0.1539E+01  0.1323E+02
   8.630  0.1545E+01  0.1325E+02
   8.640  0.1549E+01  0.1327E+02
   8.650  0.1551E+01  0.1328E+02
   8.660  0.1549E+01  0.1330E+02
   8.670  0.1544E+01  0.1331E+02
   8.680  0.1535E+01  0.1333E+02
   8.690  0.1524E+01  0.1334E+02
   8.700  0.1510E+01  0.1336E+02
   8.710  0.1493E+01  0.1337E+02
   8.720  0.1474E+01  0.1339E+02
   8.730  0.1453E+01  0.1340E+02
   8.740  0.1431E+01  0.1342E+02
   8.750  0.1409E+01  0.1343E+02
   8.760  0.1387E+01  0.1344E+02
   8.770  0.1366E+01  0.1346E+02
   8.780  0.1346E+01  0.1347E+02
   8.790  0.1329E+01  0.1348E+02
   8.800  0.1314E+01  0.1350E+02
   8.810  0.1301E+01  0.1351E+02
   8.820  0.1293E+01  0.1352E+02
   8.830  0.1287E+01  0.1354E+02
   8.840  0.1285E+01  0.1355E+02
   8.850  0.1287E+01  0.1356E+02
   8.860  0.1292E+01  0.1357E+02
   8.870  0.1299E+01  0.1359E+02
   8.880  0.1309E+01  0.1360E+02
   8.890  0.1322E+01  0.1361E+02
   8.900  0.1335E+01  0.1363E+02
   8.910  0.1350E+01  0.1364E+02
   8.920  0.1366E+01  0.1365E+02
   8.930  0.1381E+01  0.1367E+02
   8.940  0.1396E+01  0.1368E+02
   8.950  0.1411E+01  0.1370E+02
   8.960  0.1424E+01  0.1371E+02
   8.970  0.1435E+01  0.1373E+02
   8.980  0.1444E+01  0.1374E+02
   8.990  0.1452E+01  0.1375E+02
   9.000  0.1457E+01  0.1377E+02
   9.010  0.1460E+01  0.1378E+02
   9.020  0.1461E+01  0.1380E+02
   9.030  0.1459E+01  0.1381E+02
   9.040  0.1456E+01  0.1383E+02
   9.050  0.1450E+01  0.1384E+02
   9.060  0.1443E+01  0.1386E+02
   9.070  0.1435E+01  0.1387E+02
   9.080  0.1425E+01  0.1388E+02
   9.090  0.1414E+01  0.1390E+02
   9.100  0.1402E+01  0.1391E+02
   9.110  0.1390E+01  0.1393E+02
   9.120  0.1377E+01  0.1394E+02
   9.130  0.1365E+01  0.1395E+02
   9.140  0.1352E+01  0.1397E+02
   9.150  0.1340E+01  0.1398E+02
   9.160  0.1329E+01  0.1399E+02
   9.170  0.1317E+01  0.1401E+02
   9.180  0.1306E+01  0.1402E+02
   9.190  0.1296E+01  0.1403E+02
   9.200  0.1285E+01  0.1405E+02
   9.210  0.1274E+01  0.1406E+02
   9.220  0.1264E+01  0.1407E+02
   9.230  0.1253E+01  0.1408E+02
   9.240  0.1241E+01  0.1410E+02
   9.250  0.1229E+01  0.1411E+02
   9.260  0.1216E+01  0.1412E+02
   9.270  0.1202E+01  0.1413E+02
   9.280  0.1187E+01  0.1415E+02
   9.290  0.1172E+01  0.1416E+02
   9.300  0.1156E+01  0.1417E+02
   9.310  0.1139E+01  0.1418E+02
   9.320  0.1122E+01  0.1419E+02
   9.330  0.1105E+01  0.1420E+02
   9.340  0.1087E+01  0.1421E+02
   9.350  0.1070E+01  0.1422E+02
   9.360  0.1053E+01  0.1423E+02
   9.370  0.1037E+01  0.1424E+02
   9.380  0.1021E+01  0.1425E+02
   9.390  0.1006E+01  0.1426E+02
   9.400  0.9929E+00  0.1427E+02
   9.410  0.9810E+00  0.1428E+02
   9.420  0.9707E+00  0.1429E+02
   9.430  0.9624E+00  0.1430E+02
   9.440  0.9561E+00  0.1431E+02
   9.450  0.9520E+00  0.1432E+02
   9.460  0.9503E+00  0.1433E+02
   9.470  0.9510E+00  0.1434E+02
   9.480  0.9541E+00  0.1435E+02
   9.490  0.9596E+00  0.1436E+02
   9.500  0.9673E+00  0.1437E+02
   9.510  0.9772E+00  0.1438E+02
   9.520  0.9888E+00  0.1439E+02
   9.530  0.1002E+01  0.1440E+02
   9.540  0.1017E+01  0.1441E+02
   9.550  0.1032E+01  0.1442E+02
   9.560  0.1047E+01  0.1443E+02
   9.570  0.1063E+01  0.1444E+02
   9.580  0.1078E+01  0.1445E+02
   9.590  0.1093E+01  0.1446E+02
   9.600  0.1107E+01  0.1447E+02
   9.610  0.1119E+01  0.1449E+02
   9.620  0.1130E+01  0.1450E+02
   9.630  0.1140E+01  0.1451E+02
   9.640  0.1148E+01  0.1452E+02
   9.650  0.1156E+01  0.1453E+02
   9.660  0.1162E+01  0.1454E+02
   9.670  0.1167E+01  0.1455E+02
   9.680  0.1171E+01  0.1457E+02
   9.690  0.1175E+01  0.1458E+02
   9.700  0.1179E+01  0.1459E+02
   9.710  0.1182E+01  0.1460E+02
   9.720  0.1185E+01  0.1461E+02
   9.730  0.1189E+01  0.1463E+02
   9.740  0.1192E+01  0.1464E+02
   9.750  0.1195E+01  0.1465E+02
   9.760  0.1197E+01  0.1466E+02
   9.770  0.1199E+01  0.1467E+02
   9.780  0.1200E+01  0.1469E+02
   9.790  0.1200E+01  0.1470E+02
   9.800  0.1198E+01  0.1471E+02
   9.810  0.1195E+01  0.1472E+02
   9.820  0.1189E+01  0.1473E+02
   9.830  0.1182E+01  0.1475E+02
   9.840  0.1171E+01  0.1476E+02
   9.850  0.1159E+01  0.1477E+02
   9.860  0.1144E+01  0.1478E+02
   9.870  0.1127E+01  0.1479E+02
   9.880  0.1107E+01  0.1480E+02
   9.890  0.1086E+01  0.1481E+02
   9.900  0.1063E+01  0.1482E+02
   9.910  0.1038E+01  0.1483E+02
   9.920  0.1013E+01  0.1484E+02
   9.930  0.9875E+00  0.1485E+02
   9.940  0.9621E+00  0.1486E+02
   9.950  0.9371E+00  0.1487E+02
   9.960  0.9131E+00  0.1488E+02
   9.970  0.8905E+00  0.1489E+02
   9.980  0.8697E+00  0.1490E+02
   9.990  0.8510E+00  0.1491E+02
  10.000  0.8348E+00  0.1492E+02
