#  E (eV)   dos(E)     Int dos(E) EFermi =   -1.805 eV
 -10.000  0.4380E+00  0.4380E-02
  -9.990  0.4381E+00  0.8762E-02
  -9.980  0.4377E+00  0.1314E-01
  -9.970  0.4369E+00  0.1751E-01
  -9.960  0.4355E+00  0.2186E-01
  -9.950  0.4338E+00  0.2620E-01
  -9.940  0.4318E+00  0.3052E-01
  -9.930  0.4295E+00  0.3481E-01
  -9.920  0.4272E+00  0.3909E-01
  -9.910  0.4250E+00  0.4334E-01
  -9.900  0.4230E+00  0.4757E-01
  -9.890  0.4214E+00  0.5178E-01
  -9.880  0.4204E+00  0.5599E-01
  -9.870  0.4200E+00  0.6019E-01
  -9.860  0.4204E+00  0.6439E-01
  -9.850  0.4215E+00  0.6861E-01
  -9.840  0.4234E+00  0.7284E-01
  -9.830  0.4261E+00  0.7710E-01
  -9.820  0.4293E+00  0.8139E-01
  -9.810  0.4331E+00  0.8573E-01
  -9.800  0.4372E+00  0.9010E-01
  -9.790  0.4414E+00  0.9451E-01
  -9.780  0.4455E+00  0.9896E-01
  -9.770  0.4493E+00  0.1035E+00
  -9.760  0.4526E+00  0.1080E+00
  -9.750  0.4553E+00  0.1125E+00
  -9.740  0.4573E+00  0.1171E+00
  -9.730  0.4586E+00  0.1217E+00
  -9.720  0.4590E+00  0.1263E+00
  -9.710  0.4587E+00  0.1309E+00
  -9.700  0.4578E+00  0.1355E+00
  -9.690  0.4563E+00  0.1400E+00
  -9.680  0.4546E+00  0.1446E+00
  -9.670  0.4528E+00  0.1491E+00
  -9.660  0.4512E+00  0.1536E+00
  -9.650  0.4500E+00  0.1581E+00
  -9.640  0.4493E+00  0.1626E+00
  -9.630  0.4495E+00  0.1671E+00
  -9.620  0.4507E+00  0.1716E+00
  -9.610  0.4530E+00  0.1761E+00
  -9.600  0.4565E+00  0.1807E+00
  -9.590  0.4612E+00  0.1853E+00
  -9.580  0.4672E+00  0.1900E+00
  -9.570  0.4743E+00  0.1947E+00
  -9.560  0.4824E+00  0.1995E+00
  -9.550  0.4915E+00  0.2045E+00
  -9.540  0.5013E+00  0.2095E+00
  -9.530  0.5117E+00  0.2146E+00
  -9.520  0.5224E+00  0.2198E+00
  -9.510  0.5334E+00  0.2251E+00
  -9.500  0.5445E+00  0.2306E+00
  -9.490  0.5555E+00  0.2361E+00
  -9.480  0.5664E+00  0.2418E+00
  -9.470  0.5771E+00  0.2476E+00
  -9.460  0.5875E+00  0.2535E+00
  -9.450  0.5976E+00  0.2594E+00
  -9.440  0.6075E+00  0.2655E+00
  -9.430  0.6172E+00  0.2717E+00
  -9.420  0.6268E+00  0.2779E+00
  -9.410  0.6362E+00  0.2843E+00
  -9.400  0.6454E+00  0.2908E+00
  -9.390  0.6546E+00  0.2973E+00
  -9.380  0.6638E+00  0.3039E+00
  -9.370  0.6727E+00  0.3107E+00
  -9.360  0.6816E+00  0.3175E+00
  -9.350  0.6901E+00  0.3244E+00
  -9.340  0.6984E+00  0.3314E+00
  -9.330  0.7062E+00  0.3384E+00
  -9.320  0.7134E+00  0.3456E+00
  -9.310  0.7201E+00  0.3528E+00
  -9.300  0.7260E+00  0.3600E+00
  -9.290  0.7311E+00  0.3673E+00
  -9.280  0.7354E+00  0.3747E+00
  -9.270  0.7388E+00  0.3821E+00
  -9.260  0.7415E+00  0.3895E+00
  -9.250  0.7434E+00  0.3969E+00
  -9.240  0.7447E+00  0.4044E+00
  -9.230  0.7454E+00  0.4118E+00
  -9.220  0.7458E+00  0.4193E+00
  -9.210  0.7459E+00  0.4268E+00
  -9.200  0.7460E+00  0.4342E+00
  -9.190  0.7461E+00  0.4417E+00
  -9.180  0.7463E+00  0.4491E+00
  -9.170  0.7469E+00  0.4566E+00
  -9.160  0.7479E+00  0.4641E+00
  -9.150  0.7493E+00  0.4716E+00
  -9.140  0.7511E+00  0.4791E+00
  -9.130  0.7534E+00  0.4866E+00
  -9.120  0.7562E+00  0.4942E+00
  -9.110  0.7592E+00  0.5018E+00
  -9.100  0.7626E+00  0.5094E+00
  -9.090  0.7660E+00  0.5171E+00
  -9.080  0.7695E+00  0.5248E+00
  -9.070  0.7730E+00  0.5325E+00
  -9.060  0.7762E+00  0.5402E+00
  -9.050  0.7791E+00  0.5480E+00
  -9.040  0.7817E+00  0.5559E+00
  -9.030  0.7838E+00  0.5637E+00
  -9.020  0.7855E+00  0.5715E+00
  -9.010  0.7867E+00  0.5794E+00
  -9.000  0.7874E+00  0.5873E+00
  -8.990  0.7877E+00  0.5952E+00
  -8.980  0.7878E+00  0.6030E+00
  -8.970  0.7876E+00  0.6109E+00
  -8.960  0.7873E+00  0.6188E+00
  -8.950  0.7870E+00  0.6267E+00
  -8.940  0.7868E+00  0.6345E+00
  -8.930  0.7869E+00  0.6424E+00
  -8.920  0.7873E+00  0.6503E+00
  -8.910  0.7881E+00  0.6582E+00
  -8.900  0.7894E+00  0.6660E+00
  -8.890  0.7912E+00  0.6740E+00
  -8.880  0.7935E+00  0.6819E+00
  -8.870  0.7963E+00  0.6899E+00
  -8.860  0.7995E+00  0.6979E+00
  -8.850  0.8032E+00  0.7059E+00
  -8.840  0.8071E+00  0.7140E+00
  -8.830  0.8112E+00  0.7221E+00
  -8.820  0.8155E+00  0.7302E+00
  -8.810  0.8198E+00  0.7384E+00
  -8.800  0.8240E+00  0.7467E+00
  -8.790  0.8281E+00  0.7549E+00
  -8.780  0.8321E+00  0.7633E+00
  -8.770  0.8358E+00  0.7716E+00
  -8.760  0.8392E+00  0.7800E+00
  -8.750  0.8424E+00  0.7884E+00
  -8.740  0.8453E+00  0.7969E+00
  -8.730  0.8480E+00  0.8054E+00
  -8.720  0.8504E+00  0.8139E+00
  -8.710  0.8526E+00  0.8224E+00
  -8.700  0.8547E+00  0.8309E+00
  -8.690  0.8566E+00  0.8395E+00
  -8.680  0.8585E+00  0.8481E+00
  -8.670  0.8604E+00  0.8567E+00
  -8.660  0.8623E+00  0.8653E+00
  -8.650  0.8644E+00  0.8740E+00
  -8.640  0.8666E+00  0.8826E+00
  -8.630  0.8691E+00  0.8913E+00
  -8.620  0.8719E+00  0.9000E+00
  -8.610  0.8752E+00  0.9088E+00
  -8.600  0.8789E+00  0.9176E+00
  -8.590  0.8831E+00  0.9264E+00
  -8.580  0.8880E+00  0.9353E+00
  -8.570  0.8935E+00  0.9442E+00
  -8.560  0.8996E+00  0.9532E+00
  -8.550  0.9064E+00  0.9623E+00
  -8.540  0.9138E+00  0.9714E+00
  -8.530  0.9218E+00  0.9806E+00
  -8.520  0.9304E+00  0.9900E+00
  -8.510  0.9394E+00  0.9993E+00
  -8.500  0.9488E+00  0.1009E+01
  -8.490  0.9585E+00  0.1018E+01
  -8.480  0.9684E+00  0.1028E+01
  -8.470  0.9783E+00  0.1038E+01
  -8.460  0.9883E+00  0.1048E+01
  -8.450  0.9982E+00  0.1058E+01
  -8.440  0.1008E+01  0.1068E+01
  -8.430  0.1018E+01  0.1078E+01
  -8.420  0.1027E+01  0.1088E+01
  -8.410  0.1036E+01  0.1099E+01
  -8.400  0.1045E+01  0.1109E+01
  -8.390  0.1054E+01  0.1120E+01
  -8.380  0.1063E+01  0.1130E+01
  -8.370  0.1071E+01  0.1141E+01
  -8.360  0.1079E+01  0.1152E+01
  -8.350  0.1086E+01  0.1163E+01
  -8.340  0.1093E+01  0.1174E+01
  -8.330  0.1100E+01  0.1185E+01
  -8.320  0.1106E+01  0.1196E+01
  -8.310  0.1111E+01  0.1207E+01
  -8.300  0.1115E+01  0.1218E+01
  -8.290  0.1118E+01  0.1229E+01
  -8.280  0.1120E+01  0.1240E+01
  -8.270  0.1120E+01  0.1251E+01
  -8.260  0.1120E+01  0.1263E+01
  -8.250  0.1118E+01  0.1274E+01
  -8.240  0.1114E+01  0.1285E+01
  -8.230  0.1109E+01  0.1296E+01
  -8.220  0.1103E+01  0.1307E+01
  -8.210  0.1096E+01  0.1318E+01
  -8.200  0.1088E+01  0.1329E+01
  -8.190  0.1078E+01  0.1340E+01
  -8.180  0.1068E+01  0.1350E+01
  -8.170  0.1057E+01  0.1361E+01
  -8.160  0.1046E+01  0.1371E+01
  -8.150  0.1034E+01  0.1382E+01
  -8.140  0.1023E+01  0.1392E+01
  -8.130  0.1011E+01  0.1402E+01
  -8.120  0.9993E+00  0.1412E+01
  -8.110  0.9880E+00  0.1422E+01
  -8.100  0.9770E+00  0.1432E+01
  -8.090  0.9665E+00  0.1441E+01
  -8.080  0.9565E+00  0.1451E+01
  -8.070  0.9470E+00  0.1460E+01
  -8.060  0.9380E+00  0.1470E+01
  -8.050  0.9295E+00  0.1479E+01
  -8.040  0.9214E+00  0.1488E+01
  -8.030  0.9138E+00  0.1497E+01
  -8.020  0.9066E+00  0.1507E+01
  -8.010  0.8997E+00  0.1516E+01
  -8.000  0.8931E+00  0.1524E+01
  -7.990  0.8868E+00  0.1533E+01
  -7.980  0.8807E+00  0.1542E+01
  -7.970  0.8748E+00  0.1551E+01
  -7.960  0.8691E+00  0.1560E+01
  -7.950  0.8636E+00  0.1568E+01
  -7.940  0.8583E+00  0.1577E+01
  -7.930  0.8533E+00  0.1585E+01
  -7.920  0.8486E+00  0.1594E+01
  -7.910  0.8441E+00  0.1602E+01
  -7.900  0.8400E+00  0.1611E+01
  -7.890  0.8362E+00  0.1619E+01
  -7.880  0.8327E+00  0.1627E+01
  -7.870  0.8295E+00  0.1636E+01
  -7.860  0.8266E+00  0.1644E+01
  -7.850  0.8240E+00  0.1652E+01
  -7.840  0.8215E+00  0.1660E+01
  -7.830  0.8192E+00  0.1669E+01
  -7.820  0.8169E+00  0.1677E+01
  -7.810  0.8145E+00  0.1685E+01
  -7.800  0.8120E+00  0.1693E+01
  -7.790  0.8094E+00  0.1701E+01
  -7.780  0.8065E+00  0.1709E+01
  -7.770  0.8033E+00  0.1717E+01
  -7.760  0.7999E+00  0.1725E+01
  -7.750  0.7961E+00  0.1733E+01
  -7.740  0.7922E+00  0.1741E+01
  -7.730  0.7880E+00  0.1749E+01
  -7.720  0.7837E+00  0.1757E+01
  -7.710  0.7794E+00  0.1765E+01
  -7.700  0.7752E+00  0.1772E+01
  -7.690  0.7710E+00  0.1780E+01
  -7.680  0.7671E+00  0.1788E+01
  -7.670  0.7635E+00  0.1795E+01
  -7.660  0.7603E+00  0.1803E+01
  -7.650  0.7574E+00  0.1811E+01
  -7.640  0.7549E+00  0.1818E+01
  -7.630  0.7529E+00  0.1826E+01
  -7.620  0.7512E+00  0.1833E+01
  -7.610  0.7498E+00  0.1841E+01
  -7.600  0.7487E+00  0.1848E+01
  -7.590  0.7478E+00  0.1856E+01
  -7.580  0.7470E+00  0.1863E+01
  -7.570  0.7463E+00  0.1870E+01
  -7.560  0.7456E+00  0.1878E+01
  -7.550  0.7448E+00  0.1885E+01
  -7.540  0.7439E+00  0.1893E+01
  -7.530  0.7429E+00  0.1900E+01
  -7.520  0.7416E+00  0.1908E+01
  -7.510  0.7402E+00  0.1915E+01
  -7.500  0.7385E+00  0.1922E+01
  -7.490  0.7365E+00  0.1930E+01
  -7.480  0.7344E+00  0.1937E+01
  -7.470  0.7320E+00  0.1944E+01
  -7.460  0.7294E+00  0.1952E+01
  -7.450  0.7267E+00  0.1959E+01
  -7.440  0.7239E+00  0.1966E+01
  -7.430  0.7210E+00  0.1974E+01
  -7.420  0.7180E+00  0.1981E+01
  -7.410  0.7150E+00  0.1988E+01
  -7.400  0.7120E+00  0.1995E+01
  -7.390  0.7090E+00  0.2002E+01
  -7.380  0.7061E+00  0.2009E+01
  -7.370  0.7034E+00  0.2016E+01
  -7.360  0.7009E+00  0.2023E+01
  -7.350  0.6986E+00  0.2030E+01
  -7.340  0.6965E+00  0.2037E+01
  -7.330  0.6947E+00  0.2044E+01
  -7.320  0.6933E+00  0.2051E+01
  -7.310  0.6922E+00  0.2058E+01
  -7.300  0.6914E+00  0.2065E+01
  -7.290  0.6910E+00  0.2072E+01
  -7.280  0.6908E+00  0.2079E+01
  -7.270  0.6909E+00  0.2086E+01
  -7.260  0.6912E+00  0.2092E+01
  -7.250  0.6916E+00  0.2099E+01
  -7.240  0.6919E+00  0.2106E+01
  -7.230  0.6922E+00  0.2113E+01
  -7.220  0.6923E+00  0.2120E+01
  -7.210  0.6921E+00  0.2127E+01
  -7.200  0.6916E+00  0.2134E+01
  -7.190  0.6906E+00  0.2141E+01
  -7.180  0.6891E+00  0.2148E+01
  -7.170  0.6871E+00  0.2155E+01
  -7.160  0.6847E+00  0.2161E+01
  -7.150  0.6818E+00  0.2168E+01
  -7.140  0.6786E+00  0.2175E+01
  -7.130  0.6752E+00  0.2182E+01
  -7.120  0.6716E+00  0.2189E+01
  -7.110  0.6681E+00  0.2195E+01
  -7.100  0.6647E+00  0.2202E+01
  -7.090  0.6615E+00  0.2209E+01
  -7.080  0.6587E+00  0.2215E+01
  -7.070  0.6564E+00  0.2222E+01
  -7.060  0.6545E+00  0.2228E+01
  -7.050  0.6532E+00  0.2235E+01
  -7.040  0.6524E+00  0.2241E+01
  -7.030  0.6522E+00  0.2248E+01
  -7.020  0.6523E+00  0.2254E+01
  -7.010  0.6529E+00  0.2261E+01
  -7.000  0.6537E+00  0.2267E+01
  -6.990  0.6547E+00  0.2274E+01
  -6.980  0.6558E+00  0.2280E+01
  -6.970  0.6568E+00  0.2287E+01
  -6.960  0.6577E+00  0.2294E+01
  -6.950  0.6582E+00  0.2300E+01
  -6.940  0.6585E+00  0.2307E+01
  -6.930  0.6583E+00  0.2313E+01
  -6.920  0.6577E+00  0.2320E+01
  -6.910  0.6566E+00  0.2327E+01
  -6.900  0.6550E+00  0.2333E+01
  -6.890  0.6530E+00  0.2340E+01
  -6.880  0.6505E+00  0.2346E+01
  -6.870  0.6477E+00  0.2353E+01
  -6.860  0.6447E+00  0.2359E+01
  -6.850  0.6415E+00  0.2365E+01
  -6.840  0.6383E+00  0.2372E+01
  -6.830  0.6352E+00  0.2378E+01
  -6.820  0.6323E+00  0.2384E+01
  -6.810  0.6297E+00  0.2391E+01
  -6.800  0.6276E+00  0.2397E+01
  -6.790  0.6260E+00  0.2403E+01
  -6.780  0.6249E+00  0.2410E+01
  -6.770  0.6243E+00  0.2416E+01
  -6.760  0.6243E+00  0.2422E+01
  -6.750  0.6248E+00  0.2428E+01
  -6.740  0.6256E+00  0.2435E+01
  -6.730  0.6267E+00  0.2441E+01
  -6.720  0.6279E+00  0.2447E+01
  -6.710  0.6291E+00  0.2453E+01
  -6.700  0.6302E+00  0.2460E+01
  -6.690  0.6310E+00  0.2466E+01
  -6.680  0.6314E+00  0.2472E+01
  -6.670  0.6313E+00  0.2479E+01
  -6.660  0.6307E+00  0.2485E+01
  -6.650  0.6297E+00  0.2491E+01
  -6.640  0.6281E+00  0.2498E+01
  -6.630  0.6261E+00  0.2504E+01
  -6.620  0.6238E+00  0.2510E+01
  -6.610  0.6212E+00  0.2516E+01
  -6.600  0.6186E+00  0.2522E+01
  -6.590  0.6160E+00  0.2529E+01
  -6.580  0.6136E+00  0.2535E+01
  -6.570  0.6115E+00  0.2541E+01
  -6.560  0.6096E+00  0.2547E+01
  -6.550  0.6082E+00  0.2553E+01
  -6.540  0.6071E+00  0.2559E+01
  -6.530  0.6064E+00  0.2565E+01
  -6.520  0.6061E+00  0.2571E+01
  -6.510  0.6061E+00  0.2577E+01
  -6.500  0.6062E+00  0.2583E+01
  -6.490  0.6065E+00  0.2589E+01
  -6.480  0.6069E+00  0.2595E+01
  -6.470  0.6072E+00  0.2602E+01
  -6.460  0.6074E+00  0.2608E+01
  -6.450  0.6074E+00  0.2614E+01
  -6.440  0.6073E+00  0.2620E+01
  -6.430  0.6070E+00  0.2626E+01
  -6.420  0.6065E+00  0.2632E+01
  -6.410  0.6059E+00  0.2638E+01
  -6.400  0.6051E+00  0.2644E+01
  -6.390  0.6042E+00  0.2650E+01
  -6.380  0.6032E+00  0.2656E+01
  -6.370  0.6021E+00  0.2662E+01
  -6.360  0.6010E+00  0.2668E+01
  -6.350  0.5998E+00  0.2674E+01
  -6.340  0.5986E+00  0.2680E+01
  -6.330  0.5974E+00  0.2686E+01
  -6.320  0.5961E+00  0.2692E+01
  -6.310  0.5949E+00  0.2698E+01
  -6.300  0.5936E+00  0.2704E+01
  -6.290  0.5924E+00  0.2710E+01
  -6.280  0.5912E+00  0.2716E+01
  -6.270  0.5902E+00  0.2722E+01
  -6.260  0.5893E+00  0.2728E+01
  -6.250  0.5885E+00  0.2733E+01
  -6.240  0.5880E+00  0.2739E+01
  -6.230  0.5877E+00  0.2745E+01
  -6.220  0.5876E+00  0.2751E+01
  -6.210  0.5877E+00  0.2757E+01
  -6.200  0.5881E+00  0.2763E+01
  -6.190  0.5885E+00  0.2769E+01
  -6.180  0.5891E+00  0.2775E+01
  -6.170  0.5896E+00  0.2780E+01
  -6.160  0.5900E+00  0.2786E+01
  -6.150  0.5902E+00  0.2792E+01
  -6.140  0.5901E+00  0.2798E+01
  -6.130  0.5896E+00  0.2804E+01
  -6.120  0.5888E+00  0.2810E+01
  -6.110  0.5877E+00  0.2816E+01
  -6.100  0.5861E+00  0.2822E+01
  -6.090  0.5843E+00  0.2828E+01
  -6.080  0.5822E+00  0.2833E+01
  -6.070  0.5800E+00  0.2839E+01
  -6.060  0.5779E+00  0.2845E+01
  -6.050  0.5758E+00  0.2851E+01
  -6.040  0.5740E+00  0.2856E+01
  -6.030  0.5726E+00  0.2862E+01
  -6.020  0.5716E+00  0.2868E+01
  -6.010  0.5711E+00  0.2874E+01
  -6.000  0.5711E+00  0.2879E+01
  -5.990  0.5716E+00  0.2885E+01
  -5.980  0.5725E+00  0.2891E+01
  -5.970  0.5737E+00  0.2896E+01
  -5.960  0.5752E+00  0.2902E+01
  -5.950  0.5767E+00  0.2908E+01
  -5.940  0.5781E+00  0.2914E+01
  -5.930  0.5793E+00  0.2920E+01
  -5.920  0.5802E+00  0.2925E+01
  -5.910  0.5807E+00  0.2931E+01
  -5.900  0.5807E+00  0.2937E+01
  -5.890  0.5802E+00  0.2943E+01
  -5.880  0.5791E+00  0.2949E+01
  -5.870  0.5776E+00  0.2954E+01
  -5.860  0.5756E+00  0.2960E+01
  -5.850  0.5733E+00  0.2966E+01
  -5.840  0.5708E+00  0.2972E+01
  -5.830  0.5682E+00  0.2977E+01
  -5.820  0.5657E+00  0.2983E+01
  -5.810  0.5634E+00  0.2989E+01
  -5.800  0.5614E+00  0.2994E+01
  -5.790  0.5598E+00  0.3000E+01
  -5.780  0.5586E+00  0.3005E+01
  -5.770  0.5579E+00  0.3011E+01
  -5.760  0.5578E+00  0.3017E+01
  -5.750  0.5582E+00  0.3022E+01
  -5.740  0.5590E+00  0.3028E+01
  -5.730  0.5602E+00  0.3033E+01
  -5.720  0.5617E+00  0.3039E+01
  -5.710  0.5634E+00  0.3045E+01
  -5.700  0.5653E+00  0.3050E+01
  -5.690  0.5670E+00  0.3056E+01
  -5.680  0.5687E+00  0.3062E+01
  -5.670  0.5700E+00  0.3067E+01
  -5.660  0.5710E+00  0.3073E+01
  -5.650  0.5716E+00  0.3079E+01
  -5.640  0.5717E+00  0.3084E+01
  -5.630  0.5713E+00  0.3090E+01
  -5.620  0.5703E+00  0.3096E+01
  -5.610  0.5689E+00  0.3101E+01
  -5.600  0.5670E+00  0.3107E+01
  -5.590  0.5647E+00  0.3113E+01
  -5.580  0.5621E+00  0.3118E+01
  -5.570  0.5594E+00  0.3124E+01
  -5.560  0.5567E+00  0.3130E+01
  -5.550  0.5541E+00  0.3135E+01
  -5.540  0.5518E+00  0.3141E+01
  -5.530  0.5499E+00  0.3146E+01
  -5.520  0.5484E+00  0.3152E+01
  -5.510  0.5475E+00  0.3157E+01
  -5.500  0.5472E+00  0.3163E+01
  -5.490  0.5476E+00  0.3168E+01
  -5.480  0.5485E+00  0.3174E+01
  -5.470  0.5499E+00  0.3179E+01
  -5.460  0.5518E+00  0.3185E+01
  -5.450  0.5540E+00  0.3190E+01
  -5.440  0.5564E+00  0.3196E+01
  -5.430  0.5588E+00  0.3201E+01
  -5.420  0.5610E+00  0.3207E+01
  -5.410  0.5631E+00  0.3212E+01
  -5.400  0.5647E+00  0.3218E+01
  -5.390  0.5659E+00  0.3224E+01
  -5.380  0.5666E+00  0.3229E+01
  -5.370  0.5666E+00  0.3235E+01
  -5.360  0.5661E+00  0.3241E+01
  -5.350  0.5650E+00  0.3246E+01
  -5.340  0.5634E+00  0.3252E+01
  -5.330  0.5613E+00  0.3258E+01
  -5.320  0.5590E+00  0.3263E+01
  -5.310  0.5564E+00  0.3269E+01
  -5.300  0.5537E+00  0.3274E+01
  -5.290  0.5510E+00  0.3280E+01
  -5.280  0.5485E+00  0.3285E+01
  -5.270  0.5463E+00  0.3291E+01
  -5.260  0.5445E+00  0.3296E+01
  -5.250  0.5432E+00  0.3302E+01
  -5.240  0.5424E+00  0.3307E+01
  -5.230  0.5422E+00  0.3313E+01
  -5.220  0.5425E+00  0.3318E+01
  -5.210  0.5434E+00  0.3323E+01
  -5.200  0.5448E+00  0.3329E+01
  -5.190  0.5467E+00  0.3334E+01
  -5.180  0.5488E+00  0.3340E+01
  -5.170  0.5512E+00  0.3345E+01
  -5.160  0.5537E+00  0.3351E+01
  -5.150  0.5560E+00  0.3356E+01
  -5.140  0.5582E+00  0.3362E+01
  -5.130  0.5600E+00  0.3368E+01
  -5.120  0.5613E+00  0.3373E+01
  -5.110  0.5619E+00  0.3379E+01
  -5.100  0.5618E+00  0.3384E+01
  -5.090  0.5610E+00  0.3390E+01
  -5.080  0.5593E+00  0.3396E+01
  -5.070  0.5567E+00  0.3401E+01
  -5.060  0.5532E+00  0.3407E+01
  -5.050  0.5489E+00  0.3412E+01
  -5.040  0.5439E+00  0.3418E+01
  -5.030  0.5382E+00  0.3423E+01
  -5.020  0.5319E+00  0.3428E+01
  -5.010  0.5251E+00  0.3434E+01
  -5.000  0.5180E+00  0.3439E+01
  -4.990  0.5107E+00  0.3444E+01
  -4.980  0.5032E+00  0.3449E+01
  -4.970  0.4958E+00  0.3454E+01
  -4.960  0.4884E+00  0.3459E+01
  -4.950  0.4813E+00  0.3464E+01
  -4.940  0.4744E+00  0.3468E+01
  -4.930  0.4678E+00  0.3473E+01
  -4.920  0.4616E+00  0.3478E+01
  -4.910  0.4557E+00  0.3482E+01
  -4.900  0.4501E+00  0.3487E+01
  -4.890  0.4449E+00  0.3491E+01
  -4.880  0.4399E+00  0.3496E+01
  -4.870  0.4351E+00  0.3500E+01
  -4.860  0.4304E+00  0.3504E+01
  -4.850  0.4258E+00  0.3508E+01
  -4.840  0.4212E+00  0.3513E+01
  -4.830  0.4166E+00  0.3517E+01
  -4.820  0.4119E+00  0.3521E+01
  -4.810  0.4072E+00  0.3525E+01
  -4.800  0.4023E+00  0.3529E+01
  -4.790  0.3973E+00  0.3533E+01
  -4.780  0.3923E+00  0.3537E+01
  -4.770  0.3873E+00  0.3541E+01
  -4.760  0.3824E+00  0.3545E+01
  -4.750  0.3777E+00  0.3548E+01
  -4.740  0.3733E+00  0.3552E+01
  -4.730  0.3693E+00  0.3556E+01
  -4.720  0.3657E+00  0.3560E+01
  -4.710  0.3629E+00  0.3563E+01
  -4.700  0.3607E+00  0.3567E+01
  -4.690  0.3593E+00  0.3570E+01
  -4.680  0.3588E+00  0.3574E+01
  -4.670  0.3592E+00  0.3578E+01
  -4.660  0.3605E+00  0.3581E+01
  -4.650  0.3627E+00  0.3585E+01
  -4.640  0.3657E+00  0.3588E+01
  -4.630  0.3694E+00  0.3592E+01
  -4.620  0.3737E+00  0.3596E+01
  -4.610  0.3785E+00  0.3600E+01
  -4.600  0.3837E+00  0.3603E+01
  -4.590  0.3890E+00  0.3607E+01
  -4.580  0.3943E+00  0.3611E+01
  -4.570  0.3994E+00  0.3615E+01
  -4.560  0.4041E+00  0.3619E+01
  -4.550  0.4085E+00  0.3623E+01
  -4.540  0.4122E+00  0.3628E+01
  -4.530  0.4154E+00  0.3632E+01
  -4.520  0.4179E+00  0.3636E+01
  -4.510  0.4197E+00  0.3640E+01
  -4.500  0.4208E+00  0.3644E+01
  -4.490  0.4215E+00  0.3648E+01
  -4.480  0.4216E+00  0.3653E+01
  -4.470  0.4215E+00  0.3657E+01
  -4.460  0.4213E+00  0.3661E+01
  -4.450  0.4212E+00  0.3665E+01
  -4.440  0.4213E+00  0.3670E+01
  -4.430  0.4218E+00  0.3674E+01
  -4.420  0.4230E+00  0.3678E+01
  -4.410  0.4251E+00  0.3682E+01
  -4.400  0.4280E+00  0.3687E+01
  -4.390  0.4321E+00  0.3691E+01
  -4.380  0.4373E+00  0.3695E+01
  -4.370  0.4436E+00  0.3700E+01
  -4.360  0.4511E+00  0.3704E+01
  -4.350  0.4597E+00  0.3709E+01
  -4.340  0.4692E+00  0.3713E+01
  -4.330  0.4795E+00  0.3718E+01
  -4.320  0.4904E+00  0.3723E+01
  -4.310  0.5017E+00  0.3728E+01
  -4.300  0.5130E+00  0.3733E+01
  -4.290  0.5240E+00  0.3739E+01
  -4.280  0.5345E+00  0.3744E+01
  -4.270  0.5442E+00  0.3749E+01
  -4.260  0.5528E+00  0.3755E+01
  -4.250  0.5599E+00  0.3760E+01
  -4.240  0.5655E+00  0.3766E+01
  -4.230  0.5694E+00  0.3772E+01
  -4.220  0.5714E+00  0.3778E+01
  -4.210  0.5715E+00  0.3783E+01
  -4.200  0.5697E+00  0.3789E+01
  -4.190  0.5662E+00  0.3795E+01
  -4.180  0.5610E+00  0.3800E+01
  -4.170  0.5544E+00  0.3806E+01
  -4.160  0.5467E+00  0.3811E+01
  -4.150  0.5382E+00  0.3817E+01
  -4.140  0.5291E+00  0.3822E+01
  -4.130  0.5198E+00  0.3827E+01
  -4.120  0.5106E+00  0.3832E+01
  -4.110  0.5017E+00  0.3837E+01
  -4.100  0.4935E+00  0.3842E+01
  -4.090  0.4860E+00  0.3847E+01
  -4.080  0.4793E+00  0.3852E+01
  -4.070  0.4736E+00  0.3857E+01
  -4.060  0.4686E+00  0.3861E+01
  -4.050  0.4644E+00  0.3866E+01
  -4.040  0.4607E+00  0.3870E+01
  -4.030  0.4573E+00  0.3875E+01
  -4.020  0.4539E+00  0.3880E+01
  -4.010  0.4503E+00  0.3884E+01
  -4.000  0.4462E+00  0.3889E+01
  -3.990  0.4414E+00  0.3893E+01
  -3.980  0.4356E+00  0.3897E+01
  -3.970  0.4289E+00  0.3902E+01
  -3.960  0.4211E+00  0.3906E+01
  -3.950  0.4123E+00  0.3910E+01
  -3.940  0.4025E+00  0.3914E+01
  -3.930  0.3920E+00  0.3918E+01
  -3.920  0.3810E+00  0.3922E+01
  -3.910  0.3697E+00  0.3925E+01
  -3.900  0.3585E+00  0.3929E+01
  -3.890  0.3477E+00  0.3932E+01
  -3.880  0.3375E+00  0.3936E+01
  -3.870  0.3283E+00  0.3939E+01
  -3.860  0.3203E+00  0.3942E+01
  -3.850  0.3135E+00  0.3945E+01
  -3.840  0.3082E+00  0.3949E+01
  -3.830  0.3044E+00  0.3952E+01
  -3.820  0.3019E+00  0.3955E+01
  -3.810  0.3007E+00  0.3958E+01
  -3.800  0.3006E+00  0.3961E+01
  -3.790  0.3013E+00  0.3964E+01
  -3.780  0.3027E+00  0.3967E+01
  -3.770  0.3043E+00  0.3970E+01
  -3.760  0.3060E+00  0.3973E+01
  -3.750  0.3074E+00  0.3976E+01
  -3.740  0.3083E+00  0.3979E+01
  -3.730  0.3084E+00  0.3982E+01
  -3.720  0.3077E+00  0.3985E+01
  -3.710  0.3059E+00  0.3988E+01
  -3.700  0.3032E+00  0.3991E+01
  -3.690  0.2993E+00  0.3994E+01
  -3.680  0.2946E+00  0.3997E+01
  -3.670  0.2889E+00  0.4000E+01
  -3.660  0.2827E+00  0.4003E+01
  -3.650  0.2759E+00  0.4006E+01
  -3.640  0.2689E+00  0.4008E+01
  -3.630  0.2619E+00  0.4011E+01
  -3.620  0.2550E+00  0.4013E+01
  -3.610  0.2486E+00  0.4016E+01
  -3.600  0.2428E+00  0.4018E+01
  -3.590  0.2377E+00  0.4021E+01
  -3.580  0.2335E+00  0.4023E+01
  -3.570  0.2302E+00  0.4025E+01
  -3.560  0.2278E+00  0.4028E+01
  -3.550  0.2263E+00  0.4030E+01
  -3.540  0.2257E+00  0.4032E+01
  -3.530  0.2258E+00  0.4034E+01
  -3.520  0.2264E+00  0.4037E+01
  -3.510  0.2275E+00  0.4039E+01
  -3.500  0.2288E+00  0.4041E+01
  -3.490  0.2302E+00  0.4044E+01
  -3.480  0.2314E+00  0.4046E+01
  -3.470  0.2324E+00  0.4048E+01
  -3.460  0.2329E+00  0.4051E+01
  -3.450  0.2329E+00  0.4053E+01
  -3.440  0.2322E+00  0.4055E+01
  -3.430  0.2308E+00  0.4057E+01
  -3.420  0.2287E+00  0.4060E+01
  -3.410  0.2259E+00  0.4062E+01
  -3.400  0.2225E+00  0.4064E+01
  -3.390  0.2185E+00  0.4066E+01
  -3.380  0.2141E+00  0.4069E+01
  -3.370  0.2094E+00  0.4071E+01
  -3.360  0.2046E+00  0.4073E+01
  -3.350  0.1997E+00  0.4075E+01
  -3.340  0.1950E+00  0.4077E+01
  -3.330  0.1906E+00  0.4079E+01
  -3.320  0.1865E+00  0.4080E+01
  -3.310  0.1830E+00  0.4082E+01
  -3.300  0.1800E+00  0.4084E+01
  -3.290  0.1776E+00  0.4086E+01
  -3.280  0.1758E+00  0.4088E+01
  -3.270  0.1747E+00  0.4089E+01
  -3.260  0.1741E+00  0.4091E+01
  -3.250  0.1740E+00  0.4093E+01
  -3.240  0.1743E+00  0.4095E+01
  -3.230  0.1749E+00  0.4096E+01
  -3.220  0.1756E+00  0.4098E+01
  -3.210  0.1764E+00  0.4100E+01
  -3.200  0.1771E+00  0.4102E+01
  -3.190  0.1775E+00  0.4103E+01
  -3.180  0.1777E+00  0.4105E+01
  -3.170  0.1775E+00  0.4107E+01
  -3.160  0.1769E+00  0.4109E+01
  -3.150  0.1758E+00  0.4110E+01
  -3.140  0.1742E+00  0.4112E+01
  -3.130  0.1721E+00  0.4114E+01
  -3.120  0.1696E+00  0.4116E+01
  -3.110  0.1667E+00  0.4117E+01
  -3.100  0.1635E+00  0.4119E+01
  -3.090  0.1600E+00  0.4121E+01
  -3.080  0.1565E+00  0.4122E+01
  -3.070  0.1529E+00  0.4124E+01
  -3.060  0.1494E+00  0.4125E+01
  -3.050  0.1461E+00  0.4127E+01
  -3.040  0.1430E+00  0.4128E+01
  -3.030  0.1403E+00  0.4129E+01
  -3.020  0.1380E+00  0.4131E+01
  -3.010  0.1361E+00  0.4132E+01
  -3.000  0.1346E+00  0.4134E+01
  -2.990  0.1335E+00  0.4135E+01
  -2.980  0.1328E+00  0.4136E+01
  -2.970  0.1325E+00  0.4137E+01
  -2.960  0.1325E+00  0.4139E+01
  -2.950  0.1326E+00  0.4140E+01
  -2.940  0.1329E+00  0.4141E+01
  -2.930  0.1333E+00  0.4143E+01
  -2.920  0.1336E+00  0.4144E+01
  -2.910  0.1337E+00  0.4145E+01
  -2.900  0.1337E+00  0.4147E+01
  -2.890  0.1333E+00  0.4148E+01
  -2.880  0.1326E+00  0.4149E+01
  -2.870  0.1316E+00  0.4151E+01
  -2.860  0.1302E+00  0.4152E+01
  -2.850  0.1285E+00  0.4153E+01
  -2.840  0.1264E+00  0.4155E+01
  -2.830  0.1240E+00  0.4156E+01
  -2.820  0.1215E+00  0.4157E+01
  -2.810  0.1187E+00  0.4158E+01
  -2.800  0.1159E+00  0.4159E+01
  -2.790  0.1132E+00  0.4161E+01
  -2.780  0.1105E+00  0.4162E+01
  -2.770  0.1080E+00  0.4163E+01
  -2.760  0.1057E+00  0.4164E+01
  -2.750  0.1037E+00  0.4165E+01
  -2.740  0.1020E+00  0.4166E+01
  -2.730  0.1006E+00  0.4167E+01
  -2.720  0.9945E-01  0.4168E+01
  -2.710  0.9862E-01  0.4169E+01
  -2.700  0.9804E-01  0.4170E+01
  -2.690  0.9766E-01  0.4171E+01
  -2.680  0.9743E-01  0.4172E+01
  -2.670  0.9728E-01  0.4173E+01
  -2.660  0.9716E-01  0.4174E+01
  -2.650  0.9701E-01  0.4175E+01
  -2.640  0.9676E-01  0.4176E+01
  -2.630  0.9638E-01  0.4177E+01
  -2.620  0.9583E-01  0.4178E+01
  -2.610  0.9507E-01  0.4179E+01
  -2.600  0.9411E-01  0.4179E+01
  -2.590  0.9292E-01  0.4180E+01
  -2.580  0.9152E-01  0.4181E+01
  -2.570  0.8992E-01  0.4182E+01
  -2.560  0.8816E-01  0.4183E+01
  -2.550  0.8625E-01  0.4184E+01
  -2.540  0.8425E-01  0.4185E+01
  -2.530  0.8219E-01  0.4186E+01
  -2.520  0.8012E-01  0.4186E+01
  -2.510  0.7807E-01  0.4187E+01
  -2.500  0.7610E-01  0.4188E+01
  -2.490  0.7422E-01  0.4189E+01
  -2.480  0.7249E-01  0.4189E+01
  -2.470  0.7091E-01  0.4190E+01
  -2.460  0.6951E-01  0.4191E+01
  -2.450  0.6829E-01  0.4192E+01
  -2.440  0.6726E-01  0.4192E+01
  -2.430  0.6640E-01  0.4193E+01
  -2.420  0.6570E-01  0.4194E+01
  -2.410  0.6513E-01  0.4194E+01
  -2.400  0.6466E-01  0.4195E+01
  -2.390  0.6424E-01  0.4195E+01
  -2.380  0.6385E-01  0.4196E+01
  -2.370  0.6344E-01  0.4197E+01
  -2.360  0.6296E-01  0.4197E+01
  -2.350  0.6239E-01  0.4198E+01
  -2.340  0.6168E-01  0.4199E+01
  -2.330  0.6083E-01  0.4199E+01
  -2.320  0.5980E-01  0.4200E+01
  -2.310  0.5860E-01  0.4200E+01
  -2.300  0.5723E-01  0.4201E+01
  -2.290  0.5570E-01  0.4202E+01
  -2.280  0.5404E-01  0.4202E+01
  -2.270  0.5229E-01  0.4203E+01
  -2.260  0.5047E-01  0.4203E+01
  -2.250  0.4863E-01  0.4204E+01
  -2.240  0.4681E-01  0.4204E+01
  -2.230  0.4505E-01  0.4205E+01
  -2.220  0.4339E-01  0.4205E+01
  -2.210  0.4186E-01  0.4205E+01
  -2.200  0.4049E-01  0.4206E+01
  -2.190  0.3927E-01  0.4206E+01
  -2.180  0.3823E-01  0.4207E+01
  -2.170  0.3734E-01  0.4207E+01
  -2.160  0.3660E-01  0.4207E+01
  -2.150  0.3597E-01  0.4208E+01
  -2.140  0.3542E-01  0.4208E+01
  -2.130  0.3491E-01  0.4208E+01
  -2.120  0.3441E-01  0.4209E+01
  -2.110  0.3388E-01  0.4209E+01
  -2.100  0.3327E-01  0.4209E+01
  -2.090  0.3257E-01  0.4210E+01
  -2.080  0.3175E-01  0.4210E+01
  -2.070  0.3078E-01  0.4210E+01
  -2.060  0.2968E-01  0.4211E+01
  -2.050  0.2844E-01  0.4211E+01
  -2.040  0.2707E-01  0.4211E+01
  -2.030  0.2561E-01  0.4211E+01
  -2.020  0.2407E-01  0.4212E+01
  -2.010  0.2249E-01  0.4212E+01
  -2.000  0.2091E-01  0.4212E+01
  -1.990  0.1935E-01  0.4212E+01
  -1.980  0.1787E-01  0.4212E+01
  -1.970  0.1647E-01  0.4213E+01
  -1.960  0.1520E-01  0.4213E+01
  -1.950  0.1407E-01  0.4213E+01
  -1.940  0.1309E-01  0.4213E+01
  -1.930  0.1227E-01  0.4213E+01
  -1.920  0.1161E-01  0.4213E+01
  -1.910  0.1110E-01  0.4213E+01
  -1.900  0.1073E-01  0.4214E+01
  -1.890  0.1048E-01  0.4214E+01
  -1.880  0.1033E-01  0.4214E+01
  -1.870  0.1026E-01  0.4214E+01
  -1.860  0.1024E-01  0.4214E+01
  -1.850  0.1026E-01  0.4214E+01
  -1.840  0.1029E-01  0.4214E+01
  -1.830  0.1033E-01  0.4214E+01
  -1.820  0.1036E-01  0.4214E+01
  -1.810  0.1037E-01  0.4214E+01
  -1.800  0.1037E-01  0.4215E+01
  -1.790  0.1036E-01  0.4215E+01
  -1.780  0.1035E-01  0.4215E+01
  -1.770  0.1036E-01  0.4215E+01
  -1.760  0.1040E-01  0.4215E+01
  -1.750  0.1050E-01  0.4215E+01
  -1.740  0.1068E-01  0.4215E+01
  -1.730  0.1095E-01  0.4215E+01
  -1.720  0.1135E-01  0.4215E+01
  -1.710  0.1188E-01  0.4216E+01
  -1.700  0.1257E-01  0.4216E+01
  -1.690  0.1341E-01  0.4216E+01
  -1.680  0.1441E-01  0.4216E+01
  -1.670  0.1557E-01  0.4216E+01
  -1.660  0.1686E-01  0.4216E+01
  -1.650  0.1827E-01  0.4216E+01
  -1.640  0.1978E-01  0.4217E+01
  -1.630  0.2135E-01  0.4217E+01
  -1.620  0.2296E-01  0.4217E+01
  -1.610  0.2456E-01  0.4217E+01
  -1.600  0.2612E-01  0.4218E+01
  -1.590  0.2762E-01  0.4218E+01
  -1.580  0.2902E-01  0.4218E+01
  -1.570  0.3031E-01  0.4218E+01
  -1.560  0.3147E-01  0.4219E+01
  -1.550  0.3250E-01  0.4219E+01
  -1.540  0.3340E-01  0.4219E+01
  -1.530  0.3420E-01  0.4220E+01
  -1.520  0.3491E-01  0.4220E+01
  -1.510  0.3556E-01  0.4220E+01
  -1.500  0.3620E-01  0.4221E+01
  -1.490  0.3685E-01  0.4221E+01
  -1.480  0.3755E-01  0.4222E+01
  -1.470  0.3834E-01  0.4222E+01
  -1.460  0.3925E-01  0.4222E+01
  -1.450  0.4031E-01  0.4223E+01
  -1.440  0.4151E-01  0.4223E+01
  -1.430  0.4288E-01  0.4224E+01
  -1.420  0.4440E-01  0.4224E+01
  -1.410  0.4607E-01  0.4224E+01
  -1.400  0.4785E-01  0.4225E+01
  -1.390  0.4972E-01  0.4225E+01
  -1.380  0.5164E-01  0.4226E+01
  -1.370  0.5356E-01  0.4227E+01
  -1.360  0.5546E-01  0.4227E+01
  -1.350  0.5730E-01  0.4228E+01
  -1.340  0.5903E-01  0.4228E+01
  -1.330  0.6063E-01  0.4229E+01
  -1.320  0.6208E-01  0.4229E+01
  -1.310  0.6337E-01  0.4230E+01
  -1.300  0.6450E-01  0.4231E+01
  -1.290  0.6548E-01  0.4231E+01
  -1.280  0.6632E-01  0.4232E+01
  -1.270  0.6706E-01  0.4233E+01
  -1.260  0.6771E-01  0.4233E+01
  -1.250  0.6833E-01  0.4234E+01
  -1.240  0.6895E-01  0.4235E+01
  -1.230  0.6961E-01  0.4235E+01
  -1.220  0.7036E-01  0.4236E+01
  -1.210  0.7124E-01  0.4237E+01
  -1.200  0.7227E-01  0.4238E+01
  -1.190  0.7348E-01  0.4238E+01
  -1.180  0.7489E-01  0.4239E+01
  -1.170  0.7651E-01  0.4240E+01
  -1.160  0.7834E-01  0.4241E+01
  -1.150  0.8035E-01  0.4241E+01
  -1.140  0.8254E-01  0.4242E+01
  -1.130  0.8485E-01  0.4243E+01
  -1.120  0.8726E-01  0.4244E+01
  -1.110  0.8972E-01  0.4245E+01
  -1.100  0.9218E-01  0.4246E+01
  -1.090  0.9457E-01  0.4247E+01
  -1.080  0.9685E-01  0.4248E+01
  -1.070  0.9898E-01  0.4249E+01
  -1.060  0.1009E+00  0.4250E+01
  -1.050  0.1026E+00  0.4251E+01
  -1.040  0.1041E+00  0.4252E+01
  -1.030  0.1053E+00  0.4253E+01
  -1.020  0.1062E+00  0.4254E+01
  -1.010  0.1070E+00  0.4255E+01
  -1.000  0.1076E+00  0.4256E+01
  -0.990  0.1080E+00  0.4257E+01
  -0.980  0.1085E+00  0.4258E+01
  -0.970  0.1089E+00  0.4259E+01
  -0.960  0.1094E+00  0.4260E+01
  -0.950  0.1102E+00  0.4262E+01
  -0.940  0.1111E+00  0.4263E+01
  -0.930  0.1124E+00  0.4264E+01
  -0.920  0.1140E+00  0.4265E+01
  -0.910  0.1159E+00  0.4266E+01
  -0.900  0.1183E+00  0.4267E+01
  -0.890  0.1210E+00  0.4268E+01
  -0.880  0.1241E+00  0.4270E+01
  -0.870  0.1274E+00  0.4271E+01
  -0.860  0.1309E+00  0.4272E+01
  -0.850  0.1346E+00  0.4274E+01
  -0.840  0.1384E+00  0.4275E+01
  -0.830  0.1420E+00  0.4276E+01
  -0.820  0.1456E+00  0.4278E+01
  -0.810  0.1489E+00  0.4279E+01
  -0.800  0.1518E+00  0.4281E+01
  -0.790  0.1545E+00  0.4282E+01
  -0.780  0.1567E+00  0.4284E+01
  -0.770  0.1585E+00  0.4286E+01
  -0.760  0.1598E+00  0.4287E+01
  -0.750  0.1608E+00  0.4289E+01
  -0.740  0.1615E+00  0.4290E+01
  -0.730  0.1620E+00  0.4292E+01
  -0.720  0.1623E+00  0.4294E+01
  -0.710  0.1627E+00  0.4295E+01
  -0.700  0.1631E+00  0.4297E+01
  -0.690  0.1638E+00  0.4299E+01
  -0.680  0.1649E+00  0.4300E+01
  -0.670  0.1664E+00  0.4302E+01
  -0.660  0.1686E+00  0.4304E+01
  -0.650  0.1713E+00  0.4305E+01
  -0.640  0.1747E+00  0.4307E+01
  -0.630  0.1788E+00  0.4309E+01
  -0.620  0.1835E+00  0.4311E+01
  -0.610  0.1888E+00  0.4313E+01
  -0.600  0.1946E+00  0.4314E+01
  -0.590  0.2007E+00  0.4316E+01
  -0.580  0.2069E+00  0.4319E+01
  -0.570  0.2132E+00  0.4321E+01
  -0.560  0.2194E+00  0.4323E+01
  -0.550  0.2253E+00  0.4325E+01
  -0.540  0.2308E+00  0.4327E+01
  -0.530  0.2358E+00  0.4330E+01
  -0.520  0.2402E+00  0.4332E+01
  -0.510  0.2440E+00  0.4335E+01
  -0.500  0.2472E+00  0.4337E+01
  -0.490  0.2499E+00  0.4340E+01
  -0.480  0.2523E+00  0.4342E+01
  -0.470  0.2544E+00  0.4345E+01
  -0.460  0.2565E+00  0.4347E+01
  -0.450  0.2588E+00  0.4350E+01
  -0.440  0.2616E+00  0.4352E+01
  -0.430  0.2650E+00  0.4355E+01
  -0.420  0.2693E+00  0.4358E+01
  -0.410  0.2746E+00  0.4361E+01
  -0.400  0.2812E+00  0.4363E+01
  -0.390  0.2891E+00  0.4366E+01
  -0.380  0.2984E+00  0.4369E+01
  -0.370  0.3092E+00  0.4372E+01
  -0.360  0.3213E+00  0.4375E+01
  -0.350  0.3347E+00  0.4379E+01
  -0.340  0.3493E+00  0.4382E+01
  -0.330  0.3648E+00  0.4386E+01
  -0.320  0.3811E+00  0.4390E+01
  -0.310  0.3980E+00  0.4394E+01
  -0.300  0.4153E+00  0.4398E+01
  -0.290  0.4326E+00  0.4402E+01
  -0.280  0.4499E+00  0.4407E+01
  -0.270  0.4669E+00  0.4411E+01
  -0.260  0.4834E+00  0.4416E+01
  -0.250  0.4992E+00  0.4421E+01
  -0.240  0.5143E+00  0.4426E+01
  -0.230  0.5285E+00  0.4432E+01
  -0.220  0.5416E+00  0.4437E+01
  -0.210  0.5537E+00  0.4443E+01
  -0.200  0.5647E+00  0.4448E+01
  -0.190  0.5744E+00  0.4454E+01
  -0.180  0.5829E+00  0.4460E+01
  -0.170  0.5902E+00  0.4466E+01
  -0.160  0.5962E+00  0.4472E+01
  -0.150  0.6009E+00  0.4478E+01
  -0.140  0.6044E+00  0.4484E+01
  -0.130  0.6067E+00  0.4490E+01
  -0.120  0.6078E+00  0.4496E+01
  -0.110  0.6078E+00  0.4502E+01
  -0.100  0.6067E+00  0.4508E+01
  -0.090  0.6045E+00  0.4514E+01
  -0.080  0.6014E+00  0.4520E+01
  -0.070  0.5973E+00  0.4526E+01
  -0.060  0.5924E+00  0.4532E+01
  -0.050  0.5868E+00  0.4538E+01
  -0.040  0.5804E+00  0.4544E+01
  -0.030  0.5733E+00  0.4549E+01
  -0.020  0.5656E+00  0.4555E+01
  -0.010  0.5575E+00  0.4561E+01
   0.000  0.5488E+00  0.4566E+01
   0.010  0.5397E+00  0.4572E+01
   0.020  0.5302E+00  0.4577E+01
   0.030  0.5204E+00  0.4582E+01
   0.040  0.5104E+00  0.4587E+01
   0.050  0.5002E+00  0.4592E+01
   0.060  0.4899E+00  0.4597E+01
   0.070  0.4797E+00  0.4602E+01
   0.080  0.4696E+00  0.4607E+01
   0.090  0.4597E+00  0.4611E+01
   0.100  0.4501E+00  0.4616E+01
   0.110  0.4410E+00  0.4620E+01
   0.120  0.4324E+00  0.4624E+01
   0.130  0.4243E+00  0.4629E+01
   0.140  0.4169E+00  0.4633E+01
   0.150  0.4103E+00  0.4637E+01
   0.160  0.4044E+00  0.4641E+01
   0.170  0.3993E+00  0.4645E+01
   0.180  0.3950E+00  0.4649E+01
   0.190  0.3915E+00  0.4653E+01
   0.200  0.3886E+00  0.4657E+01
   0.210  0.3864E+00  0.4661E+01
   0.220  0.3848E+00  0.4664E+01
   0.230  0.3836E+00  0.4668E+01
   0.240  0.3828E+00  0.4672E+01
   0.250  0.3822E+00  0.4676E+01
   0.260  0.3818E+00  0.4680E+01
   0.270  0.3813E+00  0.4684E+01
   0.280  0.3808E+00  0.4687E+01
   0.290  0.3801E+00  0.4691E+01
   0.300  0.3791E+00  0.4695E+01
   0.310  0.3777E+00  0.4699E+01
   0.320  0.3759E+00  0.4702E+01
   0.330  0.3737E+00  0.4706E+01
   0.340  0.3711E+00  0.4710E+01
   0.350  0.3680E+00  0.4714E+01
   0.360  0.3644E+00  0.4717E+01
   0.370  0.3606E+00  0.4721E+01
   0.380  0.3564E+00  0.4724E+01
   0.390  0.3521E+00  0.4728E+01
   0.400  0.3476E+00  0.4731E+01
   0.410  0.3431E+00  0.4735E+01
   0.420  0.3387E+00  0.4738E+01
   0.430  0.3345E+00  0.4742E+01
   0.440  0.3306E+00  0.4745E+01
   0.450  0.3271E+00  0.4748E+01
   0.460  0.3240E+00  0.4751E+01
   0.470  0.3214E+00  0.4755E+01
   0.480  0.3193E+00  0.4758E+01
   0.490  0.3178E+00  0.4761E+01
   0.500  0.3168E+00  0.4764E+01
   0.510  0.3163E+00  0.4767E+01
   0.520  0.3164E+00  0.4770E+01
   0.530  0.3168E+00  0.4774E+01
   0.540  0.3175E+00  0.4777E+01
   0.550  0.3185E+00  0.4780E+01
   0.560  0.3195E+00  0.4783E+01
   0.570  0.3206E+00  0.4786E+01
   0.580  0.3216E+00  0.4790E+01
   0.590  0.3225E+00  0.4793E+01
   0.600  0.3231E+00  0.4796E+01
   0.610  0.3233E+00  0.4799E+01
   0.620  0.3232E+00  0.4803E+01
   0.630  0.3226E+00  0.4806E+01
   0.640  0.3216E+00  0.4809E+01
   0.650  0.3202E+00  0.4812E+01
   0.660  0.3183E+00  0.4815E+01
   0.670  0.3160E+00  0.4818E+01
   0.680  0.3134E+00  0.4822E+01
   0.690  0.3104E+00  0.4825E+01
   0.700  0.3072E+00  0.4828E+01
   0.710  0.3039E+00  0.4831E+01
   0.720  0.3004E+00  0.4834E+01
   0.730  0.2970E+00  0.4837E+01
   0.740  0.2936E+00  0.4840E+01
   0.750  0.2903E+00  0.4843E+01
   0.760  0.2874E+00  0.4846E+01
   0.770  0.2847E+00  0.4848E+01
   0.780  0.2824E+00  0.4851E+01
   0.790  0.2806E+00  0.4854E+01
   0.800  0.2793E+00  0.4857E+01
   0.810  0.2785E+00  0.4860E+01
   0.820  0.2782E+00  0.4862E+01
   0.830  0.2784E+00  0.4865E+01
   0.840  0.2792E+00  0.4868E+01
   0.850  0.2804E+00  0.4871E+01
   0.860  0.2820E+00  0.4874E+01
   0.870  0.2839E+00  0.4876E+01
   0.880  0.2860E+00  0.4879E+01
   0.890  0.2882E+00  0.4882E+01
   0.900  0.2905E+00  0.4885E+01
   0.910  0.2928E+00  0.4888E+01
   0.920  0.2950E+00  0.4891E+01
   0.930  0.2970E+00  0.4894E+01
   0.940  0.2989E+00  0.4897E+01
   0.950  0.3005E+00  0.4900E+01
   0.960  0.3021E+00  0.4903E+01
   0.970  0.3035E+00  0.4906E+01
   0.980  0.3049E+00  0.4909E+01
   0.990  0.3064E+00  0.4912E+01
   1.000  0.3081E+00  0.4915E+01
   1.010  0.3100E+00  0.4918E+01
   1.020  0.3123E+00  0.4921E+01
   1.030  0.3151E+00  0.4925E+01
   1.040  0.3184E+00  0.4928E+01
   1.050  0.3224E+00  0.4931E+01
   1.060  0.3270E+00  0.4934E+01
   1.070  0.3324E+00  0.4938E+01
   1.080  0.3384E+00  0.4941E+01
   1.090  0.3451E+00  0.4944E+01
   1.100  0.3524E+00  0.4948E+01
   1.110  0.3602E+00  0.4951E+01
   1.120  0.3685E+00  0.4955E+01
   1.130  0.3771E+00  0.4959E+01
   1.140  0.3860E+00  0.4963E+01
   1.150  0.3950E+00  0.4967E+01
   1.160  0.4041E+00  0.4971E+01
   1.170  0.4132E+00  0.4975E+01
   1.180  0.4222E+00  0.4979E+01
   1.190  0.4309E+00  0.4983E+01
   1.200  0.4393E+00  0.4988E+01
   1.210  0.4473E+00  0.4992E+01
   1.220  0.4548E+00  0.4997E+01
   1.230  0.4617E+00  0.5001E+01
   1.240  0.4680E+00  0.5006E+01
   1.250  0.4736E+00  0.5011E+01
   1.260  0.4784E+00  0.5016E+01
   1.270  0.4823E+00  0.5021E+01
   1.280  0.4853E+00  0.5025E+01
   1.290  0.4874E+00  0.5030E+01
   1.300  0.4886E+00  0.5035E+01
   1.310  0.4890E+00  0.5040E+01
   1.320  0.4885E+00  0.5045E+01
   1.330  0.4873E+00  0.5050E+01
   1.340  0.4854E+00  0.5055E+01
   1.350  0.4829E+00  0.5059E+01
   1.360  0.4801E+00  0.5064E+01
   1.370  0.4770E+00  0.5069E+01
   1.380  0.4739E+00  0.5074E+01
   1.390  0.4707E+00  0.5078E+01
   1.400  0.4678E+00  0.5083E+01
   1.410  0.4652E+00  0.5088E+01
   1.420  0.4629E+00  0.5092E+01
   1.430  0.4611E+00  0.5097E+01
   1.440  0.4599E+00  0.5102E+01
   1.450  0.4591E+00  0.5106E+01
   1.460  0.4589E+00  0.5111E+01
   1.470  0.4591E+00  0.5115E+01
   1.480  0.4598E+00  0.5120E+01
   1.490  0.4609E+00  0.5125E+01
   1.500  0.4622E+00  0.5129E+01
   1.510  0.4638E+00  0.5134E+01
   1.520  0.4655E+00  0.5139E+01
   1.530  0.4672E+00  0.5143E+01
   1.540  0.4689E+00  0.5148E+01
   1.550  0.4705E+00  0.5153E+01
   1.560  0.4720E+00  0.5157E+01
   1.570  0.4733E+00  0.5162E+01
   1.580  0.4744E+00  0.5167E+01
   1.590  0.4753E+00  0.5172E+01
   1.600  0.4758E+00  0.5176E+01
   1.610  0.4761E+00  0.5181E+01
   1.620  0.4761E+00  0.5186E+01
   1.630  0.4758E+00  0.5191E+01
   1.640  0.4752E+00  0.5195E+01
   1.650  0.4743E+00  0.5200E+01
   1.660  0.4730E+00  0.5205E+01
   1.670  0.4715E+00  0.5210E+01
   1.680  0.4696E+00  0.5214E+01
   1.690  0.4675E+00  0.5219E+01
   1.700  0.4651E+00  0.5224E+01
   1.710  0.4625E+00  0.5228E+01
   1.720  0.4598E+00  0.5233E+01
   1.730  0.4570E+00  0.5237E+01
   1.740  0.4542E+00  0.5242E+01
   1.750  0.4515E+00  0.5246E+01
   1.760  0.4489E+00  0.5251E+01
   1.770  0.4466E+00  0.5255E+01
   1.780  0.4447E+00  0.5260E+01
   1.790  0.4431E+00  0.5264E+01
   1.800  0.4421E+00  0.5269E+01
   1.810  0.4416E+00  0.5273E+01
   1.820  0.4416E+00  0.5277E+01
   1.830  0.4422E+00  0.5282E+01
   1.840  0.4434E+00  0.5286E+01
   1.850  0.4451E+00  0.5291E+01
   1.860  0.4473E+00  0.5295E+01
   1.870  0.4498E+00  0.5300E+01
   1.880  0.4526E+00  0.5304E+01
   1.890  0.4556E+00  0.5309E+01
   1.900  0.4586E+00  0.5313E+01
   1.910  0.4616E+00  0.5318E+01
   1.920  0.4645E+00  0.5323E+01
   1.930  0.4672E+00  0.5327E+01
   1.940  0.4696E+00  0.5332E+01
   1.950  0.4718E+00  0.5337E+01
   1.960  0.4737E+00  0.5342E+01
   1.970  0.4754E+00  0.5346E+01
   1.980  0.4768E+00  0.5351E+01
   1.990  0.4783E+00  0.5356E+01
   2.000  0.4797E+00  0.5361E+01
   2.010  0.4813E+00  0.5365E+01
   2.020  0.4832E+00  0.5370E+01
   2.030  0.4855E+00  0.5375E+01
   2.040  0.4883E+00  0.5380E+01
   2.050  0.4917E+00  0.5385E+01
   2.060  0.4958E+00  0.5390E+01
   2.070  0.5006E+00  0.5395E+01
   2.080  0.5062E+00  0.5400E+01
   2.090  0.5125E+00  0.5405E+01
   2.100  0.5195E+00  0.5410E+01
   2.110  0.5271E+00  0.5416E+01
   2.120  0.5352E+00  0.5421E+01
   2.130  0.5438E+00  0.5426E+01
   2.140  0.5528E+00  0.5432E+01
   2.150  0.5619E+00  0.5437E+01
   2.160  0.5711E+00  0.5443E+01
   2.170  0.5803E+00  0.5449E+01
   2.180  0.5894E+00  0.5455E+01
   2.190  0.5983E+00  0.5461E+01
   2.200  0.6069E+00  0.5467E+01
   2.210  0.6152E+00  0.5473E+01
   2.220  0.6230E+00  0.5479E+01
   2.230  0.6303E+00  0.5486E+01
   2.240  0.6372E+00  0.5492E+01
   2.250  0.6435E+00  0.5498E+01
   2.260  0.6492E+00  0.5505E+01
   2.270  0.6544E+00  0.5511E+01
   2.280  0.6589E+00  0.5518E+01
   2.290  0.6628E+00  0.5525E+01
   2.300  0.6661E+00  0.5531E+01
   2.310  0.6687E+00  0.5538E+01
   2.320  0.6706E+00  0.5545E+01
   2.330  0.6719E+00  0.5551E+01
   2.340  0.6725E+00  0.5558E+01
   2.350  0.6725E+00  0.5565E+01
   2.360  0.6718E+00  0.5572E+01
   2.370  0.6706E+00  0.5578E+01
   2.380  0.6688E+00  0.5585E+01
   2.390  0.6665E+00  0.5592E+01
   2.400  0.6639E+00  0.5598E+01
   2.410  0.6610E+00  0.5605E+01
   2.420  0.6579E+00  0.5611E+01
   2.430  0.6547E+00  0.5618E+01
   2.440  0.6516E+00  0.5625E+01
   2.450  0.6486E+00  0.5631E+01
   2.460  0.6460E+00  0.5638E+01
   2.470  0.6437E+00  0.5644E+01
   2.480  0.6420E+00  0.5650E+01
   2.490  0.6408E+00  0.5657E+01
   2.500  0.6402E+00  0.5663E+01
   2.510  0.6402E+00  0.5670E+01
   2.520  0.6409E+00  0.5676E+01
   2.530  0.6422E+00  0.5682E+01
   2.540  0.6441E+00  0.5689E+01
   2.550  0.6464E+00  0.5695E+01
   2.560  0.6490E+00  0.5702E+01
   2.570  0.6519E+00  0.5708E+01
   2.580  0.6548E+00  0.5715E+01
   2.590  0.6578E+00  0.5721E+01
   2.600  0.6605E+00  0.5728E+01
   2.610  0.6629E+00  0.5735E+01
   2.620  0.6650E+00  0.5741E+01
   2.630  0.6665E+00  0.5748E+01
   2.640  0.6675E+00  0.5755E+01
   2.650  0.6680E+00  0.5761E+01
   2.660  0.6679E+00  0.5768E+01
   2.670  0.6673E+00  0.5775E+01
   2.680  0.6663E+00  0.5781E+01
   2.690  0.6650E+00  0.5788E+01
   2.700  0.6634E+00  0.5795E+01
   2.710  0.6617E+00  0.5801E+01
   2.720  0.6601E+00  0.5808E+01
   2.730  0.6585E+00  0.5814E+01
   2.740  0.6573E+00  0.5821E+01
   2.750  0.6563E+00  0.5828E+01
   2.760  0.6558E+00  0.5834E+01
   2.770  0.6557E+00  0.5841E+01
   2.780  0.6562E+00  0.5847E+01
   2.790  0.6572E+00  0.5854E+01
   2.800  0.6587E+00  0.5860E+01
   2.810  0.6609E+00  0.5867E+01
   2.820  0.6637E+00  0.5874E+01
   2.830  0.6671E+00  0.5880E+01
   2.840  0.6712E+00  0.5887E+01
   2.850  0.6758E+00  0.5894E+01
   2.860  0.6812E+00  0.5901E+01
   2.870  0.6873E+00  0.5907E+01
   2.880  0.6941E+00  0.5914E+01
   2.890  0.7016E+00  0.5921E+01
   2.900  0.7098E+00  0.5929E+01
   2.910  0.7188E+00  0.5936E+01
   2.920  0.7284E+00  0.5943E+01
   2.930  0.7387E+00  0.5950E+01
   2.940  0.7494E+00  0.5958E+01
   2.950  0.7607E+00  0.5966E+01
   2.960  0.7721E+00  0.5973E+01
   2.970  0.7837E+00  0.5981E+01
   2.980  0.7952E+00  0.5989E+01
   2.990  0.8063E+00  0.5997E+01
   3.000  0.8169E+00  0.6005E+01
   3.010  0.8269E+00  0.6014E+01
   3.020  0.8358E+00  0.6022E+01
   3.030  0.8437E+00  0.6030E+01
   3.040  0.8504E+00  0.6039E+01
   3.050  0.8557E+00  0.6047E+01
   3.060  0.8597E+00  0.6056E+01
   3.070  0.8622E+00  0.6065E+01
   3.080  0.8635E+00  0.6073E+01
   3.090  0.8635E+00  0.6082E+01
   3.100  0.8625E+00  0.6090E+01
   3.110  0.8606E+00  0.6099E+01
   3.120  0.8581E+00  0.6108E+01
   3.130  0.8552E+00  0.6116E+01
   3.140  0.8521E+00  0.6125E+01
   3.150  0.8491E+00  0.6133E+01
   3.160  0.8464E+00  0.6142E+01
   3.170  0.8442E+00  0.6150E+01
   3.180  0.8426E+00  0.6159E+01
   3.190  0.8417E+00  0.6167E+01
   3.200  0.8416E+00  0.6175E+01
   3.210  0.8422E+00  0.6184E+01
   3.220  0.8435E+00  0.6192E+01
   3.230  0.8454E+00  0.6201E+01
   3.240  0.8477E+00  0.6209E+01
   3.250  0.8504E+00  0.6218E+01
   3.260  0.8533E+00  0.6226E+01
   3.270  0.8562E+00  0.6235E+01
   3.280  0.8589E+00  0.6243E+01
   3.290  0.8615E+00  0.6252E+01
   3.300  0.8636E+00  0.6261E+01
   3.310  0.8654E+00  0.6269E+01
   3.320  0.8668E+00  0.6278E+01
   3.330  0.8677E+00  0.6287E+01
   3.340  0.8682E+00  0.6295E+01
   3.350  0.8683E+00  0.6304E+01
   3.360  0.8682E+00  0.6313E+01
   3.370  0.8678E+00  0.6321E+01
   3.380  0.8672E+00  0.6330E+01
   3.390  0.8666E+00  0.6339E+01
   3.400  0.8659E+00  0.6347E+01
   3.410  0.8652E+00  0.6356E+01
   3.420  0.8645E+00  0.6365E+01
   3.430  0.8638E+00  0.6373E+01
   3.440  0.8631E+00  0.6382E+01
   3.450  0.8624E+00  0.6391E+01
   3.460  0.8617E+00  0.6399E+01
   3.470  0.8609E+00  0.6408E+01
   3.480  0.8599E+00  0.6416E+01
   3.490  0.8588E+00  0.6425E+01
   3.500  0.8576E+00  0.6434E+01
   3.510  0.8562E+00  0.6442E+01
   3.520  0.8546E+00  0.6451E+01
   3.530  0.8528E+00  0.6459E+01
   3.540  0.8510E+00  0.6468E+01
   3.550  0.8491E+00  0.6476E+01
   3.560  0.8473E+00  0.6485E+01
   3.570  0.8455E+00  0.6493E+01
   3.580  0.8439E+00  0.6502E+01
   3.590  0.8425E+00  0.6510E+01
   3.600  0.8414E+00  0.6518E+01
   3.610  0.8406E+00  0.6527E+01
   3.620  0.8403E+00  0.6535E+01
   3.630  0.8405E+00  0.6544E+01
   3.640  0.8411E+00  0.6552E+01
   3.650  0.8422E+00  0.6560E+01
   3.660  0.8437E+00  0.6569E+01
   3.670  0.8457E+00  0.6577E+01
   3.680  0.8480E+00  0.6586E+01
   3.690  0.8507E+00  0.6594E+01
   3.700  0.8536E+00  0.6603E+01
   3.710  0.8566E+00  0.6611E+01
   3.720  0.8597E+00  0.6620E+01
   3.730  0.8627E+00  0.6629E+01
   3.740  0.8655E+00  0.6637E+01
   3.750  0.8679E+00  0.6646E+01
   3.760  0.8700E+00  0.6655E+01
   3.770  0.8715E+00  0.6663E+01
   3.780  0.8724E+00  0.6672E+01
   3.790  0.8727E+00  0.6681E+01
   3.800  0.8723E+00  0.6690E+01
   3.810  0.8711E+00  0.6698E+01
   3.820  0.8693E+00  0.6707E+01
   3.830  0.8668E+00  0.6716E+01
   3.840  0.8638E+00  0.6724E+01
   3.850  0.8603E+00  0.6733E+01
   3.860  0.8564E+00  0.6741E+01
   3.870  0.8523E+00  0.6750E+01
   3.880  0.8482E+00  0.6758E+01
   3.890  0.8441E+00  0.6767E+01
   3.900  0.8404E+00  0.6775E+01
   3.910  0.8370E+00  0.6784E+01
   3.920  0.8341E+00  0.6792E+01
   3.930  0.8319E+00  0.6800E+01
   3.940  0.8305E+00  0.6809E+01
   3.950  0.8299E+00  0.6817E+01
   3.960  0.8302E+00  0.6825E+01
   3.970  0.8314E+00  0.6834E+01
   3.980  0.8335E+00  0.6842E+01
   3.990  0.8363E+00  0.6850E+01
   4.000  0.8399E+00  0.6859E+01
   4.010  0.8441E+00  0.6867E+01
   4.020  0.8487E+00  0.6876E+01
   4.030  0.8535E+00  0.6884E+01
   4.040  0.8585E+00  0.6893E+01
   4.050  0.8634E+00  0.6901E+01
   4.060  0.8680E+00  0.6910E+01
   4.070  0.8721E+00  0.6919E+01
   4.080  0.8756E+00  0.6927E+01
   4.090  0.8784E+00  0.6936E+01
   4.100  0.8804E+00  0.6945E+01
   4.110  0.8815E+00  0.6954E+01
   4.120  0.8817E+00  0.6963E+01
   4.130  0.8812E+00  0.6971E+01
   4.140  0.8799E+00  0.6980E+01
   4.150  0.8780E+00  0.6989E+01
   4.160  0.8758E+00  0.6998E+01
   4.170  0.8734E+00  0.7007E+01
   4.180  0.8709E+00  0.7015E+01
   4.190  0.8687E+00  0.7024E+01
   4.200  0.8669E+00  0.7033E+01
   4.210  0.8656E+00  0.7041E+01
   4.220  0.8651E+00  0.7050E+01
   4.230  0.8653E+00  0.7059E+01
   4.240  0.8664E+00  0.7067E+01
   4.250  0.8683E+00  0.7076E+01
   4.260  0.8710E+00  0.7085E+01
   4.270  0.8743E+00  0.7093E+01
   4.280  0.8781E+00  0.7102E+01
   4.290  0.8822E+00  0.7111E+01
   4.300  0.8864E+00  0.7120E+01
   4.310  0.8905E+00  0.7129E+01
   4.320  0.8942E+00  0.7138E+01
   4.330  0.8974E+00  0.7147E+01
   4.340  0.8998E+00  0.7156E+01
   4.350  0.9013E+00  0.7165E+01
   4.360  0.9018E+00  0.7174E+01
   4.370  0.9011E+00  0.7183E+01
   4.380  0.8992E+00  0.7192E+01
   4.390  0.8962E+00  0.7201E+01
   4.400  0.8918E+00  0.7210E+01
   4.410  0.8863E+00  0.7218E+01
   4.420  0.8796E+00  0.7227E+01
   4.430  0.8718E+00  0.7236E+01
   4.440  0.8630E+00  0.7245E+01
   4.450  0.8531E+00  0.7253E+01
   4.460  0.8423E+00  0.7262E+01
   4.470  0.8307E+00  0.7270E+01
   4.480  0.8183E+00  0.7278E+01
   4.490  0.8052E+00  0.7286E+01
   4.500  0.7916E+00  0.7294E+01
   4.510  0.7777E+00  0.7302E+01
   4.520  0.7634E+00  0.7309E+01
   4.530  0.7491E+00  0.7317E+01
   4.540  0.7350E+00  0.7324E+01
   4.550  0.7212E+00  0.7331E+01
   4.560  0.7081E+00  0.7339E+01
   4.570  0.6958E+00  0.7346E+01
   4.580  0.6847E+00  0.7352E+01
   4.590  0.6750E+00  0.7359E+01
   4.600  0.6669E+00  0.7366E+01
   4.610  0.6607E+00  0.7372E+01
   4.620  0.6567E+00  0.7379E+01
   4.630  0.6549E+00  0.7386E+01
   4.640  0.6556E+00  0.7392E+01
   4.650  0.6587E+00  0.7399E+01
   4.660  0.6645E+00  0.7405E+01
   4.670  0.6729E+00  0.7412E+01
   4.680  0.6839E+00  0.7419E+01
   4.690  0.6974E+00  0.7426E+01
   4.700  0.7132E+00  0.7433E+01
   4.710  0.7313E+00  0.7440E+01
   4.720  0.7515E+00  0.7448E+01
   4.730  0.7734E+00  0.7456E+01
   4.740  0.7969E+00  0.7463E+01
   4.750  0.8217E+00  0.7472E+01
   4.760  0.8473E+00  0.7480E+01
   4.770  0.8736E+00  0.7489E+01
   4.780  0.9001E+00  0.7498E+01
   4.790  0.9264E+00  0.7507E+01
   4.800  0.9523E+00  0.7517E+01
   4.810  0.9774E+00  0.7526E+01
   4.820  0.1001E+01  0.7536E+01
   4.830  0.1024E+01  0.7547E+01
   4.840  0.1045E+01  0.7557E+01
   4.850  0.1064E+01  0.7568E+01
   4.860  0.1081E+01  0.7579E+01
   4.870  0.1096E+01  0.7590E+01
   4.880  0.1108E+01  0.7601E+01
   4.890  0.1118E+01  0.7612E+01
   4.900  0.1126E+01  0.7623E+01
   4.910  0.1132E+01  0.7634E+01
   4.920  0.1136E+01  0.7646E+01
   4.930  0.1138E+01  0.7657E+01
   4.940  0.1138E+01  0.7669E+01
   4.950  0.1137E+01  0.7680E+01
   4.960  0.1134E+01  0.7691E+01
   4.970  0.1131E+01  0.7703E+01
   4.980  0.1126E+01  0.7714E+01
   4.990  0.1121E+01  0.7725E+01
   5.000  0.1115E+01  0.7736E+01
   5.010  0.1108E+01  0.7747E+01
   5.020  0.1102E+01  0.7758E+01
   5.030  0.1096E+01  0.7769E+01
   5.040  0.1090E+01  0.7780E+01
   5.050  0.1084E+01  0.7791E+01
   5.060  0.1079E+01  0.7802E+01
   5.070  0.1074E+01  0.7813E+01
   5.080  0.1070E+01  0.7823E+01
   5.090  0.1067E+01  0.7834E+01
   5.100  0.1064E+01  0.7845E+01
   5.110  0.1062E+01  0.7855E+01
   5.120  0.1060E+01  0.7866E+01
   5.130  0.1060E+01  0.7876E+01
   5.140  0.1060E+01  0.7887E+01
   5.150  0.1060E+01  0.7898E+01
   5.160  0.1061E+01  0.7908E+01
   5.170  0.1062E+01  0.7919E+01
   5.180  0.1064E+01  0.7929E+01
   5.190  0.1066E+01  0.7940E+01
   5.200  0.1068E+01  0.7951E+01
   5.210  0.1070E+01  0.7961E+01
   5.220  0.1072E+01  0.7972E+01
   5.230  0.1074E+01  0.7983E+01
   5.240  0.1076E+01  0.7994E+01
   5.250  0.1078E+01  0.8004E+01
   5.260  0.1080E+01  0.8015E+01
   5.270  0.1081E+01  0.8026E+01
   5.280  0.1082E+01  0.8037E+01
   5.290  0.1083E+01  0.8048E+01
   5.300  0.1084E+01  0.8059E+01
   5.310  0.1084E+01  0.8069E+01
   5.320  0.1083E+01  0.8080E+01
   5.330  0.1083E+01  0.8091E+01
   5.340  0.1081E+01  0.8102E+01
   5.350  0.1080E+01  0.8113E+01
   5.360  0.1078E+01  0.8123E+01
   5.370  0.1075E+01  0.8134E+01
   5.380  0.1072E+01  0.8145E+01
   5.390  0.1069E+01  0.8156E+01
   5.400  0.1066E+01  0.8166E+01
   5.410  0.1063E+01  0.8177E+01
   5.420  0.1061E+01  0.8188E+01
   5.430  0.1059E+01  0.8198E+01
   5.440  0.1058E+01  0.8209E+01
   5.450  0.1059E+01  0.8219E+01
   5.460  0.1061E+01  0.8230E+01
   5.470  0.1065E+01  0.8241E+01
   5.480  0.1071E+01  0.8251E+01
   5.490  0.1080E+01  0.8262E+01
   5.500  0.1092E+01  0.8273E+01
   5.510  0.1107E+01  0.8284E+01
   5.520  0.1125E+01  0.8295E+01
   5.530  0.1147E+01  0.8307E+01
   5.540  0.1171E+01  0.8318E+01
   5.550  0.1199E+01  0.8330E+01
   5.560  0.1230E+01  0.8343E+01
   5.570  0.1262E+01  0.8355E+01
   5.580  0.1297E+01  0.8368E+01
   5.590  0.1333E+01  0.8382E+01
   5.600  0.1370E+01  0.8395E+01
   5.610  0.1407E+01  0.8409E+01
   5.620  0.1443E+01  0.8424E+01
   5.630  0.1478E+01  0.8439E+01
   5.640  0.1512E+01  0.8454E+01
   5.650  0.1544E+01  0.8469E+01
   5.660  0.1573E+01  0.8485E+01
   5.670  0.1598E+01  0.8501E+01
   5.680  0.1621E+01  0.8517E+01
   5.690  0.1640E+01  0.8534E+01
   5.700  0.1656E+01  0.8550E+01
   5.710  0.1668E+01  0.8567E+01
   5.720  0.1678E+01  0.8584E+01
   5.730  0.1684E+01  0.8600E+01
   5.740  0.1689E+01  0.8617E+01
   5.750  0.1691E+01  0.8634E+01
   5.760  0.1693E+01  0.8651E+01
   5.770  0.1693E+01  0.8668E+01
   5.780  0.1694E+01  0.8685E+01
   5.790  0.1695E+01  0.8702E+01
   5.800  0.1697E+01  0.8719E+01
   5.810  0.1700E+01  0.8736E+01
   5.820  0.1704E+01  0.8753E+01
   5.830  0.1711E+01  0.8770E+01
   5.840  0.1719E+01  0.8787E+01
   5.850  0.1729E+01  0.8805E+01
   5.860  0.1741E+01  0.8822E+01
   5.870  0.1754E+01  0.8840E+01
   5.880  0.1768E+01  0.8857E+01
   5.890  0.1782E+01  0.8875E+01
   5.900  0.1797E+01  0.8893E+01
   5.910  0.1812E+01  0.8911E+01
   5.920  0.1826E+01  0.8929E+01
   5.930  0.1840E+01  0.8948E+01
   5.940  0.1852E+01  0.8966E+01
   5.950  0.1862E+01  0.8985E+01
   5.960  0.1871E+01  0.9004E+01
   5.970  0.1878E+01  0.9022E+01
   5.980  0.1882E+01  0.9041E+01
   5.990  0.1885E+01  0.9060E+01
   6.000  0.1886E+01  0.9079E+01
   6.010  0.1886E+01  0.9098E+01
   6.020  0.1883E+01  0.9117E+01
   6.030  0.1879E+01  0.9135E+01
   6.040  0.1874E+01  0.9154E+01
   6.050  0.1868E+01  0.9173E+01
   6.060  0.1861E+01  0.9191E+01
   6.070  0.1854E+01  0.9210E+01
   6.080  0.1846E+01  0.9228E+01
   6.090  0.1837E+01  0.9247E+01
   6.100  0.1829E+01  0.9265E+01
   6.110  0.1820E+01  0.9283E+01
   6.120  0.1812E+01  0.9301E+01
   6.130  0.1805E+01  0.9319E+01
   6.140  0.1798E+01  0.9337E+01
   6.150  0.1792E+01  0.9355E+01
   6.160  0.1787E+01  0.9373E+01
   6.170  0.1784E+01  0.9391E+01
   6.180  0.1782E+01  0.9409E+01
   6.190  0.1782E+01  0.9427E+01
   6.200  0.1784E+01  0.9445E+01
   6.210  0.1787E+01  0.9462E+01
   6.220  0.1793E+01  0.9480E+01
   6.230  0.1801E+01  0.9498E+01
   6.240  0.1810E+01  0.9516E+01
   6.250  0.1822E+01  0.9535E+01
   6.260  0.1835E+01  0.9553E+01
   6.270  0.1849E+01  0.9572E+01
   6.280  0.1864E+01  0.9590E+01
   6.290  0.1880E+01  0.9609E+01
   6.300  0.1897E+01  0.9628E+01
   6.310  0.1913E+01  0.9647E+01
   6.320  0.1929E+01  0.9666E+01
   6.330  0.1945E+01  0.9686E+01
   6.340  0.1959E+01  0.9705E+01
   6.350  0.1973E+01  0.9725E+01
   6.360  0.1985E+01  0.9745E+01
   6.370  0.1996E+01  0.9765E+01
   6.380  0.2005E+01  0.9785E+01
   6.390  0.2013E+01  0.9805E+01
   6.400  0.2020E+01  0.9825E+01
   6.410  0.2025E+01  0.9846E+01
   6.420  0.2030E+01  0.9866E+01
   6.430  0.2034E+01  0.9886E+01
   6.440  0.2039E+01  0.9907E+01
   6.450  0.2044E+01  0.9927E+01
   6.460  0.2049E+01  0.9948E+01
   6.470  0.2056E+01  0.9968E+01
   6.480  0.2064E+01  0.9989E+01
   6.490  0.2075E+01  0.1001E+02
   6.500  0.2087E+01  0.1003E+02
   6.510  0.2102E+01  0.1005E+02
   6.520  0.2120E+01  0.1007E+02
   6.530  0.2140E+01  0.1009E+02
   6.540  0.2162E+01  0.1012E+02
   6.550  0.2186E+01  0.1014E+02
   6.560  0.2213E+01  0.1016E+02
   6.570  0.2240E+01  0.1018E+02
   6.580  0.2268E+01  0.1020E+02
   6.590  0.2297E+01  0.1023E+02
   6.600  0.2324E+01  0.1025E+02
   6.610  0.2351E+01  0.1027E+02
   6.620  0.2375E+01  0.1030E+02
   6.630  0.2396E+01  0.1032E+02
   6.640  0.2414E+01  0.1035E+02
   6.650  0.2428E+01  0.1037E+02
   6.660  0.2437E+01  0.1039E+02
   6.670  0.2442E+01  0.1042E+02
   6.680  0.2441E+01  0.1044E+02
   6.690  0.2435E+01  0.1047E+02
   6.700  0.2425E+01  0.1049E+02
   6.710  0.2410E+01  0.1052E+02
   6.720  0.2390E+01  0.1054E+02
   6.730  0.2367E+01  0.1056E+02
   6.740  0.2341E+01  0.1059E+02
   6.750  0.2312E+01  0.1061E+02
   6.760  0.2281E+01  0.1063E+02
   6.770  0.2250E+01  0.1066E+02
   6.780  0.2217E+01  0.1068E+02
   6.790  0.2186E+01  0.1070E+02
   6.800  0.2154E+01  0.1072E+02
   6.810  0.2124E+01  0.1074E+02
   6.820  0.2096E+01  0.1076E+02
   6.830  0.2069E+01  0.1078E+02
   6.840  0.2044E+01  0.1080E+02
   6.850  0.2020E+01  0.1082E+02
   6.860  0.1998E+01  0.1084E+02
   6.870  0.1978E+01  0.1086E+02
   6.880  0.1959E+01  0.1088E+02
   6.890  0.1940E+01  0.1090E+02
   6.900  0.1922E+01  0.1092E+02
   6.910  0.1905E+01  0.1094E+02
   6.920  0.1887E+01  0.1096E+02
   6.930  0.1869E+01  0.1098E+02
   6.940  0.1851E+01  0.1100E+02
   6.950  0.1832E+01  0.1102E+02
   6.960  0.1812E+01  0.1103E+02
   6.970  0.1791E+01  0.1105E+02
   6.980  0.1770E+01  0.1107E+02
   6.990  0.1749E+01  0.1109E+02
   7.000  0.1727E+01  0.1110E+02
   7.010  0.1704E+01  0.1112E+02
   7.020  0.1682E+01  0.1114E+02
   7.030  0.1660E+01  0.1116E+02
   7.040  0.1638E+01  0.1117E+02
   7.050  0.1617E+01  0.1119E+02
   7.060  0.1597E+01  0.1120E+02
   7.070  0.1577E+01  0.1122E+02
   7.080  0.1559E+01  0.1124E+02
   7.090  0.1542E+01  0.1125E+02
   7.100  0.1526E+01  0.1127E+02
   7.110  0.1510E+01  0.1128E+02
   7.120  0.1496E+01  0.1130E+02
   7.130  0.1483E+01  0.1131E+02
   7.140  0.1471E+01  0.1133E+02
   7.150  0.1460E+01  0.1134E+02
   7.160  0.1449E+01  0.1135E+02
   7.170  0.1439E+01  0.1137E+02
   7.180  0.1430E+01  0.1138E+02
   7.190  0.1421E+01  0.1140E+02
   7.200  0.1413E+01  0.1141E+02
   7.210  0.1404E+01  0.1143E+02
   7.220  0.1396E+01  0.1144E+02
   7.230  0.1389E+01  0.1145E+02
   7.240  0.1381E+01  0.1147E+02
   7.250  0.1374E+01  0.1148E+02
   7.260  0.1367E+01  0.1149E+02
   7.270  0.1360E+01  0.1151E+02
   7.280  0.1353E+01  0.1152E+02
   7.290  0.1347E+01  0.1154E+02
   7.300  0.1341E+01  0.1155E+02
   7.310  0.1335E+01  0.1156E+02
   7.320  0.1330E+01  0.1158E+02
   7.330  0.1325E+01  0.1159E+02
   7.340  0.1320E+01  0.1160E+02
   7.350  0.1316E+01  0.1161E+02
   7.360  0.1313E+01  0.1163E+02
   7.370  0.1310E+01  0.1164E+02
   7.380  0.1307E+01  0.1165E+02
   7.390  0.1305E+01  0.1167E+02
   7.400  0.1304E+01  0.1168E+02
   7.410  0.1303E+01  0.1169E+02
   7.420  0.1302E+01  0.1171E+02
   7.430  0.1302E+01  0.1172E+02
   7.440  0.1303E+01  0.1173E+02
   7.450  0.1303E+01  0.1175E+02
   7.460  0.1303E+01  0.1176E+02
   7.470  0.1303E+01  0.1177E+02
   7.480  0.1303E+01  0.1178E+02
   7.490  0.1303E+01  0.1180E+02
   7.500  0.1302E+01  0.1181E+02
   7.510  0.1301E+01  0.1182E+02
   7.520  0.1299E+01  0.1184E+02
   7.530  0.1297E+01  0.1185E+02
   7.540  0.1294E+01  0.1186E+02
   7.550  0.1291E+01  0.1188E+02
   7.560  0.1287E+01  0.1189E+02
   7.570  0.1284E+01  0.1190E+02
   7.580  0.1280E+01  0.1191E+02
   7.590  0.1276E+01  0.1193E+02
   7.600  0.1272E+01  0.1194E+02
   7.610  0.1269E+01  0.1195E+02
   7.620  0.1266E+01  0.1196E+02
   7.630  0.1263E+01  0.1198E+02
   7.640  0.1260E+01  0.1199E+02
   7.650  0.1258E+01  0.1200E+02
   7.660  0.1256E+01  0.1202E+02
   7.670  0.1255E+01  0.1203E+02
   7.680  0.1253E+01  0.1204E+02
   7.690  0.1252E+01  0.1205E+02
   7.700  0.1251E+01  0.1207E+02
   7.710  0.1250E+01  0.1208E+02
   7.720  0.1250E+01  0.1209E+02
   7.730  0.1249E+01  0.1210E+02
   7.740  0.1249E+01  0.1212E+02
   7.750  0.1249E+01  0.1213E+02
   7.760  0.1249E+01  0.1214E+02
   7.770  0.1249E+01  0.1215E+02
   7.780  0.1250E+01  0.1217E+02
   7.790  0.1251E+01  0.1218E+02
   7.800  0.1252E+01  0.1219E+02
   7.810  0.1254E+01  0.1220E+02
   7.820  0.1256E+01  0.1222E+02
   7.830  0.1258E+01  0.1223E+02
   7.840  0.1261E+01  0.1224E+02
   7.850  0.1263E+01  0.1225E+02
   7.860  0.1266E+01  0.1227E+02
   7.870  0.1268E+01  0.1228E+02
   7.880  0.1269E+01  0.1229E+02
   7.890  0.1270E+01  0.1230E+02
   7.900  0.1270E+01  0.1232E+02
   7.910  0.1270E+01  0.1233E+02
   7.920  0.1268E+01  0.1234E+02
   7.930  0.1266E+01  0.1235E+02
   7.940  0.1263E+01  0.1237E+02
   7.950  0.1258E+01  0.1238E+02
   7.960  0.1254E+01  0.1239E+02
   7.970  0.1248E+01  0.1240E+02
   7.980  0.1242E+01  0.1242E+02
   7.990  0.1236E+01  0.1243E+02
   8.000  0.1230E+01  0.1244E+02
   8.010  0.1224E+01  0.1245E+02
   8.020  0.1219E+01  0.1247E+02
   8.030  0.1214E+01  0.1248E+02
   8.040  0.1209E+01  0.1249E+02
   8.050  0.1206E+01  0.1250E+02
   8.060  0.1203E+01  0.1251E+02
   8.070  0.1201E+01  0.1253E+02
   8.080  0.1200E+01  0.1254E+02
   8.090  0.1200E+01  0.1255E+02
   8.100  0.1200E+01  0.1256E+02
   8.110  0.1201E+01  0.1257E+02
   8.120  0.1203E+01  0.1259E+02
   8.130  0.1205E+01  0.1260E+02
   8.140  0.1208E+01  0.1261E+02
   8.150  0.1211E+01  0.1262E+02
   8.160  0.1215E+01  0.1264E+02
   8.170  0.1218E+01  0.1265E+02
   8.180  0.1223E+01  0.1266E+02
   8.190  0.1227E+01  0.1267E+02
   8.200  0.1232E+01  0.1268E+02
   8.210  0.1237E+01  0.1270E+02
   8.220  0.1242E+01  0.1271E+02
   8.230  0.1247E+01  0.1272E+02
   8.240  0.1251E+01  0.1273E+02
   8.250  0.1256E+01  0.1275E+02
   8.260  0.1259E+01  0.1276E+02
   8.270  0.1263E+01  0.1277E+02
   8.280  0.1265E+01  0.1278E+02
   8.290  0.1267E+01  0.1280E+02
   8.300  0.1268E+01  0.1281E+02
   8.310  0.1268E+01  0.1282E+02
   8.320  0.1268E+01  0.1284E+02
   8.330  0.1266E+01  0.1285E+02
   8.340  0.1264E+01  0.1286E+02
   8.350  0.1260E+01  0.1287E+02
   8.360  0.1257E+01  0.1289E+02
   8.370  0.1253E+01  0.1290E+02
   8.380  0.1248E+01  0.1291E+02
   8.390  0.1243E+01  0.1292E+02
   8.400  0.1238E+01  0.1294E+02
   8.410  0.1234E+01  0.1295E+02
   8.420  0.1229E+01  0.1296E+02
   8.430  0.1225E+01  0.1297E+02
   8.440  0.1221E+01  0.1298E+02
   8.450  0.1219E+01  0.1300E+02
   8.460  0.1217E+01  0.1301E+02
   8.470  0.1216E+01  0.1302E+02
   8.480  0.1216E+01  0.1303E+02
   8.490  0.1218E+01  0.1305E+02
   8.500  0.1222E+01  0.1306E+02
   8.510  0.1227E+01  0.1307E+02
   8.520  0.1234E+01  0.1308E+02
   8.530  0.1244E+01  0.1309E+02
   8.540  0.1255E+01  0.1311E+02
   8.550  0.1269E+01  0.1312E+02
   8.560  0.1285E+01  0.1313E+02
   8.570  0.1303E+01  0.1315E+02
   8.580  0.1323E+01  0.1316E+02
   8.590  0.1345E+01  0.1317E+02
   8.600  0.1369E+01  0.1319E+02
   8.610  0.1394E+01  0.1320E+02
   8.620  0.1419E+01  0.1321E+02
   8.630  0.1446E+01  0.1323E+02
   8.640  0.1472E+01  0.1324E+02
   8.650  0.1499E+01  0.1326E+02
   8.660  0.1524E+01  0.1327E+02
   8.670  0.1549E+01  0.1329E+02
   8.680  0.1572E+01  0.1330E+02
   8.690  0.1593E+01  0.1332E+02
   8.700  0.1611E+01  0.1334E+02
   8.710  0.1628E+01  0.1335E+02
   8.720  0.1641E+01  0.1337E+02
   8.730  0.1651E+01  0.1339E+02
   8.740  0.1658E+01  0.1340E+02
   8.750  0.1661E+01  0.1342E+02
   8.760  0.1661E+01  0.1344E+02
   8.770  0.1658E+01  0.1345E+02
   8.780  0.1651E+01  0.1347E+02
   8.790  0.1640E+01  0.1349E+02
   8.800  0.1627E+01  0.1350E+02
   8.810  0.1610E+01  0.1352E+02
   8.820  0.1590E+01  0.1353E+02
   8.830  0.1568E+01  0.1355E+02
   8.840  0.1543E+01  0.1356E+02
   8.850  0.1516E+01  0.1358E+02
   8.860  0.1489E+01  0.1359E+02
   8.870  0.1460E+01  0.1361E+02
   8.880  0.1431E+01  0.1362E+02
   8.890  0.1403E+01  0.1364E+02
   8.900  0.1375E+01  0.1365E+02
   8.910  0.1349E+01  0.1366E+02
   8.920  0.1325E+01  0.1368E+02
   8.930  0.1304E+01  0.1369E+02
   8.940  0.1286E+01  0.1370E+02
   8.950  0.1270E+01  0.1372E+02
   8.960  0.1259E+01  0.1373E+02
   8.970  0.1250E+01  0.1374E+02
   8.980  0.1246E+01  0.1375E+02
   8.990  0.1244E+01  0.1377E+02
   9.000  0.1246E+01  0.1378E+02
   9.010  0.1250E+01  0.1379E+02
   9.020  0.1257E+01  0.1380E+02
   9.030  0.1265E+01  0.1382E+02
   9.040  0.1274E+01  0.1383E+02
   9.050  0.1284E+01  0.1384E+02
   9.060  0.1294E+01  0.1386E+02
   9.070  0.1303E+01  0.1387E+02
   9.080  0.1311E+01  0.1388E+02
   9.090  0.1318E+01  0.1389E+02
   9.100  0.1323E+01  0.1391E+02
   9.110  0.1326E+01  0.1392E+02
   9.120  0.1327E+01  0.1393E+02
   9.130  0.1326E+01  0.1395E+02
   9.140  0.1323E+01  0.1396E+02
   9.150  0.1317E+01  0.1397E+02
   9.160  0.1310E+01  0.1399E+02
   9.170  0.1301E+01  0.1400E+02
   9.180  0.1290E+01  0.1401E+02
   9.190  0.1278E+01  0.1403E+02
   9.200  0.1265E+01  0.1404E+02
   9.210  0.1250E+01  0.1405E+02
   9.220  0.1235E+01  0.1406E+02
   9.230  0.1220E+01  0.1408E+02
   9.240  0.1203E+01  0.1409E+02
   9.250  0.1187E+01  0.1410E+02
   9.260  0.1171E+01  0.1411E+02
   9.270  0.1155E+01  0.1412E+02
   9.280  0.1139E+01  0.1413E+02
   9.290  0.1124E+01  0.1415E+02
   9.300  0.1110E+01  0.1416E+02
   9.310  0.1097E+01  0.1417E+02
   9.320  0.1085E+01  0.1418E+02
   9.330  0.1075E+01  0.1419E+02
   9.340  0.1066E+01  0.1420E+02
   9.350  0.1060E+01  0.1421E+02
   9.360  0.1055E+01  0.1422E+02
   9.370  0.1053E+01  0.1423E+02
   9.380  0.1053E+01  0.1424E+02
   9.390  0.1055E+01  0.1425E+02
   9.400  0.1060E+01  0.1426E+02
   9.410  0.1066E+01  0.1427E+02
   9.420  0.1074E+01  0.1428E+02
   9.430  0.1084E+01  0.1430E+02
   9.440  0.1095E+01  0.1431E+02
   9.450  0.1107E+01  0.1432E+02
   9.460  0.1120E+01  0.1433E+02
   9.470  0.1132E+01  0.1434E+02
   9.480  0.1145E+01  0.1435E+02
   9.490  0.1157E+01  0.1436E+02
   9.500  0.1168E+01  0.1437E+02
   9.510  0.1178E+01  0.1439E+02
   9.520  0.1186E+01  0.1440E+02
   9.530  0.1193E+01  0.1441E+02
   9.540  0.1198E+01  0.1442E+02
   9.550  0.1200E+01  0.1443E+02
   9.560  0.1200E+01  0.1445E+02
   9.570  0.1199E+01  0.1446E+02
   9.580  0.1195E+01  0.1447E+02
   9.590  0.1189E+01  0.1448E+02
   9.600  0.1181E+01  0.1449E+02
   9.610  0.1172E+01  0.1451E+02
   9.620  0.1161E+01  0.1452E+02
   9.630  0.1149E+01  0.1453E+02
   9.640  0.1136E+01  0.1454E+02
   9.650  0.1123E+01  0.1455E+02
   9.660  0.1109E+01  0.1456E+02
   9.670  0.1094E+01  0.1457E+02
   9.680  0.1080E+01  0.1458E+02
   9.690  0.1065E+01  0.1459E+02
   9.700  0.1051E+01  0.1461E+02
   9.710  0.1038E+01  0.1462E+02
   9.720  0.1025E+01  0.1463E+02
   9.730  0.1013E+01  0.1464E+02
   9.740  0.1001E+01  0.1465E+02
   9.750  0.9912E+00  0.1466E+02
   9.760  0.9820E+00  0.1467E+02
   9.770  0.9742E+00  0.1468E+02
   9.780  0.9676E+00  0.1469E+02
   9.790  0.9626E+00  0.1469E+02
   9.800  0.9590E+00  0.1470E+02
   9.810  0.9571E+00  0.1471E+02
   9.820  0.9567E+00  0.1472E+02
   9.830  0.9580E+00  0.1473E+02
   9.840  0.9607E+00  0.1474E+02
   9.850  0.9649E+00  0.1475E+02
   9.860  0.9704E+00  0.1476E+02
   9.870  0.9771E+00  0.1477E+02
   9.880  0.9846E+00  0.1478E+02
   9.890  0.9927E+00  0.1479E+02
   9.900  0.1001E+01  0.1480E+02
   9.910  0.1010E+01  0.1481E+02
   9.920  0.1018E+01  0.1482E+02
   9.930  0.1026E+01  0.1483E+02
   9.940  0.1033E+01  0.1484E+02
   9.950  0.1039E+01  0.1485E+02
   9.960  0.1043E+01  0.1486E+02
   9.970  0.1046E+01  0.1487E+02
   9.980  0.1047E+01  0.1488E+02
   9.990  0.1047E+01  0.1489E+02
  10.000  0.1044E+01  0.1491E+02
