 &plot nbnd=   8, nks=    51 /
            0.000000  0.000000  0.000000
  -21.252   -9.324   -4.709   -4.709    1.578    2.487    3.015    4.951
           -0.015871  0.027494  0.000000
  -21.234   -9.302   -4.783   -4.749    1.602    2.512    3.040    4.975
           -0.031743  0.054988  0.000000
  -21.180   -9.238   -5.000   -4.867    1.675    2.586    3.114    5.048
           -0.047614  0.082481  0.000000
  -21.091   -9.130   -5.338   -5.061    1.797    2.708    3.238    5.170
           -0.063486  0.109975  0.000000
  -20.966   -8.980   -5.770   -5.323    1.967    2.880    3.412    5.341
           -0.079357  0.137469  0.000000
  -20.805   -8.789   -6.272   -5.646    2.187    3.101    3.635    5.559
           -0.095229  0.164963  0.000000
  -20.609   -8.555   -6.820   -6.022    2.455    3.370    3.907    5.826
           -0.111100  0.192457  0.000000
  -20.378   -8.281   -7.396   -6.441    2.771    3.688    4.230    6.141
           -0.126971  0.219950  0.000000
  -20.113   -7.988   -7.968   -6.894    3.137    4.053    4.601    6.502
           -0.142843  0.247444  0.000000
  -19.813   -8.582   -7.616   -7.372    3.550    4.467    5.023    5.832
           -0.158714  0.274938  0.000000
  -19.480   -9.171   -7.865   -7.227    4.012    4.927    5.124    5.494
           -0.174586  0.302432  0.000000
  -19.113   -9.749   -8.367   -6.803    4.410    4.521    5.432    6.014
           -0.190457  0.329926  0.000000
  -18.714  -10.313   -8.870   -6.346    3.701    5.078    5.981    6.584
           -0.206329  0.357419  0.000000
  -18.285  -10.857   -9.370   -5.860    3.003    5.682    6.570    7.202
           -0.222200  0.384913  0.000000
  -17.825  -11.379   -9.858   -5.349    2.321    6.331    7.191    7.869
           -0.238071  0.412407  0.000000
  -17.338  -11.878  -10.331   -4.818    1.662    7.024    7.828    8.585
           -0.253943  0.439901  0.000000
  -16.827  -12.352  -10.782   -4.271    1.029    7.759    8.439    9.348
           -0.269814  0.467395  0.000000
  -16.296  -12.799  -11.205   -3.717    0.426    8.529    8.920   10.155
           -0.285686  0.494888  0.000000
  -15.753  -13.218  -11.592   -3.167   -0.146    9.128    9.326   10.998
           -0.301557  0.522382  0.000000
  -15.213  -13.610  -11.928   -2.630   -0.685    9.115   10.124   11.453
           -0.317429  0.549876  0.000000
  -14.709  -13.972  -12.181   -2.120   -1.187    9.045   10.853   11.419
           -0.333300  0.577370  0.000000
  -14.306  -14.305  -12.287   -1.651   -1.650    9.011   11.291   11.292
           -0.303000  0.577368  0.000000
  -14.596  -14.104  -12.165   -2.058   -1.252    9.049   11.097   11.240
           -0.272700  0.577366  0.000000
  -14.860  -14.097  -11.816   -2.428   -0.910    9.168   10.862   10.945
           -0.242400  0.577365  0.000000
  -15.096  -14.201  -11.328   -2.761   -0.631    9.363   10.388   10.612
           -0.212100  0.577363  0.000000
  -15.304  -14.344  -10.780   -3.056   -0.412    9.611    9.613   10.369
           -0.181800  0.577361  0.000000
  -15.485  -14.492  -10.220   -3.313   -0.250    8.793    9.872   10.144
           -0.151500  0.577359  0.000000
  -15.639  -14.629   -9.677   -3.531   -0.135    8.005    9.945   10.125
           -0.121200  0.577357  0.000000
  -15.764  -14.747   -9.177   -3.710   -0.057    7.291    9.778    9.944
           -0.090900  0.577356  0.000000
  -15.862  -14.841   -8.746   -3.849   -0.007    6.688    9.646    9.802
           -0.060600  0.577354  0.000000
  -15.931  -14.910   -8.413   -3.949    0.022    6.227    9.551    9.700
           -0.030300  0.577352  0.000000
  -15.973  -14.951   -8.200   -4.009    0.038    5.937    9.493    9.639
            0.000000  0.577350  0.000000
  -15.987  -14.965   -8.127   -4.029    0.042    5.838    9.474    9.618
            0.000000  0.545275  0.000000
  -16.262  -14.663   -8.109   -4.147    0.188    5.847    8.705    9.639
            0.000000  0.513200  0.000000
  -16.751  -14.092   -8.054   -4.456    0.583    5.874    7.909    8.848
            0.000000  0.481125  0.000000
  -17.260  -13.447   -7.963   -4.878    1.145    5.917    7.158    8.094
            0.000000  0.449050  0.000000
  -17.754  -12.766   -7.836   -5.349    1.809    5.963    6.465    7.384
            0.000000  0.416975  0.000000
  -18.223  -12.061   -7.676   -5.833    2.534    5.731    6.110    6.719
            0.000000  0.384900  0.000000
  -18.661  -11.337   -7.484   -6.308    3.292    5.141    6.104    6.170
            0.000000  0.352825  0.000000
  -19.068  -10.602   -7.262   -6.763    4.059    4.578    5.543    6.053
            0.000000  0.320750  0.000000
  -19.443   -9.862   -7.189   -7.014    4.060    4.734    5.123    5.541
            0.000000  0.288675  0.000000
  -19.783   -9.123   -7.584   -6.743    3.589    4.493    5.063    5.654
            0.000000  0.256600  0.000000
  -20.089   -8.394   -7.941   -6.454    3.168    4.083    4.634    6.332
            0.000000  0.224525  0.000000
  -20.360   -8.260   -7.687   -6.155    2.796    3.712    4.254    6.159
            0.000000  0.192450  0.000000
  -20.596   -8.539   -7.013   -5.854    2.473    3.388    3.926    5.843
            0.000000  0.160375  0.000000
  -20.796   -8.777   -6.388   -5.560    2.199    3.113    3.647    5.572
            0.000000  0.128300  0.000000
  -20.960   -8.973   -5.832   -5.288    1.975    2.888    3.420    5.349
            0.000000  0.096225  0.000000
  -21.087   -9.126   -5.365   -5.052    1.801    2.713    3.243    5.175
            0.000000  0.064150  0.000000
  -21.179   -9.236   -5.009   -4.867    1.677    2.588    3.116    5.050
            0.000000  0.032075  0.000000
  -21.233   -9.302   -4.785   -4.750    1.602    2.512    3.040    4.976
            0.000000  0.000000  0.000000
  -21.252   -9.324   -4.709   -4.709    1.578    2.487    3.015    4.951
