 &plot nbnd=  16, nks=   151 /
            0.000000  0.000000  0.000000
  -20.154  -19.980   -8.724   -7.648   -3.643   -3.643   -3.620   -3.620    2.562    2.985
    4.051    5.194    5.643    7.481    7.822    7.822
           -0.006667  0.011547  0.000000
  -20.151  -19.977   -8.720   -7.645   -3.656   -3.650   -3.634   -3.627    2.566    2.989
    4.056    5.198    5.647    7.485    7.824    7.836
           -0.013333  0.023094  0.000000
  -20.141  -19.968   -8.708   -7.634   -3.695   -3.673   -3.669   -3.648    2.579    3.002
    4.069    5.211    5.659    7.496    7.830    7.868
           -0.020000  0.034641  0.000000
  -20.126  -19.952   -8.689   -7.615   -3.760   -3.738   -3.705   -3.683    2.600    3.023
    4.090    5.233    5.680    7.515    7.838    7.939
           -0.026666  0.046188  0.000000
  -20.104  -19.930   -8.662   -7.589   -3.849   -3.826   -3.753   -3.731    2.630    3.053
    4.121    5.263    5.708    7.542    7.850    7.899
           -0.033333  0.057735  0.000000
  -20.075  -19.902   -8.628   -7.556   -3.961   -3.938   -3.814   -3.792    2.668    3.091
    4.160    5.302    5.744    7.575    7.866    7.920
           -0.040000  0.069282  0.000000
  -20.041  -19.868   -8.586   -7.515   -4.093   -4.070   -3.889   -3.866    2.714    3.138
    4.208    5.349    5.788    7.616    7.887    7.948
           -0.046666  0.080829  0.000000
  -20.000  -19.827   -8.536   -7.467   -4.244   -4.220   -3.976   -3.953    2.769    3.193
    4.264    5.405    5.841    7.665    7.913    7.982
           -0.053333  0.092376  0.000000
  -19.952  -19.780   -8.479   -7.412   -4.413   -4.388   -4.075   -4.052    2.833    3.257
    4.329    5.470    5.901    7.720    7.944    8.022
           -0.059999  0.103923  0.000000
  -19.899  -19.727   -8.414   -7.349   -4.596   -4.570   -4.185   -4.162    2.905    3.330
    4.403    5.543    5.970    7.783    7.979    8.068
           -0.066666  0.115471  0.000000
  -19.839  -19.668   -8.342   -7.279   -4.792   -4.766   -4.307   -4.284    2.985    3.411
    4.486    5.625    6.046    7.853    8.021    8.122
           -0.073333  0.127018  0.000000
  -19.773  -19.603   -8.262   -7.202   -5.000   -4.973   -4.439   -4.416    3.074    3.500
    4.577    5.715    6.131    7.930    8.069    8.182
           -0.079999  0.138565  0.000000
  -19.701  -19.531   -8.175   -7.118   -5.217   -5.190   -4.581   -4.557    3.171    3.598
    4.677    5.815    6.223    8.012    8.122    8.248
           -0.086666  0.150112  0.000000
  -19.622  -19.453   -8.080   -7.027   -5.442   -5.414   -4.732   -4.708    3.277    3.704
    4.786    5.922    6.324    8.101    8.182    8.321
           -0.093332  0.161659  0.000000
  -19.537  -19.370   -7.978   -6.928   -5.674   -5.646   -4.891   -4.867    3.391    3.819
    4.903    6.038    6.432    8.195    8.245    8.398
           -0.099999  0.173206  0.000000
  -19.446  -19.280   -7.869   -6.823   -5.911   -5.882   -5.058   -5.033    3.513    3.942
    5.029    6.163    6.548    8.290    8.313    8.445
           -0.106666  0.184753  0.000000
  -19.349  -19.184   -7.752   -6.711   -6.152   -6.122   -5.232   -5.207    3.644    4.073
    5.164    6.297    6.673    8.247    8.348    8.416
           -0.113332  0.196300  0.000000
  -19.246  -19.081   -7.628   -6.592   -6.397   -6.366   -5.413   -5.387    3.784    4.213
    5.307    6.439    6.805    7.991    8.191    8.527
           -0.119999  0.207847  0.000000
  -19.137  -18.973   -7.497   -6.643   -6.612   -6.466   -5.599   -5.573    3.931    4.361
    5.459    6.589    6.944    7.717    7.934    8.612
           -0.126665  0.219394  0.000000
  -19.021  -18.859   -7.359   -6.891   -6.859   -6.334   -5.790   -5.763    4.087    4.518
    5.620    6.748    7.092    7.434    7.662    8.707
           -0.133332  0.230941  0.000000
  -18.900  -18.739   -7.216   -7.138   -7.106   -6.195   -5.986   -5.959    4.252    4.683
    5.789    6.915    7.145    7.246    7.382    8.813
           -0.139999  0.242488  0.000000
  -18.773  -18.613   -7.388   -7.354   -7.062   -6.185   -6.157   -6.050    4.425    4.855
    5.967    6.853    7.076    7.113    7.408    8.927
           -0.146665  0.254035  0.000000
  -18.639  -18.481   -7.636   -7.601   -6.904   -6.388   -6.359   -5.898    4.606    5.036
    6.154    6.556    6.808    7.277    7.577    9.048
           -0.153332  0.265582  0.000000
  -18.500  -18.343   -7.883   -7.847   -6.739   -6.593   -6.564   -5.740    4.795    5.226
    6.258    6.349    6.517    7.469    7.752    9.176
           -0.159998  0.277129  0.000000
  -18.355  -18.200   -8.128   -8.091   -6.800   -6.770   -6.567   -5.577    4.992    5.422
    5.958    6.225    6.553    7.670    7.934    9.310
           -0.166665  0.288676  0.000000
  -18.204  -18.050   -8.371   -8.334   -7.008   -6.978   -6.389   -5.407    5.198    5.626
    5.658    5.933    6.766    7.879    8.122    9.451
           -0.173332  0.300223  0.000000
  -18.047  -17.895   -8.612   -8.574   -7.218   -7.186   -6.205   -5.232    5.352    5.417
    5.633    5.845    6.987    8.096    8.315    9.597
           -0.179998  0.311770  0.000000
  -17.885  -17.735   -8.850   -8.811   -7.428   -7.395   -6.015   -5.052    5.056    5.342
    5.635    6.063    7.216    8.321    8.514    9.749
           -0.186665  0.323317  0.000000
  -17.717  -17.568   -9.086   -9.046   -7.637   -7.605   -5.818   -4.866    4.758    5.050
    5.865    6.291    7.454    8.554    8.716    9.906
           -0.193331  0.334864  0.000000
  -17.543  -17.397   -9.318   -9.277   -7.846   -7.813   -5.616   -4.676    4.461    4.759
    6.103    6.526    7.700    8.795    8.921   10.067
           -0.199998  0.346412  0.000000
  -17.364  -17.220   -9.547   -9.506   -8.054   -8.020   -5.409   -4.481    4.166    4.470
    6.349    6.768    7.955    9.043    9.127   10.231
           -0.206665  0.357959  0.000000
  -17.180  -17.037   -9.772   -9.730   -8.261   -8.226   -5.196   -4.281    3.874    4.184
    6.602    7.016    8.218    9.297    9.332   10.399
           -0.213331  0.369506  0.000000
  -16.991  -16.850   -9.993   -9.950   -8.466   -8.430   -4.979   -4.078    3.586    3.901
    6.864    7.271    8.488    9.532    9.558   10.569
           -0.219998  0.381053  0.000000
  -16.796  -16.657  -10.211  -10.167   -8.668   -8.632   -4.757   -3.871    3.300    3.621
    7.133    7.531    8.766    9.726    9.823   10.740
           -0.226664  0.392600  0.000000
  -16.597  -16.460  -10.424  -10.379   -8.868   -8.832   -4.530   -3.661    3.019    3.344
    7.409    7.796    9.051    9.907   10.092   10.912
           -0.233331  0.404147  0.000000
  -16.393  -16.258  -10.633  -10.587   -9.065   -9.028   -4.300   -3.448    2.741    3.071
    7.692    8.064    9.340   10.072   10.360   11.083
           -0.239998  0.415694  0.000000
  -16.184  -16.051  -10.838  -10.791   -9.258   -9.220   -4.066   -3.233    2.469    2.803
    7.983    8.334    9.631   10.217   10.620   11.254
           -0.246664  0.427241  0.000000
  -15.971  -15.841  -11.038  -10.990   -9.447   -9.409   -3.829   -3.017    2.201    2.539
    8.279    8.602    9.909   10.350   10.862   11.427
           -0.253331  0.438788  0.000000
  -15.755  -15.627  -11.234  -11.185   -9.632   -9.594   -3.590   -2.799    1.938    2.280
    8.582    8.865   10.134   10.508   11.063   11.609
           -0.259997  0.450335  0.000000
  -15.534  -15.409  -11.425  -11.375   -9.813   -9.774   -3.348   -2.581    1.680    2.027
    8.891    9.117   10.249   10.748   11.208   11.789
           -0.266664  0.461882  0.000000
  -15.311  -15.188  -11.611  -11.561   -9.987   -9.949   -3.105   -2.364    1.428    1.779
    9.204    9.349   10.280   11.050   11.303   11.871
           -0.273331  0.473429  0.000000
  -15.085  -14.965  -11.793  -11.742  -10.156  -10.117   -2.862   -2.147    1.182    1.536
    9.520    9.551   10.268   11.377   11.382   11.945
           -0.279997  0.484976  0.000000
  -14.857  -14.741  -11.969  -11.917  -10.318  -10.279   -2.619   -1.933    0.942    1.300
    9.704    9.842   10.232   11.478   11.714   12.015
           -0.286664  0.496523  0.000000
  -14.629  -14.516  -12.141  -12.088  -10.472  -10.434   -2.376   -1.722    0.708    1.069
    9.809   10.157   10.188   11.617   11.989   12.142
           -0.293330  0.508070  0.000000
  -14.401  -14.293  -12.308  -12.254  -10.616  -10.579   -2.136   -1.514    0.480    0.845
    9.866   10.124   10.483   11.803   12.063   12.311
           -0.299997  0.519617  0.000000
  -14.175  -14.072  -12.469  -12.415  -10.749  -10.713   -1.899   -1.313    0.260    0.629
    9.886   10.066   10.796   12.025   12.090   12.344
           -0.306664  0.531164  0.000000
  -13.954  -13.857  -12.626  -12.571  -10.869  -10.835   -1.666   -1.119    0.047    0.420
    9.885   10.010   11.098   12.100   12.241   12.387
           -0.313330  0.542711  0.000000
  -13.741  -13.650  -12.778  -12.722  -10.971  -10.940   -1.440   -0.935   -0.156    0.221
    9.875    9.960   11.380   12.098   12.301   12.566
           -0.319997  0.554258  0.000000
  -13.541  -13.459  -12.924  -12.867  -11.051  -11.025   -1.226   -0.767   -0.347    0.036
    9.865    9.919   11.625   12.092   12.278   12.775
           -0.326663  0.565806  0.000000
  -13.360  -13.288  -13.064  -13.006  -11.104  -11.082   -1.039   -0.630   -0.510   -0.119
    9.860    9.888   11.797   12.104   12.230   12.915
           -0.333330  0.577353  0.000000
  -13.230  -13.181  -13.162  -13.118  -11.122  -11.103   -0.945   -0.590   -0.571   -0.189
    9.862    9.874   11.850   12.163   12.165   12.958
           -0.326663  0.577353  0.000000
  -13.275  -13.216  -13.129  -13.079  -11.117  -11.097   -0.970   -0.610   -0.544   -0.172
    9.861    9.878   11.842   12.126   12.198   12.949
           -0.319997  0.577352  0.000000
  -13.337  -13.278  -13.076  -13.033  -11.102  -11.079   -1.026   -0.664   -0.479   -0.130
    9.861    9.888   11.820   12.085   12.221   12.925
           -0.313330  0.577352  0.000000
  -13.399  -13.340  -13.030  -12.994  -11.076  -11.049   -1.097   -0.731   -0.398   -0.076
    9.864    9.903   11.792   12.041   12.228   12.889
           -0.306664  0.577352  0.000000
  -13.461  -13.401  -12.995  -12.966  -11.038  -11.006   -1.174   -0.805   -0.313   -0.017
    9.871    9.921   11.758   11.995   12.217   12.841
           -0.299997  0.577352  0.000000
  -13.522  -13.462  -12.970  -12.946  -10.989  -10.952   -1.252   -0.881   -0.226    0.044
    9.881    9.943   11.719   11.946   12.186   12.785
           -0.293330  0.577352  0.000000
  -13.581  -13.521  -12.955  -12.935  -10.929  -10.886   -1.331   -0.957   -0.140    0.104
    9.894    9.969   11.678   11.896   12.136   12.720
           -0.286664  0.577352  0.000000
  -13.639  -13.579  -12.949  -12.930  -10.859  -10.811   -1.410   -1.034   -0.055    0.163
    9.911    9.999   11.633   11.845   12.068   12.646
           -0.279997  0.577352  0.000000
  -13.696  -13.635  -12.952  -12.932  -10.779  -10.728   -1.487   -1.110    0.027    0.220
    9.932   10.032   11.586   11.792   11.985   12.558
           -0.273331  0.577352  0.000000
  -13.752  -13.691  -12.962  -12.940  -10.691  -10.637   -1.564   -1.185    0.107    0.274
    9.956   10.069   11.535   11.738   11.889   12.456
           -0.266664  0.577352  0.000000
  -13.806  -13.745  -12.978  -12.953  -10.597  -10.539   -1.639   -1.259    0.185    0.326
    9.982   10.108   11.479   11.684   11.783   12.334
           -0.259997  0.577352  0.000000
  -13.859  -13.797  -12.998  -12.971  -10.496  -10.436   -1.712   -1.331    0.259    0.376
   10.011   10.151   11.417   11.629   11.673   12.193
           -0.253331  0.577352  0.000000
  -13.911  -13.849  -13.022  -12.992  -10.390  -10.329   -1.784   -1.401    0.331    0.424
   10.043   10.197   11.343   11.565   11.572   12.037
           -0.246664  0.577352  0.000000
  -13.961  -13.899  -13.048  -13.015  -10.281  -10.218   -1.854   -1.471    0.400    0.468
   10.075   10.244   11.249   11.470   11.514   11.872
           -0.239998  0.577352  0.000000
  -14.010  -13.948  -13.077  -13.042  -10.167  -10.104   -1.922   -1.538    0.465    0.511
   10.108   10.292   11.134   11.392   11.452   11.705
           -0.233331  0.577352  0.000000
  -14.058  -13.995  -13.107  -13.070  -10.051   -9.987   -1.989   -1.604    0.526    0.552
   10.138   10.340   11.005   11.327   11.378   11.547
           -0.226664  0.577352  0.000000
  -14.104  -14.041  -13.138  -13.099   -9.933   -9.868   -2.054   -1.668    0.578    0.596
   10.163   10.385   10.871   11.268   11.270   11.426
           -0.219998  0.577352  0.000000
  -14.149  -14.086  -13.170  -13.130   -9.813   -9.749   -2.117   -1.730    0.617    0.649
   10.175   10.424   10.744   11.125   11.215   11.348
           -0.213331  0.577352  0.000000
  -14.193  -14.130  -13.202  -13.161   -9.692   -9.628   -2.179   -1.791    0.650    0.702
   10.159   10.445   10.641   10.981   11.164   11.287
           -0.206665  0.577352  0.000000
  -14.236  -14.172  -13.235  -13.192   -9.570   -9.506   -2.239   -1.851    0.679    0.752
   10.099   10.427   10.578   10.872   11.114   11.232
           -0.199998  0.577352  0.000000
  -14.277  -14.213  -13.267  -13.224   -9.447   -9.384   -2.297   -1.908    0.707    0.800
    9.993   10.345   10.560   10.824   11.067   11.180
           -0.193331  0.577352  0.000000
  -14.316  -14.252  -13.299  -13.255   -9.325   -9.262   -2.353   -1.963    0.732    0.845
    9.858   10.211   10.569   10.827   11.021   11.130
           -0.186665  0.577352  0.000000
  -14.355  -14.290  -13.332  -13.287   -9.203   -9.141   -2.407   -2.017    0.755    0.887
    9.707   10.052   10.591   10.853   10.977   11.083
           -0.179998  0.577352  0.000000
  -14.392  -14.327  -13.363  -13.317   -9.081   -9.020   -2.460   -2.069    0.777    0.927
    9.549    9.883   10.619   10.886   10.934   11.038
           -0.173332  0.577351  0.000000
  -14.428  -14.362  -13.394  -13.347   -8.960   -8.900   -2.510   -2.118    0.796    0.964
    9.388    9.710   10.647   10.892   10.919   10.997
           -0.166665  0.577351  0.000000
  -14.462  -14.397  -13.424  -13.377   -8.840   -8.782   -2.558   -2.166    0.814    0.999
    9.226    9.537   10.674   10.855   10.926   10.980
           -0.159998  0.577351  0.000000
  -14.495  -14.429  -13.454  -13.406   -8.722   -8.664   -2.605   -2.212    0.830    1.031
    9.064    9.366   10.695   10.821   10.895   10.997
           -0.153332  0.577351  0.000000
  -14.527  -14.461  -13.482  -13.434   -8.605   -8.549   -2.650   -2.257    0.844    1.061
    8.904    9.197   10.705   10.798   10.857   11.018
           -0.146665  0.577351  0.000000
  -14.557  -14.491  -13.510  -13.461   -8.490   -8.435   -2.693   -2.299    0.857    1.089
    8.746    9.032   10.696   10.791   10.820   11.033
           -0.139999  0.577351  0.000000
  -14.586  -14.520  -13.536  -13.487   -8.378   -8.324   -2.734   -2.340    0.869    1.115
    8.591    8.870   10.673   10.780   10.800   11.042
           -0.133332  0.577351  0.000000
  -14.614  -14.547  -13.562  -13.513   -8.268   -8.215   -2.773   -2.379    0.879    1.138
    8.440    8.712   10.644   10.745   10.809   11.046
           -0.126665  0.577351  0.000000
  -14.640  -14.573  -13.587  -13.537   -8.160   -8.109   -2.810   -2.416    0.888    1.160
    8.293    8.559   10.614   10.711   10.818   11.045
           -0.119999  0.577351  0.000000
  -14.665  -14.598  -13.610  -13.560   -8.056   -8.006   -2.846   -2.451    0.896    1.180
    8.150    8.411   10.584   10.678   10.825   11.039
           -0.113332  0.577351  0.000000
  -14.688  -14.622  -13.633  -13.582   -7.956   -7.907   -2.880   -2.484    0.903    1.198
    8.012    8.268   10.556   10.647   10.831   11.031
           -0.106666  0.577351  0.000000
  -14.711  -14.644  -13.654  -13.603   -7.859   -7.811   -2.912   -2.516    0.909    1.215
    7.880    8.132   10.528   10.618   10.834   11.020
           -0.099999  0.577351  0.000000
  -14.732  -14.665  -13.674  -13.623   -7.766   -7.720   -2.941   -2.545    0.915    1.230
    7.753    8.001   10.502   10.590   10.836   11.007
           -0.093332  0.577351  0.000000
  -14.751  -14.684  -13.693  -13.642   -7.677   -7.632   -2.969   -2.573    0.920    1.244
    7.632    7.878   10.478   10.564   10.836   10.994
           -0.086666  0.577351  0.000000
  -14.770  -14.702  -13.711  -13.659   -7.593   -7.549   -2.995   -2.598    0.924    1.256
    7.518    7.760   10.455   10.540   10.834   10.980
           -0.079999  0.577351  0.000000
  -14.786  -14.719  -13.727  -13.675   -7.514   -7.471   -3.019   -2.622    0.928    1.267
    7.410    7.650   10.433   10.517   10.832   10.966
           -0.073333  0.577351  0.000000
  -14.802  -14.734  -13.742  -13.690   -7.440   -7.397   -3.041   -2.644    0.931    1.277
    7.310    7.548   10.413   10.496   10.829   10.952
           -0.066666  0.577351  0.000000
  -14.816  -14.749  -13.756  -13.704   -7.371   -7.329   -3.061   -2.664    0.934    1.286
    7.217    7.453   10.395   10.477   10.826   10.939
           -0.059999  0.577351  0.000000
  -14.829  -14.761  -13.769  -13.717   -7.307   -7.267   -3.080   -2.682    0.936    1.294
    7.132    7.367   10.379   10.460   10.822   10.926
           -0.053333  0.577351  0.000000
  -14.840  -14.773  -13.780  -13.728   -7.250   -7.210   -3.096   -2.698    0.938    1.301
    7.055    7.288   10.364   10.445   10.818   10.915
           -0.046666  0.577351  0.000000
  -14.851  -14.783  -13.790  -13.737   -7.199   -7.160   -3.111   -2.713    0.940    1.307
    6.986    7.219   10.351   10.431   10.814   10.904
           -0.040000  0.577351  0.000000
  -14.859  -14.791  -13.799  -13.746   -7.154   -7.116   -3.123   -2.725    0.941    1.312
    6.926    7.158   10.340   10.419   10.811   10.895
           -0.033333  0.577351  0.000000
  -14.867  -14.799  -13.806  -13.753   -7.116   -7.078   -3.133   -2.735    0.942    1.316
    6.875    7.106   10.330   10.409   10.808   10.887
           -0.026666  0.577350  0.000000
  -14.873  -14.805  -13.812  -13.759   -7.084   -7.047   -3.142   -2.744    0.943    1.320
    6.833    7.063   10.322   10.401   10.805   10.881
           -0.020000  0.577350  0.000000
  -14.878  -14.809  -13.817  -13.764   -7.059   -7.022   -3.149   -2.750    0.943    1.322
    6.800    7.030   10.316   10.394   10.803   10.875
           -0.013333  0.577350  0.000000
  -14.881  -14.813  -13.820  -13.767   -7.041   -7.005   -3.154   -2.755    0.944    1.324
    6.777    7.006   10.312   10.390   10.801   10.872
           -0.006667  0.577350  0.000000
  -14.883  -14.815  -13.822  -13.769   -7.031   -6.994   -3.157   -2.758    0.944    1.325
    6.762    6.991   10.309   10.387   10.800   10.869
            0.000000  0.577350  0.000000
  -14.884  -14.816  -13.823  -13.770   -7.027   -6.991   -3.157   -2.759    0.944    1.326
    6.758    6.986   10.308   10.386   10.800   10.869
            0.000000  0.565803  0.000000
  -14.931  -14.852  -13.783  -13.718   -7.025   -6.988   -3.180   -2.766    0.958    1.349
    6.759    6.988   10.052   10.522   10.665   11.126
            0.000000  0.554256  0.000000
  -15.049  -14.953  -13.671  -13.590   -7.017   -6.981   -3.243   -2.790    1.002    1.415
    6.763    6.991    9.762   10.243   10.954   11.385
            0.000000  0.542709  0.000000
  -15.204  -15.096  -13.510  -13.418   -7.006   -6.970   -3.339   -2.835    1.075    1.519
    6.769    6.997    9.477    9.957   11.199   11.260
            0.000000  0.531162  0.000000
  -15.377  -15.261  -13.319  -13.223   -6.989   -6.953   -3.462   -2.901    1.179    1.655
    6.778    7.005    9.195    9.674   10.911   11.561
            0.000000  0.519615  0.000000
  -15.557  -15.436  -13.111  -13.013   -6.968   -6.932   -3.604   -2.988    1.312    1.816
    6.790    7.015    8.919    9.396   10.623   11.522
            0.000000  0.508068  0.000000
  -15.740  -15.615  -12.891  -12.793   -6.943   -6.906   -3.760   -3.095    1.472    1.999
    6.803    7.027    8.647    9.123   10.339   11.306
            0.000000  0.496521  0.000000
  -15.924  -15.796  -12.664  -12.566   -6.912   -6.876   -3.927   -3.217    1.654    2.199
    6.820    7.041    8.382    8.854   10.061   11.082
            0.000000  0.484974  0.000000
  -16.106  -15.976  -12.429  -12.333   -6.877   -6.841   -4.100   -3.352    1.857    2.413
    6.838    7.056    8.122    8.591    9.787   10.857
            0.000000  0.473427  0.000000
  -16.287  -16.154  -12.190  -12.095   -6.838   -6.801   -4.278   -3.497    2.076    2.640
    6.858    7.072    7.870    8.334    9.520   10.632
            0.000000  0.461880  0.000000
  -16.465  -16.330  -11.947  -11.854   -6.794   -6.757   -4.459   -3.649    2.309    2.875
    6.880    7.087    7.627    8.083    9.259   10.357
            0.000000  0.450333  0.000000
  -16.640  -16.503  -11.700  -11.608   -6.745   -6.709   -4.642   -3.807    2.553    3.118
    6.900    7.094    7.401    7.838    9.004   10.106
            0.000000  0.438786  0.000000
  -16.812  -16.673  -11.449  -11.360   -6.692   -6.656   -4.825   -3.967    2.808    3.368
    6.912    7.052    7.242    7.601    8.755    9.859
            0.000000  0.427239  0.000000
  -16.981  -16.840  -11.196  -11.109   -6.635   -6.599   -5.007   -4.130    3.070    3.623
    6.826    6.984    7.210    7.375    8.513    9.619
            0.000000  0.415692  0.000000
  -17.146  -17.003  -10.940  -10.855   -6.574   -6.538   -5.188   -4.294    3.338    3.882
    6.627    6.974    7.165    7.233    8.277    9.385
            0.000000  0.404145  0.000000
  -17.306  -17.162  -10.682  -10.599   -6.509   -6.473   -5.367   -4.458    3.612    4.145
    6.415    6.866    7.086    7.251    8.049    9.158
            0.000000  0.392598  0.000000
  -17.463  -17.317  -10.422  -10.341   -6.439   -6.404   -5.544   -4.620    3.889    4.410
    6.204    6.671    7.100    7.277    7.828    8.937
            0.000000  0.381051  0.000000
  -17.616  -17.468  -10.160  -10.082   -6.366   -6.330   -5.716   -4.781    4.169    4.677
    5.997    6.469    7.130    7.300    7.617    8.722
            0.000000  0.369504  0.000000
  -17.765  -17.615   -9.897   -9.821   -6.289   -6.254   -5.886   -4.939    4.449    4.944
    5.795    6.271    7.162    7.301    7.439    8.513
            0.000000  0.357957  0.000000
  -17.909  -17.758   -9.633   -9.558   -6.208   -6.173   -6.053   -5.095    4.729    5.210
    5.601    6.081    7.146    7.224    7.399    8.312
            0.000000  0.346410  0.000000
  -18.050  -17.897   -9.368   -9.295   -6.215   -6.123   -6.089   -5.247    5.001    5.391
    5.494    5.908    6.972    7.250    7.420    8.117
            0.000000  0.334863  0.000000
  -18.186  -18.032   -9.102   -9.032   -6.374   -6.036   -6.001   -5.397    5.199    5.269
    5.691    5.820    6.785    7.288    7.446    7.930
            0.000000  0.323316  0.000000
  -18.317  -18.163   -8.836   -8.768   -6.528   -5.945   -5.911   -5.542    5.037    5.358
    5.742    6.035    6.603    7.325    7.470    7.752
            0.000000  0.311769  0.000000
  -18.445  -18.289   -8.570   -8.504   -6.677   -5.851   -5.817   -5.684    4.866    5.261
    5.954    6.290    6.429    7.355    7.481    7.594
            0.000000  0.300222  0.000000
  -18.568  -18.410   -8.305   -8.241   -6.822   -5.821   -5.755   -5.721    4.700    5.114
    6.216    6.251    6.554    7.333    7.447    7.521
            0.000000  0.288675  0.000000
  -18.686  -18.527   -8.040   -7.979   -6.962   -5.955   -5.656   -5.622    4.539    4.961
    6.086    6.486    6.802    7.208    7.419    7.521
            0.000000  0.277128  0.000000
  -18.800  -18.640   -7.777   -7.718   -7.097   -6.084   -5.555   -5.522    4.385    4.811
    5.927    6.745    7.022    7.074    7.369    7.551
            0.000000  0.265581  0.000000
  -18.910  -18.749   -7.516   -7.459   -7.227   -6.208   -5.452   -5.419    4.237    4.664
    5.774    6.864    7.062    7.133    7.404    7.601
            0.000000  0.254034  0.000000
  -19.015  -18.853   -7.353   -7.256   -7.202   -6.328   -5.347   -5.314    4.095    4.523
    5.628    6.746    7.046    7.316    7.545    7.698
            0.000000  0.242487  0.000000
  -19.116  -18.952   -7.473   -7.001   -6.948   -6.443   -5.241   -5.209    3.959    4.388
    5.488    6.613    6.941    7.558    7.624    7.829
            0.000000  0.230940  0.000000
  -19.212  -19.047   -7.587   -6.748   -6.698   -6.553   -5.134   -5.102    3.829    4.258
    5.354    6.483    6.830    7.667    7.757    7.915
            0.000000  0.219393  0.000000
  -19.303  -19.138   -7.697   -6.659   -6.499   -6.451   -5.026   -4.995    3.706    4.135
    5.228    6.358    6.719    7.707    7.829    8.112
            0.000000  0.207846  0.000000
  -19.390  -19.224   -7.801   -6.759   -6.254   -6.209   -4.918   -4.888    3.589    4.017
    5.107    6.239    6.612    7.741    7.860    8.317
            0.000000  0.196299  0.000000
  -19.472  -19.305   -7.900   -6.854   -6.016   -5.972   -4.811   -4.781    3.478    3.906
    4.993    6.127    6.510    7.772    7.881    8.329
            0.000000  0.184752  0.000000
  -19.550  -19.382   -7.993   -6.944   -5.783   -5.741   -4.705   -4.675    3.373    3.801
    4.885    6.021    6.412    7.798    7.896    8.254
            0.000000  0.173205  0.000000
  -19.623  -19.454   -8.081   -7.028   -5.557   -5.518   -4.600   -4.570    3.275    3.703
    4.784    5.921    6.320    7.822    7.904    8.176
            0.000000  0.161658  0.000000
  -19.691  -19.522   -8.163   -7.107   -5.339   -5.302   -4.497   -4.468    3.183    3.610
    4.690    5.827    6.233    7.839    7.904    8.106
            0.000000  0.150111  0.000000
  -19.755  -19.585   -8.240   -7.181   -5.130   -5.094   -4.396   -4.368    3.098    3.524
    4.602    5.740    6.153    7.850    7.891    8.050
            0.000000  0.138564  0.000000
  -19.814  -19.643   -8.311   -7.250   -4.929   -4.896   -4.299   -4.271    3.019    3.444
    4.521    5.659    6.078    7.841    7.877    8.013
            0.000000  0.127017  0.000000
  -19.868  -19.697   -8.377   -7.313   -4.740   -4.709   -4.206   -4.179    2.946    3.371
    4.446    5.585    6.008    7.801    7.877    7.990
            0.000000  0.115470  0.000000
  -19.918  -19.746   -8.437   -7.371   -4.563   -4.533   -4.117   -4.091    2.879    3.304
    4.377    5.517    5.945    7.754    7.877    7.973
            0.000000  0.103923  0.000000
  -19.963  -19.790   -8.491   -7.424   -4.398   -4.369   -4.034   -4.008    2.819    3.243
    4.315    5.456    5.888    7.705    7.876    7.958
            0.000000  0.092376  0.000000
  -20.003  -19.830   -8.540   -7.471   -4.247   -4.220   -3.957   -3.932    2.765    3.189
    4.260    5.401    5.837    7.659    7.871    7.943
            0.000000  0.080829  0.000000
  -20.038  -19.865   -8.583   -7.512   -4.111   -4.085   -3.887   -3.863    2.718    3.141
    4.211    5.352    5.791    7.618    7.864    7.928
            0.000000  0.069282  0.000000
  -20.069  -19.896   -8.620   -7.548   -3.990   -3.965   -3.825   -3.801    2.676    3.100
    4.169    5.310    5.752    7.582    7.857    7.912
            0.000000  0.057735  0.000000
  -20.095  -19.922   -8.652   -7.579   -3.886   -3.862   -3.771   -3.747    2.641    3.064
    4.133    5.275    5.719    7.552    7.848    7.899
            0.000000  0.046188  0.000000
  -20.116  -19.943   -8.678   -7.604   -3.799   -3.776   -3.725   -3.702    2.613    3.036
    4.103    5.246    5.692    7.526    7.840    7.885
            0.000000  0.034641  0.000000
  -20.133  -19.959   -8.698   -7.623   -3.731   -3.708   -3.689   -3.667    2.591    3.013
    4.081    5.223    5.670    7.506    7.833    7.877
            0.000000  0.023094  0.000000
  -20.145  -19.971   -8.712   -7.637   -3.682   -3.663   -3.659   -3.641    2.575    2.997
    4.064    5.207    5.655    7.493    7.828    7.864
            0.000000  0.011547  0.000000
  -20.152  -19.978   -8.721   -7.645   -3.653   -3.648   -3.630   -3.626    2.565    2.988
    4.054    5.197    5.646    7.484    7.824    7.833
            0.000000  0.000000  0.000000
  -20.154  -19.980   -8.724   -7.648   -3.643   -3.643   -3.620   -3.620    2.562    2.985
    4.051    5.194    5.643    7.481    7.822    7.822
