    0.000000000   -2.125199035   -2.082203241
    0.037080000   -2.122067912   -2.079274719
    0.074160000   -2.112705392   -2.070514023
    0.111240000   -2.097202991   -2.055995271
    0.148320000   -2.075709882   -2.035840391
    0.185400000   -2.048428207   -2.010216836
    0.222480000   -2.015607164   -1.979334589
    0.259560000   -1.977536381   -1.943442665
    0.296640000   -1.934539159   -1.902825304
    0.333720000   -1.886966101   -1.857798058
    0.370800000   -1.835189556   -1.808703962
    0.407880000   -1.779599172   -1.755909885
    0.444960000   -1.720598702   -1.699803142
    0.482040000   -1.658604029   -1.640788319
    0.519120000   -1.594042212   -1.579284236
    0.556200000   -1.527351201   -1.515720875
    0.593280000   -1.458979740   -1.450536100
    0.630360000   -1.389386886   -1.384171968
    0.667440000   -1.319040543   -1.317070499
    0.704520000   -1.248414467   -1.249668810
    0.741600000   -1.177983301   -1.182393633
    0.778680000   -1.108215470   -1.115655331
    0.815760000   -1.039564019   -1.049841643
    0.852840000   -0.972455840   -0.985311437
    0.889920000   -0.907280081   -0.922388845
    0.927000000   -0.844376748   -0.861358128
    0.964080000   -0.784026717   -0.802459633
    1.001160000   -0.726444289   -0.745887091
    1.038240000   -0.671773256   -0.691786481
    1.075320000   -0.620087066   -0.640256499
    1.112400000   -0.571393183   -0.591350630
    1.149480000   -0.525641231   -0.545080655
    1.186560000   -0.482734023   -0.501421358
    1.223640000   -0.442540264   -0.460316123
    1.260720000   -0.404907535   -0.421683059
    1.297800000   -0.369674253   -0.385421281
    1.334880000   -0.336679547   -0.351416993
    1.371960000   -0.305770405   -0.319549059
    1.409040000   -0.276805887   -0.289693804
    1.446120000   -0.249658662   -0.261728900
    1.483200000   -0.224214454   -0.235536242
    1.520280000   -0.200370141   -0.211003835
    1.557360000   -0.178031329   -0.188026795
    1.594440000   -0.157110032   -0.166507603
    1.631520000   -0.137522915   -0.146355828
    1.668600000   -0.119190275   -0.127487501
    1.705680000   -0.102035707   -0.109824347
    1.742760000   -0.085986248   -0.093293029
    1.779840000   -0.070972726   -0.077824491
    1.816920000   -0.056930057   -0.063353484
    1.854000000   -0.043797329   -0.049818252
    1.891080000   -0.031517630   -0.037160356
    1.928160000   -0.020037670   -0.025324592
    1.965240000   -0.009307311   -0.014258937
    2.002320000    0.000720850   -0.003914479
    2.039400000    0.010091756    0.005754689
    2.076480000    0.018847991    0.014791624
    2.113560000    0.027029735    0.023236714
    2.150640000    0.034674649    0.031127883
    2.187720000    0.041817805    0.038500771
    2.224800000    0.048491706    0.045388891
    2.261880000    0.054726465    0.051823755
    2.298960000    0.060550093    0.057834956
    2.336040000    0.065988850    0.063450238
    2.373120000    0.071067565    0.068695568
    2.410200000    0.075809866    0.073595203
    2.447280000    0.080238259    0.078171792
    2.484360000    0.084374080    0.082446477
    2.521440000    0.088237359    0.086439021
    2.558520000    0.091846665    0.090167916
    2.595600000    0.095219019    0.093650491
    2.632680000    0.098369911    0.096902987
    2.669760000    0.101313452    0.099940620
    2.706840000    0.104062618    0.102777619
    2.743920000    0.106629535    0.105427265
    2.781000000    0.109025734    0.107901920
    2.818080000    0.111262320    0.110213087
    2.855160000    0.113350013    0.112371462
    2.892240000    0.115299093    0.114387017
    2.929320000    0.117119254    0.116269071
    2.966400000    0.118819468    0.118026368
    3.003480000    0.120407885    0.119667131
    3.040560000    0.121891831    0.121199103
    3.077640000    0.123277898    0.122629561
    3.114720000    0.124572118    0.123965328
    3.151800000    0.125780155    0.125212769
    3.188880000    0.126907480    0.126377797
    3.225960000    0.127959459    0.127465888
    3.263040000    0.128941362    0.128482113
    3.300120000    0.129858278    0.129431175
    3.337200000    0.130714987    0.130317461
    3.374280000    0.131515825    0.131145080
    3.411360000    0.132264614    0.131917898
    3.448440000    0.132964653    0.132639560
    3.485520000    0.133618806    0.133313494
    3.522600000    0.134229646    0.133942907
    3.559680000    0.134799615    0.134530783
    3.596760000    0.135331157    0.135079876
    3.633840000    0.135826788    0.135592721
    3.670920000    0.136289085    0.136071656
    3.708000000    0.136720600    0.136518847
    3.745080000    0.137123742    0.136936324
    3.782160000    0.137500664    0.137326004
    3.819240000    0.137853190    0.137689716
    3.856320000    0.138182814    0.138029208
    3.893400000    0.138490770    0.138346136
    3.930480000    0.138778142    0.138642062
    3.967560000    0.139045998    0.138918431
    4.004640000    0.139295486    0.139176570
    4.041720000    0.139527878    0.139417685
    4.078800000    0.139744542    0.139642872
    4.115880000    0.139946859    0.139853138
    4.152960000    0.140136116    0.140049425
    4.190040000    0.140313402    0.140232626
    4.227120000    0.140479552    0.140403603
    4.264200000    0.140635156    0.140563187
    4.301280000    0.140780621    0.140712172
    4.338360000    0.140916278    0.140851305
    4.375440000    0.141042493    0.140981269
    4.412520000    0.141159754    0.141102681
    4.449600000    0.141268697    0.141216089
    4.486680000    0.141370076    0.141321979
    4.523760000    0.141464688    0.141420799
    4.560840000    0.141553267    0.141512970
    4.597920000    0.141636400    0.141598907
    4.635000000    0.141714475    0.141679024
    4.672080000    0.141787694    0.141753735
    4.709160000    0.141856128    0.141823443
    4.746240000    0.141919814    0.141888533
    4.783320000    0.141978849    0.141949349
    4.820400000    0.142033458    0.142006192
    4.857480000    0.142084012    0.142059317
    4.894560000    0.142130991    0.142108943
    4.931640000    0.142174913    0.142155262
    4.968720000    0.142216238    0.142198457
    5.005800000    0.142255292    0.142238716
    5.042880000    0.142292226    0.142276236
    5.079960000    0.142327034    0.142311224
    5.117040000    0.142359611    0.142343884
    5.154120000    0.142389837    0.142374410
    5.191200000    0.142417665    0.142402971
    5.228280000    0.142443182    0.142429702
    5.265360000    0.142466614    0.142454710
    5.302440000    0.142488296    0.142478076
    5.339520000    0.142508595    0.142499867
    5.376600000    0.142527830    0.142520154
    5.413680000    0.142546199    0.142539021
    5.450760000    0.142563750    0.142556567
    5.487840000    0.142580396    0.142572905
    5.524920000    0.142595973    0.142588155
    5.562000000    0.142610319    0.142602428
    5.599080000    0.142623349    0.142615816
    5.636160000    0.142635104    0.142628387
    5.673240000    0.142645759    0.142640182
    5.710320000    0.142655581    0.142651225
    5.747400000    0.142664862    0.142661530
    5.784480000    0.142673841    0.142671117
    5.821560000    0.142682642    0.142680021
    5.858640000    0.142691252    0.142688292
    5.895720000    0.142699538    0.142695997
    5.932800000    0.142707302    0.142703205
    5.969880000    0.142714361    0.142709984
    6.006960000    0.142720610    0.142716381
    6.044040000    0.142726068    0.142722426
    6.081120000    0.142730876    0.142728125
    6.118200000    0.142735263    0.142733470
    6.155280000    0.142739473    0.142738453
    6.192360000    0.142743701    0.142743069
    6.229440000    0.142748030    0.142747331
    6.266520000    0.142752420    0.142751270
    6.303600000    0.142756725    0.142754933
    6.340680000    0.142760747    0.142758369
    6.377760000    0.142764308    0.142761626
    6.414840000    0.142767309    0.142764734
    6.451920000    0.142769770    0.142767708
    6.489000000    0.142771824    0.142770540
    6.526080000    0.142773677    0.142773211
    6.563160000    0.142775549    0.142775703
    6.600240000    0.142777600    0.142778003
    6.637320000    0.142779888    0.142780115
    6.674400000    0.142782354    0.142782058
    6.711480000    0.142784842    0.142783867
    6.748560000    0.142787155    0.142785580
    6.785640000    0.142789120    0.142787231
    6.822720000    0.142790646    0.142788841
    6.859800000    0.142791754    0.142790412
    6.896880000    0.142792569    0.142791928
    6.933960000    0.142793285    0.142793367
    6.971040000    0.142794097    0.142794704
    7.008120000    0.142795148    0.142795923
    7.045200000    0.142796476    0.142797026
    7.082280000    0.142798013    0.142798028
    7.119360000    0.142799604    0.142798960
    7.156440000    0.142801059    0.142799854
    7.193520000    0.142802221    0.142800739
    7.230600000    0.142803009    0.142801631
    7.267680000    0.142803453    0.142802527
    7.304760000    0.142803676    0.142803411
    7.341840000    0.142803863    0.142804258
    7.378920000    0.142804195    0.142805042
    7.416000000    0.142804795    0.142805749
    7.453080000    0.142805688    0.142806377
    7.490160000    0.142806798    0.142806942
    7.527240000    0.142807969    0.142807469
    7.564320000    0.142809020    0.142807989
    7.601400000    0.142809802    0.142808524
    7.638480000    0.142810247    0.142809086
    7.675560000    0.142810389    0.142809671
    7.712640000    0.142810351    0.142810258
    7.749720000    0.142810309    0.142810823
    7.786800000    0.142810430    0.142811342
    7.823880000    0.142810823    0.142811799
    7.860960000    0.142811503    0.142812194
    7.898040000    0.142812389    0.142812543
    7.935120000    0.142813327    0.142812869
    7.972200000    0.142814147    0.142813200
    8.009280000    0.142814710    0.142813557
    8.046360000    0.142814962    0.142813951
    8.083440000    0.142814941    0.142814373
    8.120520000    0.142814774    0.142814806
    8.157600000    0.142814626    0.142815224
    8.194680000    0.142814656    0.142815604
    8.231760000    0.142814960    0.142815933
    8.268840000    0.142815542    0.142816211
    8.305920000    0.142816315    0.142816452
    8.343000000    0.142817131    0.142816680
    8.380080000    0.142817824    0.142816921
    8.417160000    0.142818269    0.142817193
    8.454240000    0.142818419    0.142817504
    8.491320000    0.142818320    0.142817845
    8.528400000    0.142818096    0.142818198
    8.565480000    0.142817908    0.142818537
    8.602560000    0.142817903    0.142818842
    8.639640000    0.142818167    0.142819099
    8.676720000    0.142818694    0.142819310
    8.713800000    0.142819397    0.142819490
    8.750880000    0.142820127    0.142819663
    8.787960000    0.142820729    0.142819851
    8.825040000    0.142821088    0.142820073
    8.862120000    0.142821167    0.142820333
    8.899200000    0.142821017    0.142820624
    8.936280000    0.142820763    0.142820927
    8.973360000    0.142820559    0.142821216
    9.010440000    0.142820544    0.142821473
    9.047520000    0.142820792    0.142821685
    9.084600000    0.142821291    0.142821856
    9.121680000    0.142821949    0.142822001
    9.158760000    0.142822622    0.142822141
    9.195840000    0.142823161    0.142822300
    9.232920000    0.142823461    0.142822494
    9.270000000    0.142823493    0.142822725
    9.307080000    0.142823313    0.142822985
    9.344160000    0.142823047    0.142823255
    9.381240000    0.142822843    0.142823511
    9.418320000    0.142822830    0.142823734
    9.455400000    0.142823072    0.142823915
    9.492480000    0.142823552    0.142824058
    9.529560000    0.142824173    0.142824177
    9.566640000    0.142824795    0.142824295
    9.603720000    0.142825278    0.142824433
    9.640800000    0.142825525    0.142824606
    9.677880000    0.142825516    0.142824815
    9.714960000    0.142825314    0.142825051
    9.752040000    0.142825043    0.142825293
    9.789120000    0.142824847    0.142825518
    9.826200000    0.142824844    0.142825706
    9.863280000    0.142825088    0.142825850
    9.900360000    0.142825552    0.142825951
    9.937440000    0.142826135    0.142826025
    9.974520000    0.142826696    0.142826092
   10.011600000    0.142827097    0.142826173
   10.048680000    0.142827249    0.142826280
   10.085760000    0.142827141    0.142826417
   10.122840000    0.142826841    0.142826572
   10.159920000    0.142826475    0.142826728
   10.197000000    0.142826187    0.142826864
   10.234080000    0.142826093    0.142826965
   10.271160000    0.142826246    0.142827023
   10.308240000    0.142826617    0.142827046
   10.345320000    0.142827107    0.142827050
   10.382400000    0.142827580    0.142827057
   10.419480000    0.142827905    0.142827086
   10.456560000    0.142828001    0.142827151
   10.493640000    0.142827860    0.142827251
   10.530720000    0.142827550    0.142827376
   10.567800000    0.142827194    0.142827507
   10.604880000    0.142826927    0.142827623
   10.641960000    0.142826856    0.142827708
   10.679040000    0.142827024    0.142827756
   10.716120000    0.142827397    0.142827773
   10.753200000    0.142827873    0.142827773
   10.790280000    0.142828321    0.142827778
   10.827360000    0.142828616    0.142827807
   10.864440000    0.142828684    0.142827870
   10.901520000    0.142828526    0.142827967
   10.938600000    0.142828213    0.142828087
   10.975680000    0.142827867    0.142828210
   11.012760000    0.142827618    0.142828318
   11.049840000    0.142827566    0.142828394
   11.086920000    0.142827746    0.142828435
   11.124000000    0.142828118    0.142828446
   11.161080000    0.142828581    0.142828443
   11.198160000    0.142829004    0.142828446
   11.235240000    0.142829271    0.142828474
   11.272320000    0.142829315    0.142828535
   11.309400000    0.142829142    0.142828628
   11.346480000    0.142828826    0.142828743
   11.383560000    0.142828489    0.142828860
   11.420640000    0.142828257    0.142828959
   11.457720000    0.142828222    0.142829028
   11.494800000    0.142828413    0.142829062
   11.531880000    0.142828785    0.142829068
   11.568960000    0.142829235    0.142829062
   11.606040000    0.142829636    0.142829064
   11.643120000    0.142829877    0.142829091
   11.680200000    0.142829899    0.142829150
   11.717280000    0.142829712    0.142829241
   11.754360000    0.142829395    0.142829351
   11.791440000    0.142829067    0.142829462
   11.828520000    0.142828851    0.142829554
   11.865600000    0.142828832    0.142829616
   11.902680000    0.142829033    0.142829644
   11.939760000    0.142829404    0.142829645
   11.976840000    0.142829842    0.142829637
   12.013920000    0.142830222    0.142829637
   12.051000000    0.142830438    0.142829663
   12.088080000    0.142830438    0.142829721
   12.125160000    0.142830238    0.142829809
   12.162240000    0.142829919    0.142829914
   12.199320000    0.142829601    0.142830019
   12.236400000    0.142829400    0.142830104
   12.273480000    0.142829397    0.142830159
   12.310560000    0.142829607    0.142830181
   12.347640000    0.142829977    0.142830178
   12.384720000    0.142830403    0.142830167
   12.421800000    0.142830762    0.142830167
   12.458880000    0.142830955    0.142830191
   12.495960000    0.142830934    0.142830248
   12.533040000    0.142830723    0.142830333
   12.570120000    0.142830404    0.142830435
   12.607200000    0.142830095    0.142830533
   12.644280000    0.142829909    0.142830612
   12.681360000    0.142829920    0.142830661
   12.718440000    0.142830139    0.142830677
   12.755520000    0.142830508    0.142830671
   12.792600000    0.142830921    0.142830657
   12.829680000    0.142831261    0.142830655
   12.866760000    0.142831431    0.142830679
   12.903840000    0.142831391    0.142830734
   12.940920000    0.142831169    0.142830817
   12.978000000    0.142830849    0.142830914
   13.015080000    0.142830549    0.142831007
   13.052160000    0.142830378    0.142831080
   13.089240000    0.142830403    0.142831122
   13.126320000    0.142830630    0.142831133
   13.163400000    0.142830997    0.142831123
   13.200480000    0.142831399    0.142831107
   13.237560000    0.142831719    0.142831104
   13.274640000    0.142831867    0.142831127
   13.311720000    0.142831809    0.142831181
   13.348800000    0.142831576    0.142831262
   13.385880000    0.142831257    0.142831354
   13.422960000    0.142830965    0.142831442
   13.460040000    0.142830808    0.142831509
   13.497120000    0.142830847    0.142831545
   13.534200000    0.142831081    0.142831551
   13.571280000    0.142831447    0.142831537
   13.608360000    0.142831837    0.142831519
   13.645440000    0.142832138    0.142831515
   13.682520000    0.142832265    0.142831537
   13.719600000    0.142832189    0.142831590
   13.756680000    0.142831947    0.142831668
   13.793760000    0.142831627    0.142831757
   13.830840000    0.142831345    0.142831839
   13.867920000    0.142831202    0.142831900
   13.905000000    0.142831254    0.142831931
   13.942080000    0.142831495    0.142831932
   13.979160000    0.142831858    0.142831914
   14.016240000    0.142832237    0.142831895
   14.053320000    0.142832519    0.142831890
   14.090400000    0.142832626    0.142831911
   14.127480000    0.142832533    0.142831963
   14.164560000    0.142832282    0.142832038
   14.201640000    0.142831963    0.142832123
   14.238720000    0.142831690    0.142832200
   14.275800000    0.142831560    0.142832255
   14.312880000    0.142831624    0.142832280
   14.349960000    0.142831872    0.142832277
   14.387040000    0.142832233    0.142832256
   14.424120000    0.142832600    0.142832234
   14.461200000    0.142832864    0.142832228
   14.498280000    0.142832951    0.142832249
   14.535360000    0.142832842    0.142832299
   14.572440000    0.142832582    0.142832372
   14.609520000    0.142832264    0.142832453
   14.646600000    0.142832000    0.142832525
   14.683680000    0.142831883    0.142832575
   14.720760000    0.142831960    0.142832594
   14.757840000    0.142832214    0.142832586
   14.794920000    0.142832572    0.142832562
   14.832000000    0.142832927    0.142832539
   14.869080000    0.142833174    0.142832532
   14.906160000    0.142833241    0.142832552
   14.943240000    0.142833116    0.142832601
   14.980320000    0.142832848    0.142832671
   15.017400000    0.142832531    0.142832749
   15.054480000    0.142832276    0.142832816
   15.091560000    0.142832172    0.142832860
   15.128640000    0.142832261    0.142832874
   15.165720000    0.142832520    0.142832862
   15.202800000    0.142832876    0.142832835
   15.239880000    0.142833219    0.142832810
   15.276960000    0.142833448    0.142832802
   15.314040000    0.142833497    0.142832821
   15.351120000    0.142833357    0.142832869
   15.388200000    0.142833081    0.142832937
   15.425280000    0.142832766    0.142833010
   15.462360000    0.142832519    0.142833073
   15.499440000    0.142832428    0.142833111
   15.536520000    0.142832528    0.142833120
   15.573600000    0.142832793    0.142833104
   15.610680000    0.142833145    0.142833074
   15.647760000    0.142833477    0.142833047
   15.684840000    0.142833689    0.142833038
   15.721920000    0.142833719    0.142833057
   15.759000000    0.142833564    0.142833103
   15.796080000    0.142833281    0.142833169
   15.833160000    0.142832968    0.142833239
   15.870240000    0.142832730    0.142833297
   15.907320000    0.142832651    0.142833330
   15.944400000    0.142832762    0.142833334
   15.981480000    0.142833033    0.142833313
   16.018560000    0.142833382    0.142833280
   16.055640000    0.142833702    0.142833252
   16.092720000    0.142833897    0.142833242
   16.129800000    0.142833909    0.142833260
   16.166880000    0.142833740    0.142833305
   16.203960000    0.142833450    0.142833369
   16.241040000    0.142833138    0.142833435
   16.278120000    0.142832909    0.142833488
   16.315200000    0.142832843    0.142833516
   16.352280000    0.142832965    0.142833515
   16.389360000    0.142833240    0.142833490
   16.426440000    0.142833585    0.142833454
   16.463520000    0.142833894    0.142833424
   16.500600000    0.142834072    0.142833414
   16.537680000    0.142834066    0.142833431
   16.574760000    0.142833883    0.142833475
   16.611840000    0.142833586    0.142833536
   16.648920000    0.142833277    0.142833599
   16.686000000    0.142833057    0.142833647
   16.723080000    0.142833003    0.142833670
   16.760160000    0.142833135    0.142833664
   16.797240000    0.142833415    0.142833635
   16.834320000    0.142833757    0.142833597
   16.871400000    0.142834054    0.142833565
   16.908480000    0.142834214    0.142833554
   16.945560000    0.142834190    0.142833571
   16.982640000    0.142833994    0.142833613
   17.019720000    0.142833691    0.142833672
   17.056800000    0.142833384    0.142833731
   17.093880000    0.142833174    0.142833775
   17.130960000    0.142833132    0.142833792
   17.168040000    0.142833275    0.142833781
   17.205120000    0.142833559    0.142833749
   17.242200000    0.142833896    0.142833708
   17.279280000    0.142834181    0.142833675
   17.316360000    0.142834325    0.142833663
   17.353440000    0.142834284    0.142833679
   17.390520000    0.142834074    0.142833720
   17.427600000    0.142833765    0.142833776
   17.464680000    0.142833461    0.142833832
   17.501760000    0.142833260    0.142833871
   17.538840000    0.142833230    0.142833883
   17.575920000    0.142833383    0.142833868
   17.613000000    0.142833671    0.142833831
   17.650080000    0.142834005    0.142833788
   17.687160000    0.142834278    0.142833753
   17.724240000    0.142834404    0.142833741
   17.761320000    0.142834346    0.142833756
   17.798400000    0.142834123    0.142833796
   17.835480000    0.142833809    0.142833850
   17.872560000    0.142833507    0.142833902
   17.909640000    0.142833316    0.142833936
   17.946720000    0.142833298    0.142833943
   17.983800000    0.142833460    0.142833923
   18.020880000    0.142833752    0.142833883
   18.057960000    0.142834081    0.142833837
   18.095040000    0.142834342    0.142833801
   18.132120000    0.142834452    0.142833788
   18.169200000    0.142834376    0.142833802
   18.206280000    0.142834141    0.142833841
   18.243360000    0.142833822    0.142833893
   18.280440000    0.142833523    0.142833941
   18.317520000    0.142833341    0.142833971
   18.354600000    0.142833336    0.142833973
   18.391680000    0.142833508    0.142833948
   18.428760000    0.142833804    0.142833904
   18.465840000    0.142834128    0.142833856
   18.502920000    0.142834377    0.142833818
   18.540000000    0.142834469    0.142833804
   18.577080000    0.142834377    0.142833818
   18.614160000    0.142834128    0.142833856
   18.651240000    0.142833804    0.142833904
   18.688320000    0.142833508    0.142833948
   18.725400000    0.142833336    0.142833973
   18.762480000    0.142833341    0.142833971
   18.799560000    0.142833523    0.142833941
   18.836640000    0.142833822    0.142833893
   18.873720000    0.142834141    0.142833841
   18.910800000    0.142834376    0.142833802
   18.947880000    0.142834452    0.142833788
   18.984960000    0.142834342    0.142833801
   19.022040000    0.142834081    0.142833837
   19.059120000    0.142833752    0.142833883
   19.096200000    0.142833460    0.142833923
   19.133280000    0.142833298    0.142833943
   19.170360000    0.142833316    0.142833936
   19.207440000    0.142833507    0.142833902
   19.244520000    0.142833809    0.142833850
   19.281600000    0.142834123    0.142833796
   19.318680000    0.142834346    0.142833756
   19.355760000    0.142834404    0.142833741
   19.392840000    0.142834278    0.142833753
   19.429920000    0.142834005    0.142833788
   19.467000000    0.142833671    0.142833831
   19.504080000    0.142833383    0.142833868
   19.541160000    0.142833230    0.142833883
   19.578240000    0.142833260    0.142833871
   19.615320000    0.142833461    0.142833832
   19.652400000    0.142833765    0.142833776
   19.689480000    0.142834074    0.142833720
   19.726560000    0.142834284    0.142833679
   19.763640000    0.142834325    0.142833663
   19.800720000    0.142834181    0.142833675
   19.837800000    0.142833896    0.142833708
   19.874880000    0.142833559    0.142833749
   19.911960000    0.142833275    0.142833781
   19.949040000    0.142833132    0.142833792
   19.986120000    0.142833174    0.142833775
   20.023200000    0.142833384    0.142833731
   20.060280000    0.142833691    0.142833672
   20.097360000    0.142833994    0.142833613
   20.134440000    0.142834190    0.142833571
   20.171520000    0.142834214    0.142833554
   20.208600000    0.142834054    0.142833565
   20.245680000    0.142833757    0.142833597
   20.282760000    0.142833415    0.142833635
   20.319840000    0.142833135    0.142833664
   20.356920000    0.142833003    0.142833670
   20.394000000    0.142833057    0.142833647
   20.431080000    0.142833277    0.142833599
   20.468160000    0.142833586    0.142833536
   20.505240000    0.142833883    0.142833475
   20.542320000    0.142834066    0.142833431
   20.579400000    0.142834072    0.142833414
   20.616480000    0.142833894    0.142833424
   20.653560000    0.142833585    0.142833454
   20.690640000    0.142833240    0.142833490
   20.727720000    0.142832965    0.142833515
   20.764800000    0.142832843    0.142833516
   20.801880000    0.142832909    0.142833488
   20.838960000    0.142833138    0.142833435
   20.876040000    0.142833450    0.142833369
   20.913120000    0.142833740    0.142833305
   20.950200000    0.142833909    0.142833260
   20.987280000    0.142833897    0.142833242
   21.024360000    0.142833702    0.142833252
   21.061440000    0.142833382    0.142833280
   21.098520000    0.142833033    0.142833313
   21.135600000    0.142832762    0.142833334
   21.172680000    0.142832651    0.142833330
   21.209760000    0.142832730    0.142833297
   21.246840000    0.142832968    0.142833239
   21.283920000    0.142833281    0.142833169
   21.321000000    0.142833564    0.142833103
   21.358080000    0.142833719    0.142833057
   21.395160000    0.142833689    0.142833038
   21.432240000    0.142833477    0.142833047
   21.469320000    0.142833145    0.142833074
   21.506400000    0.142832793    0.142833104
   21.543480000    0.142832528    0.142833120
   21.580560000    0.142832428    0.142833111
   21.617640000    0.142832519    0.142833073
   21.654720000    0.142832766    0.142833010
   21.691800000    0.142833081    0.142832937
   21.728880000    0.142833357    0.142832869
   21.765960000    0.142833497    0.142832821
   21.803040000    0.142833448    0.142832802
   21.840120000    0.142833219    0.142832810
   21.877200000    0.142832876    0.142832835
   21.914280000    0.142832520    0.142832862
   21.951360000    0.142832261    0.142832874
   21.988440000    0.142832172    0.142832860
   22.025520000    0.142832276    0.142832816
   22.062600000    0.142832531    0.142832749
   22.099680000    0.142832848    0.142832671
   22.136760000    0.142833116    0.142832601
   22.173840000    0.142833241    0.142832552
   22.210920000    0.142833174    0.142832532
   22.248000000    0.142832927    0.142832539
   22.285080000    0.142832572    0.142832562
   22.322160000    0.142832214    0.142832586
   22.359240000    0.142831960    0.142832594
   22.396320000    0.142831883    0.142832575
   22.433400000    0.142832000    0.142832525
   22.470480000    0.142832264    0.142832453
   22.507560000    0.142832582    0.142832372
   22.544640000    0.142832842    0.142832299
   22.581720000    0.142832951    0.142832249
   22.618800000    0.142832864    0.142832228
   22.655880000    0.142832600    0.142832234
   22.692960000    0.142832233    0.142832256
   22.730040000    0.142831872    0.142832277
   22.767120000    0.142831624    0.142832280
   22.804200000    0.142831560    0.142832255
   22.841280000    0.142831690    0.142832200
   22.878360000    0.142831963    0.142832123
   22.915440000    0.142832282    0.142832038
   22.952520000    0.142832533    0.142831963
   22.989600000    0.142832626    0.142831911
   23.026680000    0.142832519    0.142831890
   23.063760000    0.142832237    0.142831895
   23.100840000    0.142831858    0.142831914
   23.137920000    0.142831495    0.142831932
   23.175000000    0.142831254    0.142831931
   23.212080000    0.142831202    0.142831900
   23.249160000    0.142831345    0.142831839
   23.286240000    0.142831627    0.142831757
   23.323320000    0.142831947    0.142831668
   23.360400000    0.142832189    0.142831590
   23.397480000    0.142832265    0.142831537
   23.434560000    0.142832138    0.142831515
   23.471640000    0.142831837    0.142831519
   23.508720000    0.142831447    0.142831537
   23.545800000    0.142831081    0.142831551
   23.582880000    0.142830847    0.142831545
   23.619960000    0.142830808    0.142831509
   23.657040000    0.142830965    0.142831442
   23.694120000    0.142831257    0.142831354
   23.731200000    0.142831576    0.142831262
   23.768280000    0.142831809    0.142831181
   23.805360000    0.142831867    0.142831127
   23.842440000    0.142831719    0.142831104
   23.879520000    0.142831399    0.142831107
   23.916600000    0.142830997    0.142831123
   23.953680000    0.142830630    0.142831133
   23.990760000    0.142830403    0.142831122
   24.027840000    0.142830378    0.142831080
   24.064920000    0.142830549    0.142831007
   24.102000000    0.142830849    0.142830914
   24.139080000    0.142831169    0.142830817
   24.176160000    0.142831391    0.142830734
   24.213240000    0.142831431    0.142830679
   24.250320000    0.142831261    0.142830655
   24.287400000    0.142830921    0.142830657
   24.324480000    0.142830508    0.142830671
   24.361560000    0.142830139    0.142830677
   24.398640000    0.142829920    0.142830661
   24.435720000    0.142829909    0.142830612
   24.472800000    0.142830095    0.142830533
   24.509880000    0.142830404    0.142830435
   24.546960000    0.142830723    0.142830333
   24.584040000    0.142830934    0.142830248
   24.621120000    0.142830955    0.142830191
   24.658200000    0.142830762    0.142830167
   24.695280000    0.142830403    0.142830167
   24.732360000    0.142829977    0.142830178
   24.769440000    0.142829607    0.142830181
   24.806520000    0.142829397    0.142830159
   24.843600000    0.142829400    0.142830104
   24.880680000    0.142829601    0.142830019
   24.917760000    0.142829919    0.142829914
   24.954840000    0.142830238    0.142829809
   24.991920000    0.142830438    0.142829721
   25.029000000    0.142830438    0.142829663
   25.066080000    0.142830222    0.142829637
   25.103160000    0.142829842    0.142829637
   25.140240000    0.142829404    0.142829645
   25.177320000    0.142829033    0.142829644
   25.214400000    0.142828832    0.142829616
   25.251480000    0.142828851    0.142829554
   25.288560000    0.142829067    0.142829462
   25.325640000    0.142829395    0.142829351
   25.362720000    0.142829712    0.142829241
   25.399800000    0.142829899    0.142829150
   25.436880000    0.142829877    0.142829091
   25.473960000    0.142829636    0.142829064
   25.511040000    0.142829235    0.142829062
   25.548120000    0.142828785    0.142829068
   25.585200000    0.142828413    0.142829062
   25.622280000    0.142828222    0.142829028
   25.659360000    0.142828257    0.142828959
   25.696440000    0.142828489    0.142828860
   25.733520000    0.142828826    0.142828743
   25.770600000    0.142829142    0.142828628
   25.807680000    0.142829315    0.142828535
   25.844760000    0.142829271    0.142828474
   25.881840000    0.142829004    0.142828446
   25.918920000    0.142828581    0.142828443
   25.956000000    0.142828118    0.142828446
   25.993080000    0.142827746    0.142828435
   26.030160000    0.142827566    0.142828394
   26.067240000    0.142827618    0.142828318
   26.104320000    0.142827867    0.142828210
   26.141400000    0.142828213    0.142828087
   26.178480000    0.142828526    0.142827967
   26.215560000    0.142828684    0.142827870
   26.252640000    0.142828616    0.142827807
   26.289720000    0.142828321    0.142827778
   26.326800000    0.142827873    0.142827773
   26.363880000    0.142827397    0.142827773
   26.400960000    0.142827024    0.142827756
   26.438040000    0.142826856    0.142827708
   26.475120000    0.142826927    0.142827623
   26.512200000    0.142827194    0.142827507
   26.549280000    0.142827550    0.142827376
   26.586360000    0.142827860    0.142827251
   26.623440000    0.142828001    0.142827151
   26.660520000    0.142827905    0.142827086
   26.697600000    0.142827580    0.142827057
   26.734680000    0.142827107    0.142827050
   26.771760000    0.142826617    0.142827046
   26.808840000    0.142826246    0.142827023
   26.845920000    0.142826093    0.142826965
   26.883000000    0.142826187    0.142826864
   26.920080000    0.142826475    0.142826728
   26.957160000    0.142826841    0.142826572
   26.994240000    0.142827141    0.142826417
   27.031320000    0.142827249    0.142826280
   27.068400000    0.142827097    0.142826173
   27.105480000    0.142826696    0.142826092
   27.142560000    0.142826135    0.142826025
   27.179640000    0.142825552    0.142825951
   27.216720000    0.142825088    0.142825850
   27.253800000    0.142824844    0.142825706
   27.290880000    0.142824847    0.142825518
   27.327960000    0.142825043    0.142825293
   27.365040000    0.142825314    0.142825051
   27.402120000    0.142825516    0.142824815
   27.439200000    0.142825525    0.142824606
   27.476280000    0.142825278    0.142824433
   27.513360000    0.142824795    0.142824295
   27.550440000    0.142824173    0.142824177
   27.587520000    0.142823552    0.142824058
   27.624600000    0.142823072    0.142823915
   27.661680000    0.142822830    0.142823734
   27.698760000    0.142822843    0.142823511
   27.735840000    0.142823047    0.142823255
   27.772920000    0.142823313    0.142822985
   27.810000000    0.142823493    0.142822725
   27.847080000    0.142823461    0.142822494
   27.884160000    0.142823161    0.142822300
   27.921240000    0.142822622    0.142822141
   27.958320000    0.142821949    0.142822001
   27.995400000    0.142821291    0.142821856
   28.032480000    0.142820792    0.142821685
   28.069560000    0.142820544    0.142821473
   28.106640000    0.142820559    0.142821216
   28.143720000    0.142820763    0.142820927
   28.180800000    0.142821017    0.142820624
   28.217880000    0.142821167    0.142820333
   28.254960000    0.142821088    0.142820073
   28.292040000    0.142820729    0.142819851
   28.329120000    0.142820127    0.142819663
   28.366200000    0.142819397    0.142819490
   28.403280000    0.142818694    0.142819310
   28.440360000    0.142818167    0.142819099
   28.477440000    0.142817903    0.142818842
   28.514520000    0.142817908    0.142818537
   28.551600000    0.142818096    0.142818198
   28.588680000    0.142818320    0.142817845
   28.625760000    0.142818419    0.142817504
   28.662840000    0.142818269    0.142817193
   28.699920000    0.142817824    0.142816921
   28.737000000    0.142817131    0.142816680
   28.774080000    0.142816315    0.142816452
   28.811160000    0.142815542    0.142816211
   28.848240000    0.142814960    0.142815933
   28.885320000    0.142814656    0.142815604
   28.922400000    0.142814626    0.142815224
   28.959480000    0.142814774    0.142814806
   28.996560000    0.142814941    0.142814373
   29.033640000    0.142814962    0.142813951
   29.070720000    0.142814710    0.142813557
   29.107800000    0.142814147    0.142813200
   29.144880000    0.142813327    0.142812869
   29.181960000    0.142812389    0.142812543
   29.219040000    0.142811503    0.142812194
   29.256120000    0.142810823    0.142811799
   29.293200000    0.142810430    0.142811342
   29.330280000    0.142810309    0.142810823
   29.367360000    0.142810351    0.142810258
   29.404440000    0.142810389    0.142809671
   29.441520000    0.142810247    0.142809086
   29.478600000    0.142809802    0.142808524
   29.515680000    0.142809020    0.142807989
   29.552760000    0.142807969    0.142807469
   29.589840000    0.142806798    0.142806942
   29.626920000    0.142805688    0.142806377
   29.664000000    0.142804795    0.142805749
   29.701080000    0.142804195    0.142805042
   29.738160000    0.142803863    0.142804258
   29.775240000    0.142803676    0.142803411
   29.812320000    0.142803453    0.142802527
   29.849400000    0.142803009    0.142801631
   29.886480000    0.142802221    0.142800739
   29.923560000    0.142801059    0.142799854
   29.960640000    0.142799604    0.142798960
   29.997720000    0.142798013    0.142798028
   30.034800000    0.142796476    0.142797026
   30.071880000    0.142795148    0.142795923
   30.108960000    0.142794097    0.142794704
   30.146040000    0.142793285    0.142793367
   30.183120000    0.142792569    0.142791928
   30.220200000    0.142791754    0.142790412
   30.257280000    0.142790646    0.142788841
   30.294360000    0.142789120    0.142787231
   30.331440000    0.142787155    0.142785580
   30.368520000    0.142784842    0.142783867
   30.405600000    0.142782354    0.142782058
   30.442680000    0.142779888    0.142780115
   30.479760000    0.142777600    0.142778003
   30.516840000    0.142775549    0.142775703
   30.553920000    0.142773677    0.142773211
   30.591000000    0.142771824    0.142770540
   30.628080000    0.142769770    0.142767708
   30.665160000    0.142767309    0.142764734
   30.702240000    0.142764308    0.142761626
   30.739320000    0.142760747    0.142758369
   30.776400000    0.142756725    0.142754933
   30.813480000    0.142752420    0.142751270
   30.850560000    0.142748030    0.142747331
   30.887640000    0.142743701    0.142743069
   30.924720000    0.142739473    0.142738453
   30.961800000    0.142735263    0.142733470
   30.998880000    0.142730876    0.142728125
   31.035960000    0.142726068    0.142722426
   31.073040000    0.142720610    0.142716381
   31.110120000    0.142714361    0.142709984
   31.147200000    0.142707302    0.142703205
   31.184280000    0.142699538    0.142695997
   31.221360000    0.142691252    0.142688292
   31.258440000    0.142682642    0.142680021
   31.295520000    0.142673841    0.142671117
   31.332600000    0.142664862    0.142661530
   31.369680000    0.142655581    0.142651225
   31.406760000    0.142645759    0.142640182
   31.443840000    0.142635104    0.142628387
   31.480920000    0.142623349    0.142615816
   31.518000000    0.142610319    0.142602428
   31.555080000    0.142595973    0.142588155
   31.592160000    0.142580396    0.142572905
   31.629240000    0.142563750    0.142556567
   31.666320000    0.142546199    0.142539021
   31.703400000    0.142527830    0.142520154
   31.740480000    0.142508595    0.142499867
   31.777560000    0.142488296    0.142478076
   31.814640000    0.142466614    0.142454710
   31.851720000    0.142443182    0.142429702
   31.888800000    0.142417665    0.142402971
   31.925880000    0.142389837    0.142374410
   31.962960000    0.142359611    0.142343884
   32.000040000    0.142327034    0.142311224
   32.037120000    0.142292226    0.142276236
   32.074200000    0.142255292    0.142238716
   32.111280000    0.142216238    0.142198457
   32.148360000    0.142174913    0.142155262
   32.185440000    0.142130991    0.142108943
   32.222520000    0.142084012    0.142059317
   32.259600000    0.142033458    0.142006192
   32.296680000    0.141978849    0.141949349
   32.333760000    0.141919814    0.141888533
   32.370840000    0.141856128    0.141823443
   32.407920000    0.141787694    0.141753735
   32.445000000    0.141714475    0.141679024
   32.482080000    0.141636400    0.141598907
   32.519160000    0.141553267    0.141512970
   32.556240000    0.141464688    0.141420799
   32.593320000    0.141370076    0.141321979
   32.630400000    0.141268697    0.141216089
   32.667480000    0.141159754    0.141102681
   32.704560000    0.141042493    0.140981269
   32.741640000    0.140916278    0.140851305
   32.778720000    0.140780621    0.140712172
   32.815800000    0.140635156    0.140563187
   32.852880000    0.140479552    0.140403603
   32.889960000    0.140313402    0.140232626
   32.927040000    0.140136116    0.140049425
   32.964120000    0.139946859    0.139853138
   33.001200000    0.139744542    0.139642872
   33.038280000    0.139527878    0.139417685
   33.075360000    0.139295486    0.139176570
   33.112440000    0.139045998    0.138918431
   33.149520000    0.138778142    0.138642062
   33.186600000    0.138490770    0.138346136
   33.223680000    0.138182814    0.138029208
   33.260760000    0.137853190    0.137689716
   33.297840000    0.137500664    0.137326004
   33.334920000    0.137123742    0.136936324
   33.372000000    0.136720600    0.136518847
   33.409080000    0.136289085    0.136071656
   33.446160000    0.135826788    0.135592721
   33.483240000    0.135331157    0.135079876
   33.520320000    0.134799615    0.134530783
   33.557400000    0.134229646    0.133942907
   33.594480000    0.133618806    0.133313494
   33.631560000    0.132964653    0.132639560
   33.668640000    0.132264614    0.131917898
   33.705720000    0.131515825    0.131145080
   33.742800000    0.130714987    0.130317461
   33.779880000    0.129858278    0.129431175
   33.816960000    0.128941362    0.128482113
   33.854040000    0.127959459    0.127465888
   33.891120000    0.126907480    0.126377797
   33.928200000    0.125780155    0.125212769
   33.965280000    0.124572118    0.123965328
   34.002360000    0.123277898    0.122629561
   34.039440000    0.121891831    0.121199103
   34.076520000    0.120407885    0.119667131
   34.113600000    0.118819468    0.118026368
   34.150680000    0.117119254    0.116269071
   34.187760000    0.115299093    0.114387017
   34.224840000    0.113350013    0.112371462
   34.261920000    0.111262320    0.110213087
   34.299000000    0.109025734    0.107901920
   34.336080000    0.106629535    0.105427265
   34.373160000    0.104062618    0.102777619
   34.410240000    0.101313452    0.099940620
   34.447320000    0.098369911    0.096902987
   34.484400000    0.095219019    0.093650491
   34.521480000    0.091846665    0.090167916
   34.558560000    0.088237359    0.086439021
   34.595640000    0.084374080    0.082446477
   34.632720000    0.080238259    0.078171792
   34.669800000    0.075809866    0.073595203
   34.706880000    0.071067565    0.068695568
   34.743960000    0.065988850    0.063450238
   34.781040000    0.060550093    0.057834956
   34.818120000    0.054726465    0.051823755
   34.855200000    0.048491706    0.045388891
   34.892280000    0.041817805    0.038500771
   34.929360000    0.034674649    0.031127883
   34.966440000    0.027029735    0.023236714
   35.003520000    0.018847991    0.014791624
   35.040600000    0.010091756    0.005754689
   35.077680000    0.000720850   -0.003914479
   35.114760000   -0.009307311   -0.014258937
   35.151840000   -0.020037670   -0.025324592
   35.188920000   -0.031517630   -0.037160356
   35.226000000   -0.043797329   -0.049818252
   35.263080000   -0.056930057   -0.063353484
   35.300160000   -0.070972726   -0.077824491
   35.337240000   -0.085986248   -0.093293029
   35.374320000   -0.102035707   -0.109824347
   35.411400000   -0.119190275   -0.127487501
   35.448480000   -0.137522915   -0.146355828
   35.485560000   -0.157110032   -0.166507603
   35.522640000   -0.178031329   -0.188026795
   35.559720000   -0.200370141   -0.211003835
   35.596800000   -0.224214454   -0.235536242
   35.633880000   -0.249658662   -0.261728900
   35.670960000   -0.276805887   -0.289693804
   35.708040000   -0.305770405   -0.319549059
   35.745120000   -0.336679547   -0.351416993
   35.782200000   -0.369674253   -0.385421281
   35.819280000   -0.404907535   -0.421683059
   35.856360000   -0.442540264   -0.460316123
   35.893440000   -0.482734023   -0.501421358
   35.930520000   -0.525641231   -0.545080655
   35.967600000   -0.571393183   -0.591350630
   36.004680000   -0.620087066   -0.640256499
   36.041760000   -0.671773256   -0.691786481
   36.078840000   -0.726444289   -0.745887091
   36.115920000   -0.784026717   -0.802459633
   36.153000000   -0.844376748   -0.861358128
   36.190080000   -0.907280081   -0.922388845
   36.227160000   -0.972455840   -0.985311437
   36.264240000   -1.039564019   -1.049841643
   36.301320000   -1.108215470   -1.115655331
   36.338400000   -1.177983301   -1.182393633
   36.375480000   -1.248414467   -1.249668810
   36.412560000   -1.319040543   -1.317070499
   36.449640000   -1.389386886   -1.384171968
   36.486720000   -1.458979740   -1.450536100
   36.523800000   -1.527351201   -1.515720875
   36.560880000   -1.594042212   -1.579284236
   36.597960000   -1.658604029   -1.640788319
   36.635040000   -1.720598702   -1.699803142
   36.672120000   -1.779599172   -1.755909885
   36.709200000   -1.835189556   -1.808703962
   36.746280000   -1.886966101   -1.857798058
   36.783360000   -1.934539159   -1.902825304
   36.820440000   -1.977536381   -1.943442665
   36.857520000   -2.015607164   -1.979334589
   36.894600000   -2.048428207   -2.010216836
   36.931680000   -2.075709882   -2.035840391
   36.968760000   -2.097202991   -2.055995271
   37.005840000   -2.112705392   -2.070514023
   37.042920000   -2.122067912   -2.079274719
