    0.000000000   -2.219582221   -2.174054388
    0.032445000   -2.217103460   -2.171711562
    0.064890000   -2.209682038   -2.164696945
    0.097335000   -2.197362434   -2.153052032
    0.129780000   -2.180218396   -2.136845664
    0.162225000   -2.158352395   -2.116173558
    0.194670000   -2.131894857   -2.091157647
    0.227115000   -2.101003222   -2.061945236
    0.259560000   -2.065860823   -2.028707982
    0.292005000   -2.026675603   -1.991640685
    0.324450000   -1.983678701   -1.950959903
    0.356895000   -1.937122883   -1.906902388
    0.389340000   -1.887280845   -1.859723347
    0.421785000   -1.834443365   -1.809694508
    0.454230000   -1.778917301   -1.757102025
    0.486675000   -1.721023414   -1.702244190
    0.519120000   -1.661093998   -1.645428978
    0.551565000   -1.599470303   -1.586971422
    0.584010000   -1.536499722   -1.527190836
    0.616455000   -1.472532770   -1.466407905
    0.648900000   -1.407919812   -1.404941672
    0.681345000   -1.343007612   -1.343106444
    0.713790000   -1.278135701   -1.281208684
    0.746235000   -1.213632643   -1.219543917
    0.778680000   -1.149812259   -1.158393728
    0.811125000   -1.086969909   -1.098022896
    0.843570000   -1.025378930   -1.038676757
    0.876015000   -0.965287344   -0.980578837
    0.908460000   -0.906914946   -0.923928845
    0.940905000   -0.850450898   -0.868901066
    0.973350000   -0.796051916   -0.815643221
    1.005795000   -0.743841153   -0.764275827
    1.038240000   -0.693907825   -0.714892082
    1.070685000   -0.646307633   -0.667558279
    1.103130000   -0.601063976   -0.622314756
    1.135575000   -0.558169929   -0.579177327
    1.168020000   -0.517590921   -0.538139173
    1.200465000   -0.479268028   -0.499173118
    1.232910000   -0.443121741   -0.462234205
    1.265355000   -0.409056078   -0.427262505
    1.297800000   -0.376962874   -0.394186038
    1.330245000   -0.346726079   -0.362923730
    1.362690000   -0.318225903   -0.333388291
    1.395135000   -0.291342643   -0.305488933
    1.427580000   -0.265960066   -0.279133850
    1.460025000   -0.241968227   -0.254232378
    1.492470000   -0.219265650   -0.230696808
    1.524915000   -0.197760826   -0.208443794
    1.557360000   -0.177373013   -0.187395369
    1.589805000   -0.158032383   -0.167479558
    1.622250000   -0.139679562   -0.148630623
    1.654695000   -0.122264670   -0.130788978
    1.687140000   -0.105745959   -0.113900825
    1.719585000   -0.090088190   -0.097917578
    1.752030000   -0.075260871   -0.082795139
    1.784475000   -0.061236498   -0.068493100
    1.816920000   -0.047988913   -0.054973917
    1.849365000   -0.035491880   -0.042202150
    1.881810000   -0.023717965   -0.030143774
    1.914255000   -0.012637765   -0.018765632
    1.946700000   -0.002219518   -0.008035037
    1.979145000    0.007570921    0.002080466
    2.011590000    0.016769771    0.011613182
    2.044035000    0.025414720    0.020595201
    2.076480000    0.033544126    0.029058219
    2.108925000    0.041196084    0.037033275
    2.141370000    0.048407458    0.044550431
    2.173815000    0.055212959    0.051638449
    2.206260000    0.061644357    0.058324483
    2.238705000    0.067729868    0.064633826
    2.271150000    0.073493788    0.070589733
    2.303595000    0.078956367    0.076213339
    2.336040000    0.084133956    0.081523667
    2.368485000    0.089039376    0.086537741
    2.400930000    0.093682503    0.091270782
    2.433375000    0.098070987    0.095736476
    2.465820000    0.102211065    0.099947280
    2.498265000    0.106108390    0.103914763
    2.530710000    0.109768808    0.107649930
    2.563155000    0.113199040    0.111163520
    2.595600000    0.116407190    0.114466260
    2.628045000    0.119403079    0.117569036
    2.660490000    0.122198360    0.120483001
    2.692935000    0.124806423    0.123219590
    2.725380000    0.127242114    0.125790463
    2.757825000    0.129521285    0.128207379
    2.790270000    0.131660230    0.130482009
    2.822715000    0.133675051    0.132625723
    2.855160000    0.135581017    0.134649359
    2.887605000    0.137391971    0.136562998
    2.920050000    0.139119819    0.138375774
    2.952495000    0.140774170    0.140095720
    2.984940000    0.142362126    0.141729682
    3.017385000    0.143888257    0.143283293
    3.049830000    0.145354751    0.144761019
    3.082275000    0.146761725    0.146166268
    3.114720000    0.148107670    0.147501553
    3.147165000    0.149389994    0.148768702
    3.179610000    0.150605614    0.149969094
    3.212055000    0.151751546    0.151103891
    3.244500000    0.152825456    0.152174277
    3.276945000    0.153826123    0.153181653
    3.309390000    0.154753776    0.154127799
    3.341835000    0.155610289    0.155014978
    3.374280000    0.156399219    0.155845980
    3.406725000    0.157125689    0.156624113
    3.439170000    0.157796131    0.157353125
    3.471615000    0.158417916    0.158037092
    3.504060000    0.158998901    0.158680257
    3.536505000    0.159546942    0.159286861
    3.568950000    0.160069402    0.159860956
    3.601395000    0.160572706    0.160406238
    3.633840000    0.161061981    0.160925903
    3.666285000    0.161540797    0.161422539
    3.698730000    0.162011044    0.161898067
    3.731175000    0.162472942    0.162353733
    3.763620000    0.162925183    0.162790144
    3.796065000    0.163365200    0.163207365
    3.828510000    0.163789520    0.163605039
    3.860955000    0.164194191    0.163982543
    3.893400000    0.164575229    0.164339159
    3.925845000    0.164929056    0.164674241
    3.958290000    0.165252894    0.164987365
    3.990735000    0.165545076    0.165278465
    4.023180000    0.165805257    0.165547915
    4.055625000    0.166034506    0.165796583
    4.088070000    0.166235271    0.166025828
    4.120515000    0.166411225    0.166237451
    4.152960000    0.166567013    0.166433618
    4.185405000    0.166707910    0.166616730
    4.217850000    0.166839436    0.166789288
    4.250295000    0.166966942    0.166953738
    4.282740000    0.167095225    0.167112324
    4.315185000    0.167228182    0.167266952
    4.347630000    0.167368548    0.167419090
    4.380075000    0.167517728    0.167569688
    4.412520000    0.167675737    0.167719157
    4.444965000    0.167841263    0.167867375
    4.477410000    0.168011827    0.168013747
    4.509855000    0.168184042    0.168157292
    4.542300000    0.168353938    0.168296761
    4.574745000    0.168517331    0.168430779
    4.607190000    0.168670200    0.168557985
    4.639635000    0.168809044    0.168677172
    4.672080000    0.168931188    0.168787406
    4.704525000    0.169035016    0.168888124
    4.736970000    0.169120105    0.168979194
    4.769415000    0.169187263    0.169060936
    4.801860000    0.169238455    0.169134110
    4.834305000    0.169276642    0.169199854
    4.866750000    0.169305525    0.169259604
    4.899195000    0.169329245    0.169314980
    4.931640000    0.169352033    0.169367660
    4.964085000    0.169377875    0.169419254
    4.996530000    0.169410185    0.169471176
    5.028975000    0.169451542    0.169524545
    5.061420000    0.169503493    0.169580105
    5.093865000    0.169566450    0.169638176
    5.126310000    0.169639680    0.169698647
    5.158755000    0.169721393    0.169761000
    5.191200000    0.169808916    0.169824371
    5.223645000    0.169898937    0.169887634
    5.256090000    0.169987806    0.169949515
    5.288535000    0.170071854    0.170008707
    5.320980000    0.170147710    0.170063991
    5.353425000    0.170212592    0.170114347
    5.385870000    0.170264540    0.170159048
    5.418315000    0.170302586    0.170197722
    5.450760000    0.170326824    0.170230394
    5.483205000    0.170338402    0.170257480
    5.515650000    0.170339420    0.170279759
    5.548095000    0.170332751    0.170298310
    5.580540000    0.170321793    0.170314421
    5.612985000    0.170310187    0.170329488
    5.645430000    0.170301513    0.170344898
    5.677875000    0.170298992    0.170361920
    5.710320000    0.170305228    0.170381605
    5.742765000    0.170321998    0.170404700
    5.775210000    0.170350116    0.170431596
    5.807655000    0.170389377    0.170462303
    5.840100000    0.170438589    0.170496453
    5.872545000    0.170495689    0.170533341
    5.904990000    0.170557923    0.170571990
    5.937435000    0.170622092    0.170611239
    5.969880000    0.170684825    0.170649843
    6.002325000    0.170742867    0.170686582
    6.034770000    0.170793352    0.170720366
    6.067215000    0.170834043    0.170750326
    6.099660000    0.170863510    0.170775886
    6.132105000    0.170881252    0.170796811
    6.164550000    0.170887721    0.170813222
    6.196995000    0.170884282    0.170825585
    6.229440000    0.170873085    0.170834669
    6.261885000    0.170856880    0.170841480
    6.294330000    0.170838780    0.170847169
    6.326775000    0.170821994    0.170852943
    6.359220000    0.170809559    0.170859956
    6.391665000    0.170804084    0.170869217
    6.424110000    0.170807539    0.170881505
    6.456555000    0.170821092    0.170897307
    6.489000000    0.170845019    0.170916781
    6.521445000    0.170878696    0.170939747
    6.553890000    0.170920651    0.170965704
    6.586335000    0.170968707    0.170993878
    6.618780000    0.171020164    0.171023291
    6.651225000    0.171072038    0.171052846
    6.683670000    0.171121314    0.171081421
    6.716115000    0.171165201    0.171107965
    6.748560000    0.171201367    0.171131589
    6.781005000    0.171228132    0.171151639
    6.813450000    0.171244606    0.171167748
    6.845895000    0.171250757    0.171179872
    6.878340000    0.171247407    0.171188284
    6.910785000    0.171236160    0.171193556
    6.943230000    0.171219256    0.171196503
    6.975675000    0.171199381    0.171198118
    7.008120000    0.171179437    0.171199485
    7.040565000    0.171162298    0.171201687
    7.073010000    0.171150563    0.171205718
    7.105455000    0.171146349    0.171212397
    7.137900000    0.171151109    0.171222302
    7.170345000    0.171165519    0.171235726
    7.202790000    0.171189426    0.171252650
    7.235235000    0.171221870    0.171272753
    7.267680000    0.171261169    0.171295438
    7.300125000    0.171305069    0.171319887
    7.332570000    0.171350937    0.171345128
    7.365015000    0.171395986    0.171370125
    7.397460000    0.171437513    0.171393860
    7.429905000    0.171473122    0.171415423
    7.462350000    0.171500930    0.171434085
    7.494795000    0.171519716    0.171449359
    7.527240000    0.171529022    0.171461042
    7.559685000    0.171529185    0.171469226
    7.592130000    0.171521304    0.171474291
    7.624575000    0.171507139    0.171476868
    7.657020000    0.171488959    0.171477787
    7.689465000    0.171469349    0.171478003
    7.721910000    0.171450985    0.171478516
    7.754355000    0.171436413    0.171480284
    7.786800000    0.171427830    0.171484146
    7.819245000    0.171426907    0.171490748
    7.851690000    0.171434644    0.171500492
    7.884135000    0.171451299    0.171513505
    7.916580000    0.171476366    0.171529627
    7.949025000    0.171508622    0.171548429
    7.981470000    0.171546242    0.171569250
    8.013915000    0.171586948    0.171591257
    8.046360000    0.171628213    0.171613513
    8.078805000    0.171667469    0.171635059
    8.111250000    0.171702329    0.171654995
    8.143695000    0.171730786    0.171672556
    8.176140000    0.171751378    0.171687176
    8.208585000    0.171763310    0.171698534
    8.241030000    0.171766518    0.171706582
    8.273475000    0.171761666    0.171711543
    8.305920000    0.171750091    0.171713894
    8.338365000    0.171733681    0.171714324
    8.370810000    0.171714716    0.171713674
    8.403255000    0.171695669    0.171712866
    8.435700000    0.171679002    0.171712823
    8.468145000    0.171666954    0.171714391
    8.500590000    0.171661357    0.171718271
    8.533035000    0.171663478    0.171724959
    8.565480000    0.171673924    0.171734704
    8.597925000    0.171692588    0.171747491
    8.630370000    0.171718664    0.171763043
    8.662815000    0.171750723    0.171780845
    8.695260000    0.171786832    0.171800189
    8.727705000    0.171824722    0.171820239
    8.760150000    0.171861983    0.171840096
    8.792595000    0.171896268    0.171858879
    8.825040000    0.171925489    0.171875798
    8.857485000    0.171947991    0.171890219
    8.889930000    0.171962693    0.171901719
    8.922375000    0.171969174    0.171910118
    8.954820000    0.171967702    0.171915496
    8.987265000    0.171959213    0.171918182
    9.019710000    0.171945225    0.171918724
    9.052155000    0.171927705    0.171917846
    9.084600000    0.171908903    0.171916380
    9.117045000    0.171891162    0.171915201
    9.149490000    0.171876715    0.171915149
    9.181935000    0.171867501    0.171916957
    9.214380000    0.171865001    0.171921193
    9.246825000    0.171870116    0.171928213
    9.279270000    0.171883093    0.171938128
    9.311715000    0.171903509    0.171950800
    9.344160000    0.171930310    0.171965853
    9.376605000    0.171961902    0.171982707
    9.409050000    0.171996291    0.172000627
    9.441495000    0.172031249    0.172018787
    9.473940000    0.172064508    0.172036340
    9.506385000    0.172093950    0.172052489
    9.538830000    0.172117786    0.172066555
    9.571275000    0.172134702    0.172078036
    9.603720000    0.172143973    0.172086642
    9.636165000    0.172145517    0.172092326
    9.668610000    0.172139902    0.172095284
    9.701055000    0.172128293    0.172095934
    9.733500000    0.172112351    0.172094887
    9.765945000    0.172094091    0.172092885
    9.798390000    0.172075711    0.172090747
    9.830835000    0.172059403    0.172089293
    9.863280000    0.172047169    0.172089278
    9.895725000    0.172040654    0.172091326
    9.928170000    0.172041009    0.172095880
    9.960615000    0.172048792    0.172103166
    9.993060000    0.172063928    0.172113171
   10.025505000    0.172085716    0.172125649
   10.057950000    0.172112894    0.172140142
   10.090395000    0.172143742    0.172156020
   10.122840000    0.172176236    0.172172532
   10.155285000    0.172208217    0.172188874
   10.187730000    0.172237574    0.172204257
   10.220175000    0.172262423    0.172217971
   10.252620000    0.172281265    0.172229445
   10.285065000    0.172293111    0.172238299
   10.317510000    0.172297565    0.172244369
   10.349955000    0.172294851    0.172247726
   10.382400000    0.172285795    0.172248664
   10.414845000    0.172271754    0.172247679
   10.447290000    0.172254494    0.172245421
   10.479735000    0.172236043    0.172242643
   10.512180000    0.172218519    0.172240135
   10.544625000    0.172203947    0.172238657
   10.577070000    0.172194092    0.172238874
   10.609515000    0.172190311    0.172241302
   10.641960000    0.172193434    0.172246264
   10.674405000    0.172203705    0.172253865
   10.706850000    0.172220756    0.172263979
   10.739295000    0.172243645    0.172276266
   10.771740000    0.172270935    0.172290201
   10.804185000    0.172300820    0.172305115
   10.836630000    0.172331275    0.172320257
   10.869075000    0.172360234    0.172334854
   10.901520000    0.172385757    0.172348180
   10.933965000    0.172406203    0.172359613
   10.966410000    0.172420357    0.172368692
   10.998855000    0.172427540    0.172375151
   11.031300000    0.172427661    0.172378945
   11.063745000    0.172421221    0.172380249
   11.096190000    0.172409270    0.172379445
   11.128635000    0.172393318    0.172377088
   11.161080000    0.172375204    0.172373859
   11.193525000    0.172356939    0.172370507
   11.225970000    0.172340537    0.172367785
   11.258415000    0.172327842    0.172366385
   11.290860000    0.172320377    0.172366882
   11.323305000    0.172319213    0.172369687
   11.355750000    0.172324880    0.172375007
   11.388195000    0.172337326    0.172382835
   11.420640000    0.172355922    0.172392945
   11.453085000    0.172379518    0.172404918
   11.485530000    0.172406541    0.172418174
   11.517975000    0.172435129    0.172432022
   11.550420000    0.172463290    0.172445720
   11.582865000    0.172489073    0.172458540
   11.615310000    0.172510728    0.172469823
   11.647755000    0.172526859    0.172479041
   11.680200000    0.172536535    0.172485839
   11.712645000    0.172539372    0.172490065
   11.745090000    0.172535563    0.172491781
   11.777535000    0.172525859    0.172491257
   11.809980000    0.172511502    0.172488950
   11.842425000    0.172494123    0.172485464
   11.874870000    0.172475600    0.172481496
   11.907315000    0.172457898    0.172477779
   11.939760000    0.172442906    0.172475020
   11.972205000    0.172432273    0.172473839
   12.004650000    0.172427272    0.172474719
   12.037095000    0.172428693    0.172477962
   12.069540000    0.172436780    0.172483668
   12.101985000    0.172451204    0.172491724
   12.134430000    0.172471104    0.172501815
   12.166875000    0.172495149    0.172513452
   12.199320000    0.172521663    0.172526015
   12.231765000    0.172548761    0.172538801
   12.264210000    0.172574508    0.172551090
   12.296655000    0.172597089    0.172562201
   12.329100000    0.172614957    0.172571552
   12.361545000    0.172626965    0.172578709
   12.393990000    0.172632460    0.172583422
   12.426435000    0.172631342    0.172585645
   12.458880000    0.172624066    0.172585540
   12.491325000    0.172611602    0.172583462
   12.523770000    0.172595357    0.172579930
   12.556215000    0.172577049    0.172575583
   12.588660000    0.172558566    0.172571122
   12.621105000    0.172541799    0.172567255
   12.653550000    0.172528491    0.172564634
   12.685995000    0.172520082    0.172563800
   12.718440000    0.172517593    0.172565141
   12.750885000    0.172521538    0.172568854
   12.783330000    0.172531881    0.172574935
   12.815775000    0.172548045    0.172583172
   12.848220000    0.172568956    0.172593173
   12.880665000    0.172593138    0.172604390
   12.913110000    0.172618838    0.172616172
   12.945555000    0.172644177    0.172627819
   12.978000000    0.172667305    0.172638639
   13.010445000    0.172686563    0.172648011
   13.042890000    0.172700616    0.172655432
   13.075335000    0.172708571    0.172660564
   13.107780000    0.172710051    0.172663260
   13.140225000    0.172705223    0.172663576
   13.172670000    0.172694783    0.172661766
   13.205115000    0.172679901    0.172658262
   13.237560000    0.172662114    0.172653633
   13.270005000    0.172643201    0.172648541
   13.302450000    0.172625028    0.172643683
   13.334895000    0.172609394    0.172639730
   13.367340000    0.172597874    0.172637274
   13.399785000    0.172591691    0.172636774
   13.432230000    0.172591609    0.172638521
   13.464675000    0.172597874    0.172642611
   13.497120000    0.172610189    0.172648940
   13.529565000    0.172627742    0.172657209
   13.562010000    0.172649279    0.172666955
   13.594455000    0.172673205    0.172677585
   13.626900000    0.172697723    0.172688432
   13.659345000    0.172720987    0.172698805
   13.691790000    0.172741257    0.172708054
   13.724235000    0.172757045    0.172715622
   13.756680000    0.172767244    0.172721091
   13.789125000    0.172771215    0.172724220
   13.821570000    0.172768849    0.172724962
   13.854015000    0.172760566    0.172723471
   13.886460000    0.172747286    0.172720085
   13.918905000    0.172730348    0.172715300
   13.951350000    0.172711393    0.172709726
   13.983795000    0.172692229    0.172704038
   14.016240000    0.172674677    0.172698914
   14.048685000    0.172660414    0.172694982
   14.081130000    0.172650834    0.172692764
   14.113575000    0.172646930    0.172692635
   14.146020000    0.172649210    0.172694788
   14.178465000    0.172657654    0.172699219
   14.210910000    0.172671720    0.172705730
   14.243355000    0.172690385    0.172713943
   14.275800000    0.172712235    0.172723332
   14.308245000    0.172735587    0.172733273
   14.340690000    0.172758629    0.172743089
   14.373135000    0.172779576    0.172752113
   14.405580000    0.172796817    0.172759745
   14.438025000    0.172809055    0.172765498
   14.470470000    0.172815416    0.172769043
   14.502915000    0.172815522    0.172770235
   14.535360000    0.172809520    0.172769127
   14.567805000    0.172798074    0.172765962
   14.600250000    0.172782302    0.172761157
   14.632695000    0.172763687    0.172755260
   14.665140000    0.172743947    0.172748914
   14.697585000    0.172724892    0.172742791
   14.730030000    0.172708269    0.172737545
   14.762475000    0.172695612    0.172733749
   14.794920000    0.172688118    0.172731852
   14.827365000    0.172686542    0.172732137
   14.859810000    0.172691134    0.172734700
   14.892255000    0.172701618    0.172739442
   14.924700000    0.172717218    0.172746074
   14.957145000    0.172736721    0.172754147
   14.989590000    0.172758584    0.172763087
   15.022035000    0.172781059    0.172772243
   15.054480000    0.172802348    0.172780944
   15.086925000    0.172820751    0.172788556
   15.119370000    0.172834810    0.172794535
   15.151815000    0.172843435    0.172798472
   15.184260000    0.172845994    0.172800131
   15.216705000    0.172842365    0.172799464
   15.249150000    0.172832949    0.172796619
   15.281595000    0.172818635    0.172791927
   15.314040000    0.172800723    0.172785871
   15.346485000    0.172780814    0.172779048
   15.378930000    0.172760677    0.172772118
   15.411375000    0.172742094    0.172765745
   15.443820000    0.172726715    0.172760546
   15.476265000    0.172715915    0.172757033
   15.508710000    0.172710677    0.172755576
   15.541155000    0.172711511    0.172756364
   15.573600000    0.172718411    0.172759397
   15.606045000    0.172730854    0.172764480
   15.638490000    0.172747845    0.172771244
   15.670935000    0.172768003    0.172779173
   15.703380000    0.172789676    0.172787651
   15.735825000    0.172811082    0.172796013
   15.768270000    0.172830459    0.172803602
   15.800715000    0.172846216    0.172809822
   15.833160000    0.172857065    0.172814193
   15.865605000    0.172862131    0.172816387
   15.898050000    0.172861028    0.172816258
   15.930495000    0.172853887    0.172813854
   15.962940000    0.172841349    0.172809413
   15.995385000    0.172824508    0.172803341
   16.027830000    0.172804819    0.172796181
   16.060275000    0.172783974    0.172788563
   16.092720000    0.172763762    0.172781153
   16.125165000    0.172745909    0.172774595
   16.157610000    0.172731944    0.172769458
   16.190055000    0.172723057    0.172766186
   16.222500000    0.172720009    0.172765064
   16.254945000    0.172723057    0.172766186
   16.287390000    0.172731944    0.172769458
   16.319835000    0.172745909    0.172774595
   16.352280000    0.172763762    0.172781153
   16.384725000    0.172783974    0.172788563
   16.417170000    0.172804819    0.172796181
   16.449615000    0.172824508    0.172803341
   16.482060000    0.172841349    0.172809413
   16.514505000    0.172853887    0.172813854
   16.546950000    0.172861028    0.172816258
   16.579395000    0.172862131    0.172816387
   16.611840000    0.172857065    0.172814193
   16.644285000    0.172846216    0.172809822
   16.676730000    0.172830459    0.172803602
   16.709175000    0.172811082    0.172796013
   16.741620000    0.172789676    0.172787651
   16.774065000    0.172768003    0.172779173
   16.806510000    0.172747845    0.172771244
   16.838955000    0.172730854    0.172764480
   16.871400000    0.172718411    0.172759397
   16.903845000    0.172711511    0.172756364
   16.936290000    0.172710677    0.172755576
   16.968735000    0.172715915    0.172757033
   17.001180000    0.172726715    0.172760546
   17.033625000    0.172742094    0.172765745
   17.066070000    0.172760677    0.172772118
   17.098515000    0.172780814    0.172779048
   17.130960000    0.172800723    0.172785871
   17.163405000    0.172818635    0.172791927
   17.195850000    0.172832949    0.172796619
   17.228295000    0.172842365    0.172799464
   17.260740000    0.172845994    0.172800131
   17.293185000    0.172843435    0.172798472
   17.325630000    0.172834810    0.172794535
   17.358075000    0.172820751    0.172788556
   17.390520000    0.172802348    0.172780944
   17.422965000    0.172781059    0.172772243
   17.455410000    0.172758584    0.172763087
   17.487855000    0.172736721    0.172754147
   17.520300000    0.172717218    0.172746074
   17.552745000    0.172701618    0.172739442
   17.585190000    0.172691134    0.172734700
   17.617635000    0.172686542    0.172732137
   17.650080000    0.172688118    0.172731852
   17.682525000    0.172695612    0.172733749
   17.714970000    0.172708269    0.172737545
   17.747415000    0.172724892    0.172742791
   17.779860000    0.172743947    0.172748914
   17.812305000    0.172763687    0.172755260
   17.844750000    0.172782302    0.172761157
   17.877195000    0.172798074    0.172765962
   17.909640000    0.172809520    0.172769127
   17.942085000    0.172815522    0.172770235
   17.974530000    0.172815416    0.172769043
   18.006975000    0.172809055    0.172765498
   18.039420000    0.172796817    0.172759745
   18.071865000    0.172779576    0.172752113
   18.104310000    0.172758629    0.172743089
   18.136755000    0.172735587    0.172733273
   18.169200000    0.172712235    0.172723332
   18.201645000    0.172690385    0.172713943
   18.234090000    0.172671720    0.172705730
   18.266535000    0.172657654    0.172699219
   18.298980000    0.172649210    0.172694788
   18.331425000    0.172646930    0.172692635
   18.363870000    0.172650834    0.172692764
   18.396315000    0.172660414    0.172694982
   18.428760000    0.172674677    0.172698914
   18.461205000    0.172692229    0.172704038
   18.493650000    0.172711393    0.172709726
   18.526095000    0.172730348    0.172715300
   18.558540000    0.172747286    0.172720085
   18.590985000    0.172760566    0.172723471
   18.623430000    0.172768849    0.172724962
   18.655875000    0.172771215    0.172724220
   18.688320000    0.172767244    0.172721091
   18.720765000    0.172757045    0.172715622
   18.753210000    0.172741257    0.172708054
   18.785655000    0.172720987    0.172698805
   18.818100000    0.172697723    0.172688432
   18.850545000    0.172673205    0.172677585
   18.882990000    0.172649279    0.172666955
   18.915435000    0.172627742    0.172657209
   18.947880000    0.172610189    0.172648940
   18.980325000    0.172597874    0.172642611
   19.012770000    0.172591609    0.172638521
   19.045215000    0.172591691    0.172636774
   19.077660000    0.172597874    0.172637274
   19.110105000    0.172609394    0.172639730
   19.142550000    0.172625028    0.172643683
   19.174995000    0.172643201    0.172648541
   19.207440000    0.172662114    0.172653633
   19.239885000    0.172679901    0.172658262
   19.272330000    0.172694783    0.172661766
   19.304775000    0.172705223    0.172663576
   19.337220000    0.172710051    0.172663260
   19.369665000    0.172708571    0.172660564
   19.402110000    0.172700616    0.172655432
   19.434555000    0.172686563    0.172648011
   19.467000000    0.172667305    0.172638639
   19.499445000    0.172644177    0.172627819
   19.531890000    0.172618838    0.172616172
   19.564335000    0.172593138    0.172604390
   19.596780000    0.172568956    0.172593173
   19.629225000    0.172548045    0.172583172
   19.661670000    0.172531881    0.172574935
   19.694115000    0.172521538    0.172568854
   19.726560000    0.172517593    0.172565141
   19.759005000    0.172520082    0.172563800
   19.791450000    0.172528491    0.172564634
   19.823895000    0.172541799    0.172567255
   19.856340000    0.172558566    0.172571122
   19.888785000    0.172577049    0.172575583
   19.921230000    0.172595357    0.172579930
   19.953675000    0.172611602    0.172583462
   19.986120000    0.172624066    0.172585540
   20.018565000    0.172631342    0.172585645
   20.051010000    0.172632460    0.172583422
   20.083455000    0.172626965    0.172578709
   20.115900000    0.172614957    0.172571552
   20.148345000    0.172597089    0.172562201
   20.180790000    0.172574508    0.172551090
   20.213235000    0.172548761    0.172538801
   20.245680000    0.172521663    0.172526015
   20.278125000    0.172495149    0.172513452
   20.310570000    0.172471104    0.172501815
   20.343015000    0.172451204    0.172491724
   20.375460000    0.172436780    0.172483668
   20.407905000    0.172428693    0.172477962
   20.440350000    0.172427272    0.172474719
   20.472795000    0.172432273    0.172473839
   20.505240000    0.172442906    0.172475020
   20.537685000    0.172457898    0.172477779
   20.570130000    0.172475600    0.172481496
   20.602575000    0.172494123    0.172485464
   20.635020000    0.172511502    0.172488950
   20.667465000    0.172525859    0.172491257
   20.699910000    0.172535563    0.172491781
   20.732355000    0.172539372    0.172490065
   20.764800000    0.172536535    0.172485839
   20.797245000    0.172526859    0.172479041
   20.829690000    0.172510728    0.172469823
   20.862135000    0.172489073    0.172458540
   20.894580000    0.172463290    0.172445720
   20.927025000    0.172435129    0.172432022
   20.959470000    0.172406541    0.172418174
   20.991915000    0.172379518    0.172404918
   21.024360000    0.172355922    0.172392945
   21.056805000    0.172337326    0.172382835
   21.089250000    0.172324880    0.172375007
   21.121695000    0.172319213    0.172369687
   21.154140000    0.172320377    0.172366882
   21.186585000    0.172327842    0.172366385
   21.219030000    0.172340537    0.172367785
   21.251475000    0.172356939    0.172370507
   21.283920000    0.172375204    0.172373859
   21.316365000    0.172393318    0.172377088
   21.348810000    0.172409270    0.172379445
   21.381255000    0.172421221    0.172380249
   21.413700000    0.172427661    0.172378945
   21.446145000    0.172427540    0.172375151
   21.478590000    0.172420357    0.172368692
   21.511035000    0.172406203    0.172359613
   21.543480000    0.172385757    0.172348180
   21.575925000    0.172360234    0.172334854
   21.608370000    0.172331275    0.172320257
   21.640815000    0.172300820    0.172305115
   21.673260000    0.172270935    0.172290201
   21.705705000    0.172243645    0.172276266
   21.738150000    0.172220756    0.172263979
   21.770595000    0.172203705    0.172253865
   21.803040000    0.172193434    0.172246264
   21.835485000    0.172190311    0.172241302
   21.867930000    0.172194092    0.172238874
   21.900375000    0.172203947    0.172238657
   21.932820000    0.172218519    0.172240135
   21.965265000    0.172236043    0.172242643
   21.997710000    0.172254494    0.172245421
   22.030155000    0.172271754    0.172247679
   22.062600000    0.172285795    0.172248664
   22.095045000    0.172294851    0.172247726
   22.127490000    0.172297565    0.172244369
   22.159935000    0.172293111    0.172238299
   22.192380000    0.172281265    0.172229445
   22.224825000    0.172262423    0.172217971
   22.257270000    0.172237574    0.172204257
   22.289715000    0.172208217    0.172188874
   22.322160000    0.172176236    0.172172532
   22.354605000    0.172143742    0.172156020
   22.387050000    0.172112894    0.172140142
   22.419495000    0.172085716    0.172125649
   22.451940000    0.172063928    0.172113171
   22.484385000    0.172048792    0.172103166
   22.516830000    0.172041009    0.172095880
   22.549275000    0.172040654    0.172091326
   22.581720000    0.172047169    0.172089278
   22.614165000    0.172059403    0.172089293
   22.646610000    0.172075711    0.172090747
   22.679055000    0.172094091    0.172092885
   22.711500000    0.172112351    0.172094887
   22.743945000    0.172128293    0.172095934
   22.776390000    0.172139902    0.172095284
   22.808835000    0.172145517    0.172092326
   22.841280000    0.172143973    0.172086642
   22.873725000    0.172134702    0.172078036
   22.906170000    0.172117786    0.172066555
   22.938615000    0.172093950    0.172052489
   22.971060000    0.172064508    0.172036340
   23.003505000    0.172031249    0.172018787
   23.035950000    0.171996291    0.172000627
   23.068395000    0.171961902    0.171982707
   23.100840000    0.171930310    0.171965853
   23.133285000    0.171903509    0.171950800
   23.165730000    0.171883093    0.171938128
   23.198175000    0.171870116    0.171928213
   23.230620000    0.171865001    0.171921193
   23.263065000    0.171867501    0.171916957
   23.295510000    0.171876715    0.171915149
   23.327955000    0.171891162    0.171915201
   23.360400000    0.171908903    0.171916380
   23.392845000    0.171927705    0.171917846
   23.425290000    0.171945225    0.171918724
   23.457735000    0.171959213    0.171918182
   23.490180000    0.171967702    0.171915496
   23.522625000    0.171969174    0.171910118
   23.555070000    0.171962693    0.171901719
   23.587515000    0.171947991    0.171890219
   23.619960000    0.171925489    0.171875798
   23.652405000    0.171896268    0.171858879
   23.684850000    0.171861983    0.171840096
   23.717295000    0.171824722    0.171820239
   23.749740000    0.171786832    0.171800189
   23.782185000    0.171750723    0.171780845
   23.814630000    0.171718664    0.171763043
   23.847075000    0.171692588    0.171747491
   23.879520000    0.171673924    0.171734704
   23.911965000    0.171663478    0.171724959
   23.944410000    0.171661357    0.171718271
   23.976855000    0.171666954    0.171714391
   24.009300000    0.171679002    0.171712823
   24.041745000    0.171695669    0.171712866
   24.074190000    0.171714716    0.171713674
   24.106635000    0.171733681    0.171714324
   24.139080000    0.171750091    0.171713894
   24.171525000    0.171761666    0.171711543
   24.203970000    0.171766518    0.171706582
   24.236415000    0.171763310    0.171698534
   24.268860000    0.171751378    0.171687176
   24.301305000    0.171730786    0.171672556
   24.333750000    0.171702329    0.171654995
   24.366195000    0.171667469    0.171635059
   24.398640000    0.171628213    0.171613513
   24.431085000    0.171586948    0.171591257
   24.463530000    0.171546242    0.171569250
   24.495975000    0.171508622    0.171548429
   24.528420000    0.171476366    0.171529627
   24.560865000    0.171451299    0.171513505
   24.593310000    0.171434644    0.171500492
   24.625755000    0.171426907    0.171490748
   24.658200000    0.171427830    0.171484146
   24.690645000    0.171436413    0.171480284
   24.723090000    0.171450985    0.171478516
   24.755535000    0.171469349    0.171478003
   24.787980000    0.171488959    0.171477787
   24.820425000    0.171507139    0.171476868
   24.852870000    0.171521304    0.171474291
   24.885315000    0.171529185    0.171469226
   24.917760000    0.171529022    0.171461042
   24.950205000    0.171519716    0.171449359
   24.982650000    0.171500930    0.171434085
   25.015095000    0.171473122    0.171415423
   25.047540000    0.171437513    0.171393860
   25.079985000    0.171395986    0.171370125
   25.112430000    0.171350937    0.171345128
   25.144875000    0.171305069    0.171319887
   25.177320000    0.171261169    0.171295438
   25.209765000    0.171221870    0.171272753
   25.242210000    0.171189426    0.171252650
   25.274655000    0.171165519    0.171235726
   25.307100000    0.171151109    0.171222302
   25.339545000    0.171146349    0.171212397
   25.371990000    0.171150563    0.171205718
   25.404435000    0.171162298    0.171201687
   25.436880000    0.171179437    0.171199485
   25.469325000    0.171199381    0.171198118
   25.501770000    0.171219256    0.171196503
   25.534215000    0.171236160    0.171193556
   25.566660000    0.171247407    0.171188284
   25.599105000    0.171250757    0.171179872
   25.631550000    0.171244606    0.171167748
   25.663995000    0.171228132    0.171151639
   25.696440000    0.171201367    0.171131589
   25.728885000    0.171165201    0.171107965
   25.761330000    0.171121314    0.171081421
   25.793775000    0.171072038    0.171052846
   25.826220000    0.171020164    0.171023291
   25.858665000    0.170968707    0.170993878
   25.891110000    0.170920651    0.170965704
   25.923555000    0.170878696    0.170939747
   25.956000000    0.170845019    0.170916781
   25.988445000    0.170821092    0.170897307
   26.020890000    0.170807539    0.170881505
   26.053335000    0.170804084    0.170869217
   26.085780000    0.170809559    0.170859956
   26.118225000    0.170821994    0.170852943
   26.150670000    0.170838780    0.170847169
   26.183115000    0.170856880    0.170841480
   26.215560000    0.170873085    0.170834669
   26.248005000    0.170884282    0.170825585
   26.280450000    0.170887721    0.170813222
   26.312895000    0.170881252    0.170796811
   26.345340000    0.170863510    0.170775886
   26.377785000    0.170834043    0.170750326
   26.410230000    0.170793352    0.170720366
   26.442675000    0.170742867    0.170686582
   26.475120000    0.170684825    0.170649843
   26.507565000    0.170622092    0.170611239
   26.540010000    0.170557923    0.170571990
   26.572455000    0.170495689    0.170533341
   26.604900000    0.170438589    0.170496453
   26.637345000    0.170389377    0.170462303
   26.669790000    0.170350116    0.170431596
   26.702235000    0.170321998    0.170404700
   26.734680000    0.170305228    0.170381605
   26.767125000    0.170298992    0.170361920
   26.799570000    0.170301513    0.170344898
   26.832015000    0.170310187    0.170329488
   26.864460000    0.170321793    0.170314421
   26.896905000    0.170332751    0.170298310
   26.929350000    0.170339420    0.170279759
   26.961795000    0.170338402    0.170257480
   26.994240000    0.170326824    0.170230394
   27.026685000    0.170302586    0.170197722
   27.059130000    0.170264540    0.170159048
   27.091575000    0.170212592    0.170114347
   27.124020000    0.170147710    0.170063991
   27.156465000    0.170071854    0.170008707
   27.188910000    0.169987806    0.169949515
   27.221355000    0.169898937    0.169887634
   27.253800000    0.169808916    0.169824371
   27.286245000    0.169721393    0.169761000
   27.318690000    0.169639680    0.169698647
   27.351135000    0.169566450    0.169638176
   27.383580000    0.169503493    0.169580105
   27.416025000    0.169451542    0.169524545
   27.448470000    0.169410185    0.169471176
   27.480915000    0.169377875    0.169419254
   27.513360000    0.169352033    0.169367660
   27.545805000    0.169329245    0.169314980
   27.578250000    0.169305525    0.169259604
   27.610695000    0.169276642    0.169199854
   27.643140000    0.169238455    0.169134110
   27.675585000    0.169187263    0.169060936
   27.708030000    0.169120105    0.168979194
   27.740475000    0.169035016    0.168888124
   27.772920000    0.168931188    0.168787406
   27.805365000    0.168809044    0.168677172
   27.837810000    0.168670200    0.168557985
   27.870255000    0.168517331    0.168430779
   27.902700000    0.168353938    0.168296761
   27.935145000    0.168184042    0.168157292
   27.967590000    0.168011827    0.168013747
   28.000035000    0.167841263    0.167867375
   28.032480000    0.167675737    0.167719157
   28.064925000    0.167517728    0.167569688
   28.097370000    0.167368548    0.167419090
   28.129815000    0.167228182    0.167266952
   28.162260000    0.167095225    0.167112324
   28.194705000    0.166966942    0.166953738
   28.227150000    0.166839436    0.166789288
   28.259595000    0.166707910    0.166616730
   28.292040000    0.166567013    0.166433618
   28.324485000    0.166411225    0.166237451
   28.356930000    0.166235271    0.166025828
   28.389375000    0.166034506    0.165796583
   28.421820000    0.165805257    0.165547915
   28.454265000    0.165545076    0.165278465
   28.486710000    0.165252894    0.164987365
   28.519155000    0.164929056    0.164674241
   28.551600000    0.164575229    0.164339159
   28.584045000    0.164194191    0.163982543
   28.616490000    0.163789520    0.163605039
   28.648935000    0.163365200    0.163207365
   28.681380000    0.162925183    0.162790144
   28.713825000    0.162472942    0.162353733
   28.746270000    0.162011044    0.161898067
   28.778715000    0.161540797    0.161422539
   28.811160000    0.161061981    0.160925903
   28.843605000    0.160572706    0.160406238
   28.876050000    0.160069402    0.159860956
   28.908495000    0.159546942    0.159286861
   28.940940000    0.158998901    0.158680257
   28.973385000    0.158417916    0.158037092
   29.005830000    0.157796131    0.157353125
   29.038275000    0.157125689    0.156624113
   29.070720000    0.156399219    0.155845980
   29.103165000    0.155610289    0.155014978
   29.135610000    0.154753776    0.154127799
   29.168055000    0.153826123    0.153181653
   29.200500000    0.152825456    0.152174277
   29.232945000    0.151751546    0.151103891
   29.265390000    0.150605614    0.149969094
   29.297835000    0.149389994    0.148768702
   29.330280000    0.148107670    0.147501553
   29.362725000    0.146761725    0.146166268
   29.395170000    0.145354751    0.144761019
   29.427615000    0.143888257    0.143283293
   29.460060000    0.142362126    0.141729682
   29.492505000    0.140774170    0.140095720
   29.524950000    0.139119819    0.138375774
   29.557395000    0.137391971    0.136562998
   29.589840000    0.135581017    0.134649359
   29.622285000    0.133675051    0.132625723
   29.654730000    0.131660230    0.130482009
   29.687175000    0.129521285    0.128207379
   29.719620000    0.127242114    0.125790463
   29.752065000    0.124806423    0.123219590
   29.784510000    0.122198360    0.120483001
   29.816955000    0.119403079    0.117569036
   29.849400000    0.116407190    0.114466260
   29.881845000    0.113199040    0.111163520
   29.914290000    0.109768808    0.107649930
   29.946735000    0.106108390    0.103914763
   29.979180000    0.102211065    0.099947280
   30.011625000    0.098070987    0.095736476
   30.044070000    0.093682503    0.091270782
   30.076515000    0.089039376    0.086537741
   30.108960000    0.084133956    0.081523667
   30.141405000    0.078956367    0.076213339
   30.173850000    0.073493788    0.070589733
   30.206295000    0.067729868    0.064633826
   30.238740000    0.061644357    0.058324483
   30.271185000    0.055212959    0.051638449
   30.303630000    0.048407458    0.044550431
   30.336075000    0.041196084    0.037033275
   30.368520000    0.033544126    0.029058219
   30.400965000    0.025414720    0.020595201
   30.433410000    0.016769771    0.011613182
   30.465855000    0.007570921    0.002080466
   30.498300000   -0.002219518   -0.008035037
   30.530745000   -0.012637765   -0.018765632
   30.563190000   -0.023717965   -0.030143774
   30.595635000   -0.035491880   -0.042202150
   30.628080000   -0.047988913   -0.054973917
   30.660525000   -0.061236498   -0.068493100
   30.692970000   -0.075260871   -0.082795139
   30.725415000   -0.090088190   -0.097917578
   30.757860000   -0.105745959   -0.113900825
   30.790305000   -0.122264670   -0.130788978
   30.822750000   -0.139679562   -0.148630623
   30.855195000   -0.158032383   -0.167479558
   30.887640000   -0.177373013   -0.187395369
   30.920085000   -0.197760826   -0.208443794
   30.952530000   -0.219265650   -0.230696808
   30.984975000   -0.241968227   -0.254232378
   31.017420000   -0.265960066   -0.279133850
   31.049865000   -0.291342643   -0.305488933
   31.082310000   -0.318225903   -0.333388291
   31.114755000   -0.346726079   -0.362923730
   31.147200000   -0.376962874   -0.394186038
   31.179645000   -0.409056078   -0.427262505
   31.212090000   -0.443121741   -0.462234205
   31.244535000   -0.479268028   -0.499173118
   31.276980000   -0.517590921   -0.538139173
   31.309425000   -0.558169929   -0.579177327
   31.341870000   -0.601063976   -0.622314756
   31.374315000   -0.646307633   -0.667558279
   31.406760000   -0.693907825   -0.714892082
   31.439205000   -0.743841153   -0.764275827
   31.471650000   -0.796051916   -0.815643221
   31.504095000   -0.850450898   -0.868901066
   31.536540000   -0.906914946   -0.923928845
   31.568985000   -0.965287344   -0.980578837
   31.601430000   -1.025378930   -1.038676757
   31.633875000   -1.086969909   -1.098022896
   31.666320000   -1.149812259   -1.158393728
   31.698765000   -1.213632643   -1.219543917
   31.731210000   -1.278135701   -1.281208684
   31.763655000   -1.343007612   -1.343106444
   31.796100000   -1.407919812   -1.404941672
   31.828545000   -1.472532770   -1.466407905
   31.860990000   -1.536499722   -1.527190836
   31.893435000   -1.599470303   -1.586971422
   31.925880000   -1.661093998   -1.645428978
   31.958325000   -1.721023414   -1.702244190
   31.990770000   -1.778917301   -1.757102025
   32.023215000   -1.834443365   -1.809694508
   32.055660000   -1.887280845   -1.859723347
   32.088105000   -1.937122883   -1.906902388
   32.120550000   -1.983678701   -1.950959903
   32.152995000   -2.026675603   -1.991640685
   32.185440000   -2.065860823   -2.028707982
   32.217885000   -2.101003222   -2.061945236
   32.250330000   -2.131894857   -2.091157647
   32.282775000   -2.158352395   -2.116173558
   32.315220000   -2.180218396   -2.136845664
   32.347665000   -2.197362434   -2.153052032
   32.380110000   -2.209682038   -2.164696945
   32.412555000   -2.217103460   -2.171711562
