    0.000000000   -2.089456216   -2.044472291
    0.018540000   -2.088646838   -2.043706717
    0.037080000   -2.086220284   -2.041411476
    0.055620000   -2.082181298   -2.037591002
    0.074160000   -2.076537770   -2.032252679
    0.092700000   -2.069300720   -2.025406817
    0.111240000   -2.060484272   -2.017066636
    0.129780000   -2.050105620   -2.007248233
    0.148320000   -2.038184986   -1.995970546
    0.166860000   -2.024745575   -1.983255314
    0.185400000   -2.009813518   -1.969127028
    0.203940000   -1.993417816   -1.953612873
    0.222480000   -1.975590272   -1.936742672
    0.241020000   -1.956365417   -1.918548811
    0.259560000   -1.935780438   -1.899066174
    0.278100000   -1.913875092   -1.878332056
    0.296640000   -1.890691617   -1.856386078
    0.315180000   -1.866274645   -1.833270095
    0.333720000   -1.840671100   -1.809028098
    0.352260000   -1.813930095   -1.783706103
    0.370800000   -1.786102826   -1.757352047
    0.389340000   -1.757242456   -1.730015662
    0.407880000   -1.727403998   -1.701748354
    0.426420000   -1.696644187   -1.672603073
    0.444960000   -1.665021352   -1.642634173
    0.463500000   -1.632595273   -1.611897268
    0.482040000   -1.599427039   -1.580449085
    0.500580000   -1.565578894   -1.548347305
    0.519120000   -1.531114075   -1.515650403
    0.537660000   -1.496096647   -1.482417483
    0.556200000   -1.460591324   -1.448708101
    0.574740000   -1.424663288   -1.414582093
    0.593280000   -1.388377993   -1.380099391
    0.611820000   -1.351800967   -1.345319840
    0.630360000   -1.314997608   -1.310303011
    0.648900000   -1.278032966   -1.275108010
    0.667440000   -1.240971528   -1.239793291
    0.685980000   -1.203876992   -1.204416462
    0.704520000   -1.166812040   -1.169034096
    0.723060000   -1.129838112   -1.133701547
    0.741600000   -1.093015172   -1.098472761
    0.760140000   -1.056401481   -1.063400100
    0.778680000   -1.020053372   -1.028534167
    0.797220000   -0.984025033   -0.993923641
    0.815760000   -0.948368288   -0.959615116
    0.834300000   -0.913132399   -0.925652956
    0.852840000   -0.878363875   -0.892079159
    0.871380000   -0.844106292   -0.858933231
    0.889920000   -0.810400136   -0.826252078
    0.908460000   -0.777282657   -0.794069907
    0.927000000   -0.744787751   -0.762418151
    0.945540000   -0.712945858   -0.731325405
    0.964080000   -0.681783889   -0.700817379
    0.982620000   -0.651325173   -0.670916875
    1.001160000   -0.621589434   -0.641643771
    1.019700000   -0.592592794   -0.613015041
    1.038240000   -0.564347804   -0.585044774
    1.056780000   -0.536863497   -0.557744227
    1.075320000   -0.510145482   -0.531121886
    1.093860000   -0.484196044   -0.505183552
    1.112400000   -0.459014287   -0.479932436
    1.130940000   -0.434596293   -0.455369272
    1.149480000   -0.410935303   -0.431492449
    1.168020000   -0.388021919   -0.408298148
    1.186560000   -0.365844322   -0.385780496
    1.205100000   -0.344388507   -0.363931724
    1.223640000   -0.323638528   -0.342742342
    1.242180000   -0.303576753   -0.322201304
    1.260720000   -0.284184120   -0.302296198
    1.279260000   -0.265440402   -0.283013415
    1.297800000   -0.247324465   -0.264338338
    1.316340000   -0.229814523   -0.246255516
    1.334880000   -0.212888390   -0.228748838
    1.353420000   -0.196523711   -0.211801703
    1.371960000   -0.180698191   -0.195397182
    1.390500000   -0.165389800   -0.179518168
    1.409040000   -0.150576962   -0.164147522
    1.427580000   -0.136238727   -0.149268198
    1.446120000   -0.122354915   -0.134863367
    1.464660000   -0.108906244   -0.120916521
    1.483200000   -0.095874428   -0.107411562
    1.501740000   -0.083242255   -0.094332882
    1.520280000   -0.070993642   -0.081665428
    1.538820000   -0.059113663   -0.069394747
    1.557360000   -0.047588554   -0.057507025
    1.575900000   -0.036405705   -0.045989108
    1.594440000   -0.025553620   -0.034828513
    1.612980000   -0.015021870   -0.024013426
    1.631520000   -0.004801024   -0.013532691
    1.650060000    0.005117431   -0.003375785
    1.668600000    0.014741181    0.006467207
    1.687140000    0.024077187    0.016005634
    1.705680000    0.033131785    0.025248315
    1.724220000    0.041910799    0.034203594
    1.742760000    0.050419645    0.042879379
    1.761300000    0.058663442    0.051283202
    1.779840000    0.066647110    0.059422265
    1.798380000    0.074375467    0.067303490
    1.816920000    0.081853317    0.074933567
    1.835460000    0.089085524    0.082319003
    1.854000000    0.096077082    0.089466157
    1.872540000    0.102833164    0.096381279
    1.891080000    0.109359167    0.103070542
    1.909620000    0.115660740    0.109540066
    1.928160000    0.121743791    0.115795940
    1.946700000    0.127614501    0.121844235
    1.965240000    0.133279301    0.127691010
    1.983780000    0.138744861    0.133342322
    2.002320000    0.144018050    0.138804216
    2.020860000    0.149105901    0.144082723
    2.039400000    0.154015558    0.149183847
    2.057940000    0.158754229    0.154113554
    2.076480000    0.163329121    0.158877747
    2.095020000    0.167747388    0.163482255
    2.113560000    0.172016065    0.167932807
    2.132100000    0.176142012    0.172235016
    2.150640000    0.180131860    0.176394349
    2.169180000    0.183991954    0.180416118
    2.187720000    0.187728315    0.184305451
    2.206260000    0.191346596    0.188067283
    2.224800000    0.194852052    0.191706338
    2.243340000    0.198249519    0.195227118
    2.261880000    0.201543401    0.198633898
    2.280420000    0.204737664    0.201930719
    2.298960000    0.207835838    0.205121388
    2.317500000    0.210841039    0.208209482
    2.336040000    0.213755981    0.211198351
    2.354580000    0.216583013    0.214091134
    2.373120000    0.219324148    0.216890765
    2.391660000    0.221981111    0.219599991
    2.410200000    0.224555380    0.222221391
    2.428740000    0.227048240    0.224757393
    2.447280000    0.229460826    0.227210294
    2.465820000    0.231794183    0.229582283
    2.484360000    0.234049310    0.231875460
    2.502900000    0.236227211    0.234091860
    2.521440000    0.238328939    0.236233469
    2.539980000    0.240355636    0.238302245
    2.558520000    0.242308570    0.240300132
    2.577060000    0.244189159    0.242229079
    2.595600000    0.245998999    0.244091046
    2.614140000    0.247739875    0.245888018
    2.632680000    0.249413767    0.247622010
    2.651220000    0.251022853    0.249295069
    2.669760000    0.252569502    0.250909276
    2.688300000    0.254056255    0.252466740
    2.706840000    0.255485811    0.253969601
    2.725380000    0.256860995    0.255420013
    2.743920000    0.258184731    0.256820140
    2.762460000    0.259460003    0.258172144
    2.781000000    0.260689824    0.259478169
    2.799540000    0.261877190    0.260740332
    2.818080000    0.263025045    0.261960703
    2.836620000    0.264136239    0.263141295
    2.855160000    0.265213492    0.264284049
    2.873700000    0.266259359    0.265390818
    2.892240000    0.267276198    0.266463357
    2.910780000    0.268266146    0.267503314
    2.929320000    0.269231094    0.268512216
    2.947860000    0.270172673    0.269491468
    2.966400000    0.271092244    0.270442343
    2.984940000    0.271990895    0.271365985
    3.003480000    0.272869443    0.272263407
    3.022020000    0.273728443    0.273135494
    3.040560000    0.274568205    0.273983007
    3.059100000    0.275388813    0.274806595
    3.077640000    0.276190148    0.275606797
    3.096180000    0.276971922    0.276384063
    3.114720000    0.277733708    0.277138758
    3.133260000    0.278474976    0.277871181
    3.151800000    0.279195129    0.278581579
    3.170340000    0.279893542    0.279270162
    3.188880000    0.280569597    0.279937118
    3.207420000    0.281222719    0.280582626
    3.225960000    0.281852409    0.281206877
    3.244500000    0.282458276    0.281810077
    3.263040000    0.283040059    0.282392467
    3.281580000    0.283597652    0.282954331
    3.300120000    0.284131118    0.283496000
    3.318660000    0.284640703    0.284017865
    3.337200000    0.285126838    0.284520377
    3.355740000    0.285590143    0.285004046
    3.374280000    0.286031419    0.285469447
    3.392820000    0.286451636    0.285917213
    3.411360000    0.286851920    0.286348032
    3.429900000    0.287233532    0.286762640
    3.448440000    0.287597842    0.287161811
    3.466980000    0.287946306    0.287546352
    3.485520000    0.288280432    0.287917088
    3.504060000    0.288601754    0.288274854
    3.522600000    0.288911795    0.288620478
    3.541140000    0.289212043    0.288954778
    3.559680000    0.289503915    0.289278540
    3.578220000    0.289788732    0.289592515
    3.596760000    0.290067692    0.289897405
    3.615300000    0.290341851    0.290193856
    3.633840000    0.290612102    0.290482448
    3.652380000    0.290879163    0.290763690
    3.670920000    0.291143567    0.291038018
    3.689460000    0.291405661    0.291305789
    3.708000000    0.291665602    0.291567284
    3.726540000    0.291923367    0.291822707
    3.745080000    0.292178761    0.292072189
    3.763620000    0.292431433    0.292315794
    3.782160000    0.292680898    0.292553523
    3.800700000    0.292926550    0.292785327
    3.819240000    0.293167698    0.293011112
    3.837780000    0.293403585    0.293230748
    3.856320000    0.293633418    0.293444086
    3.874860000    0.293856400    0.293650962
    3.893400000    0.294071753    0.293851214
    3.911940000    0.294278750    0.294044687
    3.930480000    0.294476737    0.294231249
    3.949020000    0.294665157    0.294410795
    3.967560000    0.294843572    0.294583261
    3.986100000    0.295011676    0.294748625
    4.004640000    0.295169310    0.294906917
    4.023180000    0.295316469    0.295058222
    4.041720000    0.295453305    0.295202679
    4.060260000    0.295580127    0.295340485
    4.078800000    0.295697396    0.295471894
    4.097340000    0.295805713    0.295597210
    4.115880000    0.295905811    0.295716786
    4.134420000    0.295998529    0.295831018
    4.152960000    0.296084801    0.295940335
    4.171500000    0.296165627    0.296045194
    4.190040000    0.296242051    0.296146066
    4.208580000    0.296315134    0.296243433
    4.227120000    0.296385933    0.296337773
    4.245660000    0.296455467    0.296429552
    4.264200000    0.296524698    0.296519215
    4.282740000    0.296594508    0.296607173
    4.301280000    0.296665675    0.296693801
    4.319820000    0.296738857    0.296779426
    4.338360000    0.296814579    0.296864324
    4.356900000    0.296893217    0.296948711
    4.375440000    0.296974999    0.297032745
    4.393980000    0.297059993    0.297116521
    4.412520000    0.297148117    0.297200074
    4.431060000    0.297239137    0.297283378
    4.449600000    0.297332683    0.297366349
    4.468140000    0.297428256    0.297448853
    4.486680000    0.297525250    0.297530708
    4.505220000    0.297622967    0.297611695
    4.523760000    0.297720640    0.297691561
    4.542300000    0.297817457    0.297770034
    4.560840000    0.297912582    0.297846827
    4.579380000    0.298005184    0.297921652
    4.597920000    0.298094457    0.297994224
    4.616460000    0.298179646    0.298064277
    4.635000000    0.298260068    0.298131565
    4.653540000    0.298335128    0.298195878
    4.672080000    0.298404344    0.298257041
    4.690620000    0.298467351    0.298314926
    4.709160000    0.298523917    0.298369453
    4.727700000    0.298573950    0.298420593
    4.746240000    0.298617498    0.298468372
    4.764780000    0.298654748    0.298512868
    4.783320000    0.298686021    0.298554214
    4.801860000    0.298711767    0.298592587
    4.820400000    0.298732547    0.298628215
    4.838940000    0.298749021    0.298661359
    4.857480000    0.298761929    0.298692317
    4.876020000    0.298772073    0.298721412
    4.894560000    0.298780293    0.298748982
    4.913100000    0.298787447    0.298775375
    4.931640000    0.298794386    0.298800939
    4.950180000    0.298801932    0.298826013
    4.968720000    0.298810858    0.298850918
    4.987260000    0.298821866    0.298875952
    5.005800000    0.298835571    0.298901378
    5.024340000    0.298852482    0.298927421
    5.042880000    0.298872995    0.298954265
    5.061420000    0.298897378    0.298982042
    5.079960000    0.298925769    0.299010838
    5.098500000    0.298958172    0.299040683
    5.117040000    0.298994458    0.299071559
    5.135580000    0.299034373    0.299103397
    5.154120000    0.299077542    0.299136082
    5.172660000    0.299123484    0.299169454
    5.191200000    0.299171628    0.299203318
    5.209740000    0.299221324    0.299237447
    5.228280000    0.299271869    0.299271590
    5.246820000    0.299322520    0.299305479
    5.265360000    0.299372522    0.299338839
    5.283900000    0.299421127    0.299371394
    5.302440000    0.299467612    0.299402877
    5.320980000    0.299511305    0.299433037
    5.339520000    0.299551598    0.299461646
    5.358060000    0.299587967    0.299488506
    5.376600000    0.299619989    0.299513456
    5.395140000    0.299647347    0.299536375
    5.413680000    0.299669845    0.299557186
    5.432220000    0.299687407    0.299575859
    5.450760000    0.299700086    0.299592411
    5.469300000    0.299708057    0.299606909
    5.487840000    0.299711613    0.299619461
    5.506380000    0.299711157    0.299630222
    5.524920000    0.299707193    0.299639384
    5.543460000    0.299700307    0.299647171
    5.562000000    0.299691156    0.299653838
    5.580540000    0.299680446    0.299659657
    5.599080000    0.299668915    0.299664916
    5.617620000    0.299657312    0.299669906
    5.636160000    0.299646375    0.299674919
    5.654700000    0.299636815    0.299680234
    5.673240000    0.299629292    0.299686115
    5.691780000    0.299624400    0.299692799
    5.710320000    0.299622653    0.299700494
    5.728860000    0.299624466    0.299709372
    5.747400000    0.299630151    0.299719566
    5.765940000    0.299639901    0.299731161
    5.784480000    0.299653795    0.299744202
    5.803020000    0.299671786    0.299758682
    5.821560000    0.299693714    0.299774552
    5.840100000    0.299719301    0.299791717
    5.858640000    0.299748166    0.299810042
    5.877180000    0.299779833    0.299829352
    5.895720000    0.299813745    0.299849444
    5.914260000    0.299849282    0.299870084
    5.932800000    0.299885775    0.299891022
    5.951340000    0.299922526    0.299911994
    5.969880000    0.299958829    0.299932731
    5.988420000    0.299993988    0.299952967
    6.006960000    0.300027336    0.299972445
    6.025500000    0.300058254    0.299990926
    6.044040000    0.300086188    0.300008193
    6.062580000    0.300110662    0.300024061
    6.081120000    0.300131294    0.300038377
    6.099660000    0.300147806    0.300051028
    6.118200000    0.300160028    0.300061944
    6.136740000    0.300167904    0.300071097
    6.155280000    0.300171495    0.300078503
    6.173820000    0.300170975    0.300084224
    6.192360000    0.300166626    0.300088362
    6.210900000    0.300158829    0.300091058
    6.229440000    0.300148057    0.300092489
    6.247980000    0.300134856    0.300092863
    6.266520000    0.300119835    0.300092410
    6.285060000    0.300103646    0.300091381
    6.303600000    0.300086967    0.300090034
    6.322140000    0.300070482    0.300088635
    6.340680000    0.300054865    0.300087445
    6.359220000    0.300040759    0.300086714
    6.377760000    0.300028761    0.300086676
    6.396300000    0.300019401    0.300087542
    6.414840000    0.300013134    0.300089491
    6.433380000    0.300010324    0.300092673
    6.451920000    0.300011235    0.300097195
    6.470460000    0.300016023    0.300103126
    6.489000000    0.300024737    0.300110494
    6.507540000    0.300037312    0.300119281
    6.526080000    0.300053574    0.300129430
    6.544620000    0.300073247    0.300140842
    6.563160000    0.300095957    0.300153381
    6.581700000    0.300121247    0.300166878
    6.600240000    0.300148586    0.300181135
    6.618780000    0.300177387    0.300195932
    6.637320000    0.300207022    0.300211032
    6.655860000    0.300236840    0.300226187
    6.674400000    0.300266185    0.300241148
    6.692940000    0.300294412    0.300255667
    6.711480000    0.300320910    0.300269510
    6.730020000    0.300345113    0.300282459
    6.748560000    0.300366519    0.300294317
    6.767100000    0.300384703    0.300304920
    6.785640000    0.300399328    0.300314135
    6.804180000    0.300410153    0.300321864
    6.822720000    0.300417042    0.300328053
    6.841260000    0.300419967    0.300332684
    6.859800000    0.300419006    0.300335784
    6.878340000    0.300414344    0.300337418
    6.896880000    0.300406263    0.300337692
    6.915420000    0.300395140    0.300336745
    6.933960000    0.300381430    0.300334750
    6.952500000    0.300365661    0.300331905
    6.971040000    0.300348409    0.300328430
    6.989580000    0.300330293    0.300324561
    7.008120000    0.300311949    0.300320542
    7.026660000    0.300294019    0.300316619
    7.045200000    0.300277127    0.300313033
    7.063740000    0.300261869    0.300310014
    7.082280000    0.300248790    0.300307774
    7.100820000    0.300238373    0.300306501
    7.119360000    0.300231026    0.300306355
    7.137900000    0.300227068    0.300307464
    7.156440000    0.300226724    0.300309917
    7.174980000    0.300230117    0.300313766
    7.193520000    0.300237265    0.300319024
    7.212060000    0.300248080    0.300325660
    7.230600000    0.300262375    0.300333608
    7.249140000    0.300279863    0.300342761
    7.267680000    0.300300169    0.300352980
    7.286220000    0.300322840    0.300364094
    7.304760000    0.300347359    0.300375907
    7.323300000    0.300373157    0.300388204
    7.341840000    0.300399628    0.300400753
    7.360380000    0.300426150    0.300413316
    7.378920000    0.300452098    0.300425655
    7.397460000    0.300476864    0.300437534
    7.416000000    0.300499873    0.300448733
    7.434540000    0.300520596    0.300459047
    7.453080000    0.300538571    0.300468296
    7.471620000    0.300553407    0.300476328
    7.490160000    0.300564802    0.300483023
    7.508700000    0.300572548    0.300488299
    7.527240000    0.300576536    0.300492110
    7.545780000    0.300576759    0.300494450
    7.564320000    0.300573314    0.300495353
    7.582860000    0.300566398    0.300494891
    7.601400000    0.300556300    0.300493172
    7.619940000    0.300543396    0.300490338
    7.638480000    0.300528139    0.300486559
    7.657020000    0.300511042    0.300482030
    7.675560000    0.300492668    0.300476967
    7.694100000    0.300473613    0.300471596
    7.712640000    0.300454489    0.300466152
    7.731180000    0.300435907    0.300460870
    7.749720000    0.300418464    0.300455978
    7.768260000    0.300402718    0.300451694
    7.786800000    0.300389182    0.300448214
    7.805340000    0.300378304    0.300445713
    7.823880000    0.300370458    0.300444337
    7.842420000    0.300365932    0.300444199
    7.860960000    0.300364921    0.300445376
    7.879500000    0.300367521    0.300447909
    7.898040000    0.300373728    0.300451799
    7.916580000    0.300383435    0.300457009
    7.935120000    0.300396442    0.300463463
    7.953660000    0.300412453    0.300471053
    7.972200000    0.300431090    0.300479635
    7.990740000    0.300451903    0.300489039
    8.009280000    0.300474381    0.300499071
    8.027820000    0.300497965    0.300509518
    8.046360000    0.300522069    0.300520157
    8.064900000    0.300546088    0.300530757
    8.083440000    0.300569424    0.300541088
    8.101980000    0.300591495    0.300550927
    8.120520000    0.300611753    0.300560064
    8.139060000    0.300629702    0.300568308
    8.157600000    0.300644908    0.300575490
    8.176140000    0.300657013    0.300581474
    8.194680000    0.300665744    0.300586151
    8.213220000    0.300670921    0.300589452
    8.231760000    0.300672461    0.300591343
    8.250300000    0.300670380    0.300591828
    8.268840000    0.300664793    0.300590950
    8.287380000    0.300655914    0.300588788
    8.305920000    0.300644042    0.300585457
    8.324460000    0.300629560    0.300581100
    8.343000000    0.300612923    0.300575892
    8.361540000    0.300594641    0.300570026
    8.380080000    0.300575270    0.300563716
    8.398620000    0.300555396    0.300557184
    8.417160000    0.300535614    0.300550660
    8.435700000    0.300516517    0.300544371
    8.454240000    0.300498679    0.300538536
    8.472780000    0.300482636    0.300533363
    8.491320000    0.300468874    0.300529036
    8.509860000    0.300457814    0.300525721
    8.528400000    0.300449803    0.300523548
    8.546940000    0.300445100    0.300522621
    8.565480000    0.300443874    0.300523004
    8.584020000    0.300446197    0.300524727
    8.602560000    0.300452041    0.300527779
    8.621100000    0.300461281    0.300532114
    8.639640000    0.300473696    0.300537648
    8.658180000    0.300488978    0.300544265
    8.676720000    0.300506740    0.300551816
    8.695260000    0.300526524    0.300560127
    8.713800000    0.300547818    0.300569001
    8.732340000    0.300570064    0.300578226
    8.750880000    0.300592681    0.300587579
    8.769420000    0.300615076    0.300596832
    8.787960000    0.300636661    0.300605760
    8.806500000    0.300656870    0.300614145
    8.825040000    0.300675173    0.300621784
    8.843580000    0.300691096    0.300628494
    8.862120000    0.300704226    0.300634115
    8.880660000    0.300714227    0.300638520
    8.899200000    0.300720850    0.300641610
    8.917740000    0.300723937    0.300643325
    8.936280000    0.300723427    0.300643640
    8.954820000    0.300719358    0.300642569
    8.973360000    0.300711864    0.300640161
    8.991900000    0.300701174    0.300636504
    9.010440000    0.300687601    0.300631718
    9.028980000    0.300671540    0.300625952
    9.047520000    0.300653452    0.300619382
    9.066060000    0.300633851    0.300612205
    9.084600000    0.300613294    0.300604635
    9.103140000    0.300592362    0.300596892
    9.121680000    0.300571645    0.300589203
    9.140220000    0.300551726    0.300581791
    9.158760000    0.300533165    0.300574870
    9.177300000    0.300516481    0.300568639
    9.195840000    0.300502144    0.300563278
    9.214380000    0.300490554    0.300558940
    9.232920000    0.300482036    0.300555750
    9.251460000    0.300476827    0.300553799
    9.270000000    0.300475075    0.300553142
    9.288540000    0.300476827    0.300553799
    9.307080000    0.300482036    0.300555750
    9.325620000    0.300490554    0.300558940
    9.344160000    0.300502144    0.300563278
    9.362700000    0.300516481    0.300568639
    9.381240000    0.300533165    0.300574870
    9.399780000    0.300551726    0.300581791
    9.418320000    0.300571645    0.300589203
    9.436860000    0.300592362    0.300596892
    9.455400000    0.300613294    0.300604635
    9.473940000    0.300633851    0.300612205
    9.492480000    0.300653452    0.300619382
    9.511020000    0.300671540    0.300625952
    9.529560000    0.300687601    0.300631718
    9.548100000    0.300701174    0.300636504
    9.566640000    0.300711864    0.300640161
    9.585180000    0.300719358    0.300642569
    9.603720000    0.300723427    0.300643640
    9.622260000    0.300723937    0.300643325
    9.640800000    0.300720850    0.300641610
    9.659340000    0.300714227    0.300638520
    9.677880000    0.300704226    0.300634115
    9.696420000    0.300691096    0.300628494
    9.714960000    0.300675173    0.300621784
    9.733500000    0.300656870    0.300614145
    9.752040000    0.300636661    0.300605760
    9.770580000    0.300615076    0.300596832
    9.789120000    0.300592681    0.300587579
    9.807660000    0.300570064    0.300578226
    9.826200000    0.300547818    0.300569001
    9.844740000    0.300526524    0.300560127
    9.863280000    0.300506740    0.300551816
    9.881820000    0.300488978    0.300544265
    9.900360000    0.300473696    0.300537648
    9.918900000    0.300461281    0.300532114
    9.937440000    0.300452041    0.300527779
    9.955980000    0.300446197    0.300524727
    9.974520000    0.300443874    0.300523004
    9.993060000    0.300445100    0.300522621
   10.011600000    0.300449803    0.300523548
   10.030140000    0.300457814    0.300525721
   10.048680000    0.300468874    0.300529036
   10.067220000    0.300482636    0.300533363
   10.085760000    0.300498679    0.300538536
   10.104300000    0.300516517    0.300544371
   10.122840000    0.300535614    0.300550660
   10.141380000    0.300555396    0.300557184
   10.159920000    0.300575270    0.300563716
   10.178460000    0.300594641    0.300570026
   10.197000000    0.300612923    0.300575892
   10.215540000    0.300629560    0.300581100
   10.234080000    0.300644042    0.300585457
   10.252620000    0.300655914    0.300588788
   10.271160000    0.300664793    0.300590950
   10.289700000    0.300670380    0.300591828
   10.308240000    0.300672461    0.300591343
   10.326780000    0.300670921    0.300589452
   10.345320000    0.300665744    0.300586151
   10.363860000    0.300657013    0.300581474
   10.382400000    0.300644908    0.300575490
   10.400940000    0.300629702    0.300568308
   10.419480000    0.300611753    0.300560064
   10.438020000    0.300591495    0.300550927
   10.456560000    0.300569424    0.300541088
   10.475100000    0.300546088    0.300530757
   10.493640000    0.300522069    0.300520157
   10.512180000    0.300497965    0.300509518
   10.530720000    0.300474381    0.300499071
   10.549260000    0.300451903    0.300489039
   10.567800000    0.300431090    0.300479635
   10.586340000    0.300412453    0.300471053
   10.604880000    0.300396442    0.300463463
   10.623420000    0.300383435    0.300457009
   10.641960000    0.300373728    0.300451799
   10.660500000    0.300367521    0.300447909
   10.679040000    0.300364921    0.300445376
   10.697580000    0.300365932    0.300444199
   10.716120000    0.300370458    0.300444337
   10.734660000    0.300378304    0.300445713
   10.753200000    0.300389182    0.300448214
   10.771740000    0.300402718    0.300451694
   10.790280000    0.300418464    0.300455978
   10.808820000    0.300435907    0.300460870
   10.827360000    0.300454489    0.300466152
   10.845900000    0.300473613    0.300471596
   10.864440000    0.300492668    0.300476967
   10.882980000    0.300511042    0.300482030
   10.901520000    0.300528139    0.300486559
   10.920060000    0.300543396    0.300490338
   10.938600000    0.300556300    0.300493172
   10.957140000    0.300566398    0.300494891
   10.975680000    0.300573314    0.300495353
   10.994220000    0.300576759    0.300494450
   11.012760000    0.300576536    0.300492110
   11.031300000    0.300572548    0.300488299
   11.049840000    0.300564802    0.300483023
   11.068380000    0.300553407    0.300476328
   11.086920000    0.300538571    0.300468296
   11.105460000    0.300520596    0.300459047
   11.124000000    0.300499873    0.300448733
   11.142540000    0.300476864    0.300437534
   11.161080000    0.300452098    0.300425655
   11.179620000    0.300426150    0.300413316
   11.198160000    0.300399628    0.300400753
   11.216700000    0.300373157    0.300388204
   11.235240000    0.300347359    0.300375907
   11.253780000    0.300322840    0.300364094
   11.272320000    0.300300169    0.300352980
   11.290860000    0.300279863    0.300342761
   11.309400000    0.300262375    0.300333608
   11.327940000    0.300248080    0.300325660
   11.346480000    0.300237265    0.300319024
   11.365020000    0.300230117    0.300313766
   11.383560000    0.300226724    0.300309917
   11.402100000    0.300227068    0.300307464
   11.420640000    0.300231026    0.300306355
   11.439180000    0.300238373    0.300306501
   11.457720000    0.300248790    0.300307774
   11.476260000    0.300261869    0.300310014
   11.494800000    0.300277127    0.300313033
   11.513340000    0.300294019    0.300316619
   11.531880000    0.300311949    0.300320542
   11.550420000    0.300330293    0.300324561
   11.568960000    0.300348409    0.300328430
   11.587500000    0.300365661    0.300331905
   11.606040000    0.300381430    0.300334750
   11.624580000    0.300395140    0.300336745
   11.643120000    0.300406263    0.300337692
   11.661660000    0.300414344    0.300337418
   11.680200000    0.300419006    0.300335784
   11.698740000    0.300419967    0.300332684
   11.717280000    0.300417042    0.300328053
   11.735820000    0.300410153    0.300321864
   11.754360000    0.300399328    0.300314135
   11.772900000    0.300384703    0.300304920
   11.791440000    0.300366519    0.300294317
   11.809980000    0.300345113    0.300282459
   11.828520000    0.300320910    0.300269510
   11.847060000    0.300294412    0.300255667
   11.865600000    0.300266185    0.300241148
   11.884140000    0.300236840    0.300226187
   11.902680000    0.300207022    0.300211032
   11.921220000    0.300177387    0.300195932
   11.939760000    0.300148586    0.300181135
   11.958300000    0.300121247    0.300166878
   11.976840000    0.300095957    0.300153381
   11.995380000    0.300073247    0.300140842
   12.013920000    0.300053574    0.300129430
   12.032460000    0.300037312    0.300119281
   12.051000000    0.300024737    0.300110494
   12.069540000    0.300016023    0.300103126
   12.088080000    0.300011235    0.300097195
   12.106620000    0.300010324    0.300092673
   12.125160000    0.300013134    0.300089491
   12.143700000    0.300019401    0.300087542
   12.162240000    0.300028761    0.300086676
   12.180780000    0.300040759    0.300086714
   12.199320000    0.300054865    0.300087445
   12.217860000    0.300070482    0.300088635
   12.236400000    0.300086967    0.300090034
   12.254940000    0.300103646    0.300091381
   12.273480000    0.300119835    0.300092410
   12.292020000    0.300134856    0.300092863
   12.310560000    0.300148057    0.300092489
   12.329100000    0.300158829    0.300091058
   12.347640000    0.300166626    0.300088362
   12.366180000    0.300170975    0.300084224
   12.384720000    0.300171495    0.300078503
   12.403260000    0.300167904    0.300071097
   12.421800000    0.300160028    0.300061944
   12.440340000    0.300147806    0.300051028
   12.458880000    0.300131294    0.300038377
   12.477420000    0.300110662    0.300024061
   12.495960000    0.300086188    0.300008193
   12.514500000    0.300058254    0.299990926
   12.533040000    0.300027336    0.299972445
   12.551580000    0.299993988    0.299952967
   12.570120000    0.299958829    0.299932731
   12.588660000    0.299922526    0.299911994
   12.607200000    0.299885775    0.299891022
   12.625740000    0.299849282    0.299870084
   12.644280000    0.299813745    0.299849444
   12.662820000    0.299779833    0.299829352
   12.681360000    0.299748166    0.299810042
   12.699900000    0.299719301    0.299791717
   12.718440000    0.299693714    0.299774552
   12.736980000    0.299671786    0.299758682
   12.755520000    0.299653795    0.299744202
   12.774060000    0.299639901    0.299731161
   12.792600000    0.299630151    0.299719566
   12.811140000    0.299624466    0.299709372
   12.829680000    0.299622653    0.299700494
   12.848220000    0.299624400    0.299692799
   12.866760000    0.299629292    0.299686115
   12.885300000    0.299636815    0.299680234
   12.903840000    0.299646375    0.299674919
   12.922380000    0.299657312    0.299669906
   12.940920000    0.299668915    0.299664916
   12.959460000    0.299680446    0.299659657
   12.978000000    0.299691156    0.299653838
   12.996540000    0.299700307    0.299647171
   13.015080000    0.299707193    0.299639384
   13.033620000    0.299711157    0.299630222
   13.052160000    0.299711613    0.299619461
   13.070700000    0.299708057    0.299606909
   13.089240000    0.299700086    0.299592411
   13.107780000    0.299687407    0.299575859
   13.126320000    0.299669845    0.299557186
   13.144860000    0.299647347    0.299536375
   13.163400000    0.299619989    0.299513456
   13.181940000    0.299587967    0.299488506
   13.200480000    0.299551598    0.299461646
   13.219020000    0.299511305    0.299433037
   13.237560000    0.299467612    0.299402877
   13.256100000    0.299421127    0.299371394
   13.274640000    0.299372522    0.299338839
   13.293180000    0.299322520    0.299305479
   13.311720000    0.299271869    0.299271590
   13.330260000    0.299221324    0.299237447
   13.348800000    0.299171628    0.299203318
   13.367340000    0.299123484    0.299169454
   13.385880000    0.299077542    0.299136082
   13.404420000    0.299034373    0.299103397
   13.422960000    0.298994458    0.299071559
   13.441500000    0.298958172    0.299040683
   13.460040000    0.298925769    0.299010838
   13.478580000    0.298897378    0.298982042
   13.497120000    0.298872995    0.298954265
   13.515660000    0.298852482    0.298927421
   13.534200000    0.298835571    0.298901378
   13.552740000    0.298821866    0.298875952
   13.571280000    0.298810858    0.298850918
   13.589820000    0.298801932    0.298826013
   13.608360000    0.298794386    0.298800939
   13.626900000    0.298787447    0.298775375
   13.645440000    0.298780293    0.298748982
   13.663980000    0.298772073    0.298721412
   13.682520000    0.298761929    0.298692317
   13.701060000    0.298749021    0.298661359
   13.719600000    0.298732547    0.298628215
   13.738140000    0.298711767    0.298592587
   13.756680000    0.298686021    0.298554214
   13.775220000    0.298654748    0.298512868
   13.793760000    0.298617498    0.298468372
   13.812300000    0.298573950    0.298420593
   13.830840000    0.298523917    0.298369453
   13.849380000    0.298467351    0.298314926
   13.867920000    0.298404344    0.298257041
   13.886460000    0.298335128    0.298195878
   13.905000000    0.298260068    0.298131565
   13.923540000    0.298179646    0.298064277
   13.942080000    0.298094457    0.297994224
   13.960620000    0.298005184    0.297921652
   13.979160000    0.297912582    0.297846827
   13.997700000    0.297817457    0.297770034
   14.016240000    0.297720640    0.297691561
   14.034780000    0.297622967    0.297611695
   14.053320000    0.297525250    0.297530708
   14.071860000    0.297428256    0.297448853
   14.090400000    0.297332683    0.297366349
   14.108940000    0.297239137    0.297283378
   14.127480000    0.297148117    0.297200074
   14.146020000    0.297059993    0.297116521
   14.164560000    0.296974999    0.297032745
   14.183100000    0.296893217    0.296948711
   14.201640000    0.296814579    0.296864324
   14.220180000    0.296738857    0.296779426
   14.238720000    0.296665675    0.296693801
   14.257260000    0.296594508    0.296607173
   14.275800000    0.296524698    0.296519215
   14.294340000    0.296455467    0.296429552
   14.312880000    0.296385933    0.296337773
   14.331420000    0.296315134    0.296243433
   14.349960000    0.296242051    0.296146066
   14.368500000    0.296165627    0.296045194
   14.387040000    0.296084801    0.295940335
   14.405580000    0.295998529    0.295831018
   14.424120000    0.295905811    0.295716786
   14.442660000    0.295805713    0.295597210
   14.461200000    0.295697396    0.295471894
   14.479740000    0.295580127    0.295340485
   14.498280000    0.295453305    0.295202679
   14.516820000    0.295316469    0.295058222
   14.535360000    0.295169310    0.294906917
   14.553900000    0.295011676    0.294748625
   14.572440000    0.294843572    0.294583261
   14.590980000    0.294665157    0.294410795
   14.609520000    0.294476737    0.294231249
   14.628060000    0.294278750    0.294044687
   14.646600000    0.294071753    0.293851214
   14.665140000    0.293856400    0.293650962
   14.683680000    0.293633418    0.293444086
   14.702220000    0.293403585    0.293230748
   14.720760000    0.293167698    0.293011112
   14.739300000    0.292926550    0.292785327
   14.757840000    0.292680898    0.292553523
   14.776380000    0.292431433    0.292315794
   14.794920000    0.292178761    0.292072189
   14.813460000    0.291923367    0.291822707
   14.832000000    0.291665602    0.291567284
   14.850540000    0.291405661    0.291305789
   14.869080000    0.291143567    0.291038018
   14.887620000    0.290879163    0.290763690
   14.906160000    0.290612102    0.290482448
   14.924700000    0.290341851    0.290193856
   14.943240000    0.290067692    0.289897405
   14.961780000    0.289788732    0.289592515
   14.980320000    0.289503915    0.289278540
   14.998860000    0.289212043    0.288954778
   15.017400000    0.288911795    0.288620478
   15.035940000    0.288601754    0.288274854
   15.054480000    0.288280432    0.287917088
   15.073020000    0.287946306    0.287546352
   15.091560000    0.287597842    0.287161811
   15.110100000    0.287233532    0.286762640
   15.128640000    0.286851920    0.286348032
   15.147180000    0.286451636    0.285917213
   15.165720000    0.286031419    0.285469447
   15.184260000    0.285590143    0.285004046
   15.202800000    0.285126838    0.284520377
   15.221340000    0.284640703    0.284017865
   15.239880000    0.284131118    0.283496000
   15.258420000    0.283597652    0.282954331
   15.276960000    0.283040059    0.282392467
   15.295500000    0.282458276    0.281810077
   15.314040000    0.281852409    0.281206877
   15.332580000    0.281222719    0.280582626
   15.351120000    0.280569597    0.279937118
   15.369660000    0.279893542    0.279270162
   15.388200000    0.279195129    0.278581579
   15.406740000    0.278474976    0.277871181
   15.425280000    0.277733708    0.277138758
   15.443820000    0.276971922    0.276384063
   15.462360000    0.276190148    0.275606797
   15.480900000    0.275388813    0.274806595
   15.499440000    0.274568205    0.273983007
   15.517980000    0.273728443    0.273135494
   15.536520000    0.272869443    0.272263407
   15.555060000    0.271990895    0.271365985
   15.573600000    0.271092244    0.270442343
   15.592140000    0.270172673    0.269491468
   15.610680000    0.269231094    0.268512216
   15.629220000    0.268266146    0.267503314
   15.647760000    0.267276198    0.266463357
   15.666300000    0.266259359    0.265390818
   15.684840000    0.265213492    0.264284049
   15.703380000    0.264136239    0.263141295
   15.721920000    0.263025045    0.261960703
   15.740460000    0.261877190    0.260740332
   15.759000000    0.260689824    0.259478169
   15.777540000    0.259460003    0.258172144
   15.796080000    0.258184731    0.256820140
   15.814620000    0.256860995    0.255420013
   15.833160000    0.255485811    0.253969601
   15.851700000    0.254056255    0.252466740
   15.870240000    0.252569502    0.250909276
   15.888780000    0.251022853    0.249295069
   15.907320000    0.249413767    0.247622010
   15.925860000    0.247739875    0.245888018
   15.944400000    0.245998999    0.244091046
   15.962940000    0.244189159    0.242229079
   15.981480000    0.242308570    0.240300132
   16.000020000    0.240355636    0.238302245
   16.018560000    0.238328939    0.236233469
   16.037100000    0.236227211    0.234091860
   16.055640000    0.234049310    0.231875460
   16.074180000    0.231794183    0.229582283
   16.092720000    0.229460826    0.227210294
   16.111260000    0.227048240    0.224757393
   16.129800000    0.224555380    0.222221391
   16.148340000    0.221981111    0.219599991
   16.166880000    0.219324148    0.216890765
   16.185420000    0.216583013    0.214091134
   16.203960000    0.213755981    0.211198351
   16.222500000    0.210841039    0.208209482
   16.241040000    0.207835838    0.205121388
   16.259580000    0.204737664    0.201930719
   16.278120000    0.201543401    0.198633898
   16.296660000    0.198249519    0.195227118
   16.315200000    0.194852052    0.191706338
   16.333740000    0.191346596    0.188067283
   16.352280000    0.187728315    0.184305451
   16.370820000    0.183991954    0.180416118
   16.389360000    0.180131860    0.176394349
   16.407900000    0.176142012    0.172235016
   16.426440000    0.172016065    0.167932807
   16.444980000    0.167747388    0.163482255
   16.463520000    0.163329121    0.158877747
   16.482060000    0.158754229    0.154113554
   16.500600000    0.154015558    0.149183847
   16.519140000    0.149105901    0.144082723
   16.537680000    0.144018050    0.138804216
   16.556220000    0.138744861    0.133342322
   16.574760000    0.133279301    0.127691010
   16.593300000    0.127614501    0.121844235
   16.611840000    0.121743791    0.115795940
   16.630380000    0.115660740    0.109540066
   16.648920000    0.109359167    0.103070542
   16.667460000    0.102833164    0.096381279
   16.686000000    0.096077082    0.089466157
   16.704540000    0.089085524    0.082319003
   16.723080000    0.081853317    0.074933567
   16.741620000    0.074375467    0.067303490
   16.760160000    0.066647110    0.059422265
   16.778700000    0.058663442    0.051283202
   16.797240000    0.050419645    0.042879379
   16.815780000    0.041910799    0.034203594
   16.834320000    0.033131785    0.025248315
   16.852860000    0.024077187    0.016005634
   16.871400000    0.014741181    0.006467207
   16.889940000    0.005117431   -0.003375785
   16.908480000   -0.004801024   -0.013532691
   16.927020000   -0.015021870   -0.024013426
   16.945560000   -0.025553620   -0.034828513
   16.964100000   -0.036405705   -0.045989108
   16.982640000   -0.047588554   -0.057507025
   17.001180000   -0.059113663   -0.069394747
   17.019720000   -0.070993642   -0.081665428
   17.038260000   -0.083242255   -0.094332882
   17.056800000   -0.095874428   -0.107411562
   17.075340000   -0.108906244   -0.120916521
   17.093880000   -0.122354915   -0.134863367
   17.112420000   -0.136238727   -0.149268198
   17.130960000   -0.150576962   -0.164147522
   17.149500000   -0.165389800   -0.179518168
   17.168040000   -0.180698191   -0.195397182
   17.186580000   -0.196523711   -0.211801703
   17.205120000   -0.212888390   -0.228748838
   17.223660000   -0.229814523   -0.246255516
   17.242200000   -0.247324465   -0.264338338
   17.260740000   -0.265440402   -0.283013415
   17.279280000   -0.284184120   -0.302296198
   17.297820000   -0.303576753   -0.322201304
   17.316360000   -0.323638528   -0.342742342
   17.334900000   -0.344388507   -0.363931724
   17.353440000   -0.365844322   -0.385780496
   17.371980000   -0.388021919   -0.408298148
   17.390520000   -0.410935303   -0.431492449
   17.409060000   -0.434596293   -0.455369272
   17.427600000   -0.459014287   -0.479932436
   17.446140000   -0.484196044   -0.505183552
   17.464680000   -0.510145482   -0.531121886
   17.483220000   -0.536863497   -0.557744227
   17.501760000   -0.564347804   -0.585044774
   17.520300000   -0.592592794   -0.613015041
   17.538840000   -0.621589434   -0.641643771
   17.557380000   -0.651325173   -0.670916875
   17.575920000   -0.681783889   -0.700817379
   17.594460000   -0.712945858   -0.731325405
   17.613000000   -0.744787751   -0.762418151
   17.631540000   -0.777282657   -0.794069907
   17.650080000   -0.810400136   -0.826252078
   17.668620000   -0.844106292   -0.858933231
   17.687160000   -0.878363875   -0.892079159
   17.705700000   -0.913132399   -0.925652956
   17.724240000   -0.948368288   -0.959615116
   17.742780000   -0.984025033   -0.993923641
   17.761320000   -1.020053372   -1.028534167
   17.779860000   -1.056401481   -1.063400100
   17.798400000   -1.093015172   -1.098472761
   17.816940000   -1.129838112   -1.133701547
   17.835480000   -1.166812040   -1.169034096
   17.854020000   -1.203876992   -1.204416462
   17.872560000   -1.240971528   -1.239793291
   17.891100000   -1.278032966   -1.275108010
   17.909640000   -1.314997608   -1.310303011
   17.928180000   -1.351800967   -1.345319840
   17.946720000   -1.388377993   -1.380099391
   17.965260000   -1.424663288   -1.414582093
   17.983800000   -1.460591324   -1.448708101
   18.002340000   -1.496096647   -1.482417483
   18.020880000   -1.531114075   -1.515650403
   18.039420000   -1.565578894   -1.548347305
   18.057960000   -1.599427039   -1.580449085
   18.076500000   -1.632595273   -1.611897268
   18.095040000   -1.665021352   -1.642634173
   18.113580000   -1.696644187   -1.672603073
   18.132120000   -1.727403998   -1.701748354
   18.150660000   -1.757242456   -1.730015662
   18.169200000   -1.786102826   -1.757352047
   18.187740000   -1.813930095   -1.783706103
   18.206280000   -1.840671100   -1.809028098
   18.224820000   -1.866274645   -1.833270095
   18.243360000   -1.890691617   -1.856386078
   18.261900000   -1.913875092   -1.878332056
   18.280440000   -1.935780438   -1.899066174
   18.298980000   -1.956365417   -1.918548811
   18.317520000   -1.975590272   -1.936742672
   18.336060000   -1.993417816   -1.953612873
   18.354600000   -2.009813518   -1.969127028
   18.373140000   -2.024745575   -1.983255314
   18.391680000   -2.038184986   -1.995970546
   18.410220000   -2.050105620   -2.007248233
   18.428760000   -2.060484272   -2.017066636
   18.447300000   -2.069300720   -2.025406817
   18.465840000   -2.076537770   -2.032252679
   18.484380000   -2.082181298   -2.037591002
   18.502920000   -2.086220284   -2.041411476
   18.521460000   -2.088646838   -2.043706717
