    0.000000000   -2.077588480   -2.036101644
    0.027810000   -2.075826595   -2.034449996
    0.055620000   -2.070550722   -2.029502989
    0.083430000   -2.061790029   -2.021284345
    0.111240000   -2.049592518   -2.009833300
    0.139050000   -2.034024145   -1.995204170
    0.166860000   -2.015167660   -1.977465765
    0.194670000   -1.993121219   -1.956700672
    0.222480000   -1.967996846   -1.933004440
    0.250290000   -1.939918830   -1.906484690
    0.278100000   -1.909022103   -1.877260179
    0.305910000   -1.875450707   -1.845459856
    0.333720000   -1.839356378   -1.811221919
    0.361530000   -1.800897312   -1.774692913
    0.389340000   -1.760237142   -1.736026863
    0.417150000   -1.717544142   -1.695384466
    0.444960000   -1.672990654   -1.652932324
    0.472770000   -1.626752724   -1.608842229
    0.500580000   -1.579009913   -1.563290455
    0.528390000   -1.529945226   -1.516457056
    0.556200000   -1.479745109   -1.468525142
    0.584010000   -1.428599415   -1.419680089
    0.611820000   -1.376701296   -1.370108677
    0.639630000   -1.324246898   -1.319998118
    0.667440000   -1.271434819   -1.269534975
    0.695250000   -1.218465233   -1.218903955
    0.723060000   -1.165538657   -1.168286583
    0.750870000   -1.112854324   -1.117859785
    0.778680000   -1.060608168   -1.067794395
    0.806490000   -1.008990483   -1.018253625
    0.834300000   -0.958183303   -0.969391552
    0.862110000   -0.908357644   -0.921351662
    0.889920000   -0.859670719   -0.874265510
    0.917730000   -0.812263303   -0.828251541
    0.945540000   -0.766257398   -0.783414125
    0.973350000   -0.721754355   -0.739842838
    1.001160000   -0.678833596   -0.697612030
    1.028970000   -0.637552020   -0.656780677
    1.056780000   -0.597944173   -0.617392553
    1.084590000   -0.560023168   -0.579476686
    1.112400000   -0.523782311   -0.543048098
    1.140210000   -0.489197344   -0.508108793
    1.168020000   -0.456229155   -0.474648951
    1.195830000   -0.424826792   -0.442648287
    1.223640000   -0.394930579   -0.412077521
    1.251450000   -0.366475173   -0.382899907
    1.279260000   -0.339392375   -0.355072764
    1.307070000   -0.313613562   -0.328548968
    1.334880000   -0.289071651   -0.303278351
    1.362690000   -0.265702532   -0.279208977
    1.390500000   -0.243445986   -0.256288258
    1.418310000   -0.222246110   -0.234463898
    1.446120000   -0.202051339   -0.213684656
    1.473930000   -0.182814154   -0.193900913
    1.501740000   -0.164490588   -0.175065072
    1.529550000   -0.147039640   -0.157131795
    1.557360000   -0.130422683   -0.140058100
    1.585170000   -0.114602947   -0.123803351
    1.612980000   -0.099545114   -0.108329157
    1.640790000   -0.085215051   -0.093599221
    1.668600000   -0.071579678   -0.079579158
    1.696410000   -0.058606943   -0.066236308
    1.724220000   -0.046265874   -0.053539549
    1.752030000   -0.034526662   -0.041459150
    1.779840000   -0.023360756   -0.029966635
    1.807650000   -0.012740914   -0.019034695
    1.835460000   -0.002641226   -0.008637116
    1.863270000    0.006962928    0.001251256
    1.891080000    0.016094948    0.010654545
    1.918890000    0.024777120    0.019595858
    1.946700000    0.033030739    0.028097294
    1.974510000    0.040876204    0.036179964
    2.002320000    0.048333112    0.043864009
    2.030130000    0.055420304    0.051168630
    2.057940000    0.062155884    0.058112126
    2.085750000    0.068557210    0.064711939
    2.113560000    0.074640867    0.070984697
    2.141370000    0.080422637    0.076946263
    2.169180000    0.085917478    0.082611779
    2.196990000    0.091139521    0.087995700
    2.224800000    0.096102099    0.093111827
    2.252610000    0.100817796    0.097973338
    2.280420000    0.105298520    0.102592799
    2.308230000    0.109555589    0.106982190
    2.336040000    0.113599817    0.111152914
    2.363850000    0.117441582    0.115115819
    2.391660000    0.121090888    0.118881212
    2.419470000    0.124557385    0.122458883
    2.447280000    0.127850376    0.125858130
    2.475090000    0.130978788    0.129087783
    2.502900000    0.133951146    0.132156235
    2.530710000    0.136775526    0.135071471
    2.558520000    0.139459526    0.137841089
    2.586330000    0.142010251    0.140472324
    2.614140000    0.144434318    0.142972070
    2.641950000    0.146737887    0.145346893
    2.669760000    0.148926711    0.147603040
    2.697570000    0.151006200    0.149746452
    2.725380000    0.152981495    0.151782771
    2.753190000    0.154857530    0.153717349
    2.781000000    0.156639084    0.155555259
    2.808810000    0.158330817    0.157301305
    2.836620000    0.159937272    0.158960040
    2.864430000    0.161462872    0.160535783
    2.892240000    0.162911883    0.162032633
    2.920050000    0.164288380    0.163454492
    2.947860000    0.165596213    0.164805076
    2.975670000    0.166838974    0.166087932
    3.003480000    0.168019985    0.167306450
    3.031290000    0.169142306    0.168463867
    3.059100000    0.170208755    0.169563273
    3.086910000    0.171221947    0.170607615
    3.114720000    0.172184345    0.171599691
    3.142530000    0.173098306    0.172542159
    3.170340000    0.173966122    0.173437532
    3.198150000    0.174790054    0.174288184
    3.225960000    0.175572335    0.175096357
    3.253770000    0.176315174    0.175864166
    3.281580000    0.177020727    0.176593609
    3.309390000    0.177691071    0.177286581
    3.337200000    0.178328168    0.177944882
    3.365010000    0.178933834    0.178570226
    3.392820000    0.179509721    0.179164250
    3.420630000    0.180057307    0.179728523
    3.448440000    0.180577915    0.180264540
    3.476250000    0.181072731    0.180773733
    3.504060000    0.181542843    0.181257462
    3.531870000    0.181989281    0.181717018
    3.559680000    0.182413056    0.182153624
    3.587490000    0.182815190    0.182568430
    3.615300000    0.183196730    0.182962519
    3.643110000    0.183558753    0.183336909
    3.670920000    0.183902351    0.183692560
    3.698730000    0.184228606    0.184030380
    3.726540000    0.184538563    0.184351234
    3.754350000    0.184833192    0.184655947
    3.782160000    0.185113372    0.184945314
    3.809970000    0.185379870    0.185220101
    3.837780000    0.185633343    0.185481047
    3.865590000    0.185874350    0.185728864
    3.893400000    0.186103375    0.185964234
    3.921210000    0.186320863    0.186187809
    3.949020000    0.186527244    0.186400204
    3.976830000    0.186722967    0.186601997
    4.004640000    0.186908521    0.186793729
    4.032450000    0.187084432    0.186975900
    4.060260000    0.187251268    0.187148980
    4.088070000    0.187409615    0.187313406
    4.115880000    0.187560053    0.187469591
    4.143690000    0.187703126    0.187617925
    4.171500000    0.187839321    0.187758786
    4.199310000    0.187969045    0.187892539
    4.227120000    0.188092621    0.188019539
    4.254930000    0.188210291    0.188140132
    4.282740000    0.188322233    0.188254654
    4.310550000    0.188428587    0.188363425
    4.338360000    0.188529479    0.188466750
    4.366170000    0.188625056    0.188564916
    4.393980000    0.188715500    0.188658187
    4.421790000    0.188801044    0.188746807
    4.449600000    0.188881973    0.188831000
    4.477410000    0.188958609    0.188910971
    4.505220000    0.189031297    0.188986913
    4.533030000    0.189100373    0.189059006
    4.560840000    0.189166146    0.189127429
    4.588650000    0.189228869    0.189192354
    4.616460000    0.189288734    0.189253956
    4.644270000    0.189345864    0.189312406
    4.672080000    0.189400322    0.189367878
    4.699890000    0.189452131    0.189420540
    4.727700000    0.189501296    0.189470555
    4.755510000    0.189547829    0.189518073
    4.783320000    0.189591771    0.189563236
    4.811130000    0.189633208    0.189606169
    4.838940000    0.189672277    0.189646982
    4.866750000    0.189709160    0.189685775
    4.894560000    0.189744070    0.189722634
    4.922370000    0.189777231    0.189757641
    4.950180000    0.189808853    0.189790870
    4.977990000    0.189839115    0.189822400
    5.005800000    0.189868141    0.189852307
    5.033610000    0.189895998    0.189880674
    5.061420000    0.189922699    0.189907584
    5.089230000    0.189948209    0.189933122
    5.117040000    0.189972473    0.189957374
    5.144850000    0.189995429    0.189980420
    5.172660000    0.190017038    0.190002333
    5.200470000    0.190037298    0.190023179
    5.228280000    0.190056254    0.190043011
    5.256090000    0.190074001    0.190061875
    5.283900000    0.190090675    0.190079808
    5.311710000    0.190106436    0.190096842
    5.339520000    0.190121445    0.190113006
    5.367330000    0.190135849    0.190128329
    5.395140000    0.190149754    0.190142846
    5.422950000    0.190163222    0.190156593
    5.450760000    0.190176259    0.190169614
    5.478570000    0.190188829    0.190181955
    5.506380000    0.190200862    0.190193665
    5.534190000    0.190212275    0.190204794
    5.562000000    0.190222995    0.190215385
    5.589810000    0.190232976    0.190225478
    5.617620000    0.190242210    0.190235105
    5.645430000    0.190250740    0.190244288
    5.673240000    0.190258649    0.190253043
    5.701050000    0.190266052    0.190261379
    5.728860000    0.190273081    0.190269304
    5.756670000    0.190279860    0.190276824
    5.784480000    0.190286490    0.190283947
    5.812290000    0.190293031    0.190290686
    5.840100000    0.190299499    0.190297061
    5.867910000    0.190305862    0.190303095
    5.895720000    0.190312052    0.190308814
    5.923530000    0.190317979    0.190314249
    5.951340000    0.190323552    0.190319428
    5.979150000    0.190328696    0.190324376
    6.006960000    0.190333368    0.190329112
    6.034770000    0.190337570    0.190333648
    6.062580000    0.190341346    0.190337992
    6.090390000    0.190344779    0.190342143
    6.118200000    0.190347975    0.190346099
    6.146010000    0.190351046    0.190349855
    6.173820000    0.190354094    0.190353409
    6.201630000    0.190357191    0.190356763
    6.229440000    0.190360368    0.190359922
    6.257250000    0.190363612    0.190362899
    6.285060000    0.190366873    0.190365710
    6.312870000    0.190370070    0.190368377
    6.340680000    0.190373110    0.190370919
    6.368490000    0.190375908    0.190373358
    6.396300000    0.190378400    0.190375708
    6.424110000    0.190380559    0.190377979
    6.451920000    0.190382399    0.190380177
    6.479730000    0.190383973    0.190382298
    6.507540000    0.190385366    0.190384337
    6.535350000    0.190386677    0.190386285
    6.563160000    0.190388005    0.190388134
    6.590970000    0.190389429    0.190389878
    6.618780000    0.190390996    0.190391516
    6.646590000    0.190392713    0.190393051
    6.674400000    0.190394546    0.190394492
    6.702210000    0.190396430    0.190395853
    6.730020000    0.190398275    0.190397150
    6.757830000    0.190399992    0.190398398
    6.785640000    0.190401503    0.190399610
    6.813450000    0.190402759    0.190400797
    6.841260000    0.190403747    0.190401962
    6.869070000    0.190404493    0.190403104
    6.896880000    0.190405062    0.190404216
    6.924690000    0.190405538    0.190405290
    6.952500000    0.190406015    0.190406313
    6.980310000    0.190406579    0.190407279
    7.008120000    0.190407292    0.190408179
    7.035930000    0.190408182    0.190409015
    7.063740000    0.190409236    0.190409789
    7.091550000    0.190410408    0.190410512
    7.119360000    0.190411622    0.190411195
    7.147170000    0.190412792    0.190411852
    7.174980000    0.190413833    0.190412498
    7.202790000    0.190414682    0.190413141
    7.230600000    0.190415305    0.190413789
    7.258410000    0.190415705    0.190414440
    7.286220000    0.190415923    0.190415091
    7.314030000    0.190416028    0.190415733
    7.341840000    0.190416105    0.190416356
    7.369650000    0.190416242    0.190416948
    7.397460000    0.190416511    0.190417500
    7.425270000    0.190416954    0.190418009
    7.453080000    0.190417583    0.190418474
    7.480890000    0.190418368    0.190418899
    7.508700000    0.190419252    0.190419295
    7.536510000    0.190420153    0.190419673
    7.564320000    0.190420989    0.190420046
    7.592130000    0.190421684    0.190420423
    7.619940000    0.190422186    0.190420813
    7.647750000    0.190422480    0.190421218
    7.675560000    0.190422581    0.190421636
    7.703370000    0.190422543    0.190422059
    7.731180000    0.190422438    0.190422479
    7.758990000    0.190422351    0.190422883
    7.786800000    0.190422360    0.190423263
    7.814610000    0.190422523    0.190423610
    7.842420000    0.190422870    0.190423921
    7.870230000    0.190423394    0.190424200
    7.898040000    0.190424053    0.190424451
    7.925850000    0.190424781    0.190424685
    7.953660000    0.190425499    0.190424913
    7.981470000    0.190426128    0.190425147
    8.009280000    0.190426603    0.190425396
    8.037090000    0.190426889    0.190425663
    8.064900000    0.190426983    0.190425951
    8.092710000    0.190426917    0.190426254
    8.120520000    0.190426751    0.190426564
    8.148330000    0.190426560    0.190426871
    8.176140000    0.190426425    0.190427164
    8.203950000    0.190426415    0.190427434
    8.231760000    0.190426573    0.190427675
    8.259570000    0.190426912    0.190427886
    8.287380000    0.190427412    0.190428072
    8.315190000    0.190428020    0.190428238
    8.343000000    0.190428665    0.190428395
    8.370810000    0.190429270    0.190428554
    8.398620000    0.190429761    0.190428725
    8.426430000    0.190430089    0.190428915
    8.454240000    0.190430231    0.190429126
    8.482050000    0.190430198    0.190429358
    8.509860000    0.190430035    0.190429602
    8.537670000    0.190429806    0.190429852
    8.565480000    0.190429589    0.190430096
    8.593290000    0.190429457    0.190430323
    8.621100000    0.190429469    0.190430528
    8.648910000    0.190429653    0.190430705
    8.676720000    0.190430009    0.190430856
    8.704530000    0.190430503    0.190430986
    8.732340000    0.190431075    0.190431103
    8.760150000    0.190431653    0.190431217
    8.787960000    0.190432162    0.190431338
    8.815770000    0.190432539    0.190431476
    8.843580000    0.190432747    0.190431635
    8.871390000    0.190432777    0.190431816
    8.899200000    0.190432656    0.190432016
    8.927010000    0.190432434    0.190432226
    8.954820000    0.190432181    0.190432438
    8.982630000    0.190431973    0.190432642
    9.010440000    0.190431875    0.190432828
    9.038250000    0.190431932    0.190432990
    9.066060000    0.190432161    0.190433127
    9.093870000    0.190432546    0.190433240
    9.121680000    0.190433044    0.190433337
    9.149490000    0.190433589    0.190433426
    9.177300000    0.190434109    0.190433518
    9.205110000    0.190434534    0.190433621
    9.232920000    0.190434813    0.190433742
    9.260730000    0.190434920    0.190433886
    9.288540000    0.190434864    0.190434050
    9.316350000    0.190434678    0.190434230
    9.344160000    0.190434423    0.190434418
    9.371970000    0.190434169    0.190434603
    9.399780000    0.190433987    0.190434775
    9.427590000    0.190433935    0.190434929
    9.455400000    0.190434043    0.190435058
    9.483210000    0.190434316    0.190435163
    9.511020000    0.190434726    0.190435249
    9.538830000    0.190435220    0.190435322
    9.566640000    0.190435731    0.190435392
    9.594450000    0.190436187    0.190435469
    9.622260000    0.190436527    0.190435561
    9.650070000    0.190436713    0.190435674
    9.677880000    0.190436732    0.190435808
    9.705690000    0.190436604    0.190435960
    9.733500000    0.190436374    0.190436125
    9.761310000    0.190436107    0.190436291
    9.789120000    0.190435872    0.190436450
    9.816930000    0.190435733    0.190436592
    9.844740000    0.190435736    0.190436711
    9.872550000    0.190435900    0.190436802
    9.900360000    0.190436213    0.190436869
    9.928170000    0.190436636    0.190436914
    9.955980000    0.190437109    0.190436947
    9.983790000    0.190437560    0.190436977
   10.011600000    0.190437923    0.190437014
   10.039410000    0.190438145    0.190437063
   10.067220000    0.190438199    0.190437129
   10.095030000    0.190438085    0.190437212
   10.122840000    0.190437837    0.190437307
   10.150650000    0.190437508    0.190437409
   10.178460000    0.190437168    0.190437507
   10.206270000    0.190436885    0.190437594
   10.234080000    0.190436719    0.190437661
   10.261890000    0.190436707    0.190437705
   10.289700000    0.190436856    0.190437726
   10.317510000    0.190437145    0.190437726
   10.345320000    0.190437527    0.190437713
   10.373130000    0.190437938    0.190437696
   10.400940000    0.190438310    0.190437684
   10.428750000    0.190438581    0.190437686
   10.456560000    0.190438707    0.190437708
   10.484370000    0.190438673    0.190437752
   10.512180000    0.190438491    0.190437816
   10.539990000    0.190438202    0.190437894
   10.567800000    0.190437864    0.190437978
   10.595610000    0.190437545    0.190438059
   10.623420000    0.190437310    0.190438127
   10.651230000    0.190437208    0.190438177
   10.679040000    0.190437261    0.190438204
   10.706850000    0.190437466    0.190438211
   10.734660000    0.190437791    0.190438201
   10.762470000    0.190438182    0.190438182
   10.790280000    0.190438572    0.190438163
   10.818090000    0.190438896    0.190438153
   10.845900000    0.190439101    0.190438159
   10.873710000    0.190439154    0.190438186
   10.901520000    0.190439051    0.190438234
   10.929330000    0.190438818    0.190438299
   10.957140000    0.190438502    0.190438375
   10.984950000    0.190438167    0.190438453
   11.012760000    0.190437878    0.190438524
   11.040570000    0.190437694    0.190438580
   11.068380000    0.190437653    0.190438615
   11.096190000    0.190437767    0.190438630
   11.124000000    0.190438019    0.190438625
   11.151810000    0.190438369    0.190438606
   11.179620000    0.190438757    0.190438582
   11.207430000    0.190439116    0.190438562
   11.235240000    0.190439386    0.190438555
   11.263050000    0.190439523    0.190438565
   11.290860000    0.190439505    0.190438596
   11.318670000    0.190439342    0.190438647
   11.346480000    0.190439068    0.190438713
   11.374290000    0.190438737    0.190438786
   11.402100000    0.190438415    0.190438857
   11.429910000    0.190438165    0.190438917
   11.457720000    0.190438036    0.190438961
   11.485530000    0.190438056    0.190438984
   11.513340000    0.190438226    0.190438985
   11.541150000    0.190438518    0.190438970
   11.568960000    0.190438882    0.190438945
   11.596770000    0.190439257    0.190438919
   11.624580000    0.190439577    0.190438900
   11.652390000    0.190439788    0.190438895
   11.680200000    0.190439855    0.190438910
   11.708010000    0.190439771    0.190438946
   11.735820000    0.190439555    0.190438999
   11.763630000    0.190439250    0.190439064
   11.791440000    0.190438916    0.190439133
   11.819250000    0.190438617    0.190439196
   11.847060000    0.190438411    0.190439245
   11.874870000    0.190438341    0.190439276
   11.902680000    0.190438421    0.190439286
   11.930490000    0.190438640    0.190439277
   11.958300000    0.190438962    0.190439253
   11.986110000    0.190439330    0.190439223
   12.013920000    0.190439681    0.190439195
   12.041730000    0.190439954    0.190439178
   12.069540000    0.190440102    0.190439177
   12.097350000    0.190440102    0.190439197
   12.125160000    0.190439956    0.190439236
   12.152970000    0.190439695    0.190439291
   12.180780000    0.190439370    0.190439354
   12.208590000    0.190439042    0.190439416
   12.236400000    0.190438775    0.190439471
   12.264210000    0.190438621    0.190439509
   12.292020000    0.190438609    0.190439527
   12.319830000    0.190438746    0.190439525
   12.347640000    0.190439007    0.190439505
   12.375450000    0.190439349    0.190439475
   12.403260000    0.190439711    0.190439441
   12.431070000    0.190440030    0.190439413
   12.458880000    0.190440249    0.190439399
   12.486690000    0.190440332    0.190439403
   12.514500000    0.190440265    0.190439427
   12.542310000    0.190440064    0.190439469
   12.570120000    0.190439768    0.190439524
   12.597930000    0.190439433    0.190439584
   12.625740000    0.190439123    0.190439640
   12.653550000    0.190438896    0.190439684
   12.681360000    0.190438796    0.190439710
   12.709170000    0.190438843    0.190439716
   12.736980000    0.190439031    0.190439702
   12.764790000    0.190439327    0.190439674
   12.792600000    0.190439679    0.190439637
   12.820410000    0.190440024    0.190439601
   12.848220000    0.190440301    0.190439575
   12.876030000    0.190440461    0.190439564
   12.903840000    0.190440478    0.190439573
   12.931650000    0.190440349    0.190439601
   12.959460000    0.190440100    0.190439645
   12.987270000    0.190439778    0.190439699
   13.015080000    0.190439445    0.190439754
   13.042890000    0.190439161    0.190439802
   13.070700000    0.190438981    0.190439836
   13.098510000    0.190438938    0.190439850
   13.126320000    0.190439043    0.190439844
   13.154130000    0.190439276    0.190439820
   13.181940000    0.190439597    0.190439784
   13.209750000    0.190439949    0.190439743
   13.237560000    0.190440267    0.190439706
   13.265370000    0.190440495    0.190439682
   13.293180000    0.190440593    0.190439675
   13.320990000    0.190440543    0.190439689
   13.348800000    0.190440356    0.190439720
   13.376610000    0.190440068    0.190439766
   13.404420000    0.190439731    0.190439817
   13.432230000    0.190439408    0.190439867
   13.460040000    0.190439159    0.190439905
   13.487850000    0.190439031    0.190439928
   13.515660000    0.190439046    0.190439930
   13.543470000    0.190439205    0.190439912
   13.571280000    0.190439477    0.190439879
   13.599090000    0.190439813    0.190439836
   13.626900000    0.190440154    0.190439793
   13.654710000    0.190440437    0.190439757
   13.682520000    0.190440610    0.190439736
   13.710330000    0.190440644    0.190439734
   13.738140000    0.190440531    0.190439752
   13.765950000    0.190440293    0.190439786
   13.793760000    0.190439974    0.190439831
   13.821570000    0.190439632    0.190439879
   13.849380000    0.190439330    0.190439921
   13.877190000    0.190439124    0.190439950
   13.905000000    0.190439051    0.190439960
   13.932810000    0.190439124    0.190439950
   13.960620000    0.190439330    0.190439921
   13.988430000    0.190439632    0.190439879
   14.016240000    0.190439974    0.190439831
   14.044050000    0.190440293    0.190439786
   14.071860000    0.190440531    0.190439752
   14.099670000    0.190440644    0.190439734
   14.127480000    0.190440610    0.190439736
   14.155290000    0.190440437    0.190439757
   14.183100000    0.190440154    0.190439793
   14.210910000    0.190439813    0.190439836
   14.238720000    0.190439477    0.190439879
   14.266530000    0.190439205    0.190439912
   14.294340000    0.190439046    0.190439930
   14.322150000    0.190439031    0.190439928
   14.349960000    0.190439159    0.190439905
   14.377770000    0.190439408    0.190439867
   14.405580000    0.190439731    0.190439817
   14.433390000    0.190440068    0.190439766
   14.461200000    0.190440356    0.190439720
   14.489010000    0.190440543    0.190439689
   14.516820000    0.190440593    0.190439675
   14.544630000    0.190440495    0.190439682
   14.572440000    0.190440267    0.190439706
   14.600250000    0.190439949    0.190439743
   14.628060000    0.190439597    0.190439784
   14.655870000    0.190439276    0.190439820
   14.683680000    0.190439043    0.190439844
   14.711490000    0.190438938    0.190439850
   14.739300000    0.190438981    0.190439836
   14.767110000    0.190439161    0.190439802
   14.794920000    0.190439445    0.190439754
   14.822730000    0.190439778    0.190439699
   14.850540000    0.190440100    0.190439645
   14.878350000    0.190440349    0.190439601
   14.906160000    0.190440478    0.190439573
   14.933970000    0.190440461    0.190439564
   14.961780000    0.190440301    0.190439575
   14.989590000    0.190440024    0.190439601
   15.017400000    0.190439679    0.190439637
   15.045210000    0.190439327    0.190439674
   15.073020000    0.190439031    0.190439702
   15.100830000    0.190438843    0.190439716
   15.128640000    0.190438796    0.190439710
   15.156450000    0.190438896    0.190439684
   15.184260000    0.190439123    0.190439640
   15.212070000    0.190439433    0.190439584
   15.239880000    0.190439768    0.190439524
   15.267690000    0.190440064    0.190439469
   15.295500000    0.190440265    0.190439427
   15.323310000    0.190440332    0.190439403
   15.351120000    0.190440249    0.190439399
   15.378930000    0.190440030    0.190439413
   15.406740000    0.190439711    0.190439441
   15.434550000    0.190439349    0.190439475
   15.462360000    0.190439007    0.190439505
   15.490170000    0.190438746    0.190439525
   15.517980000    0.190438609    0.190439527
   15.545790000    0.190438621    0.190439509
   15.573600000    0.190438775    0.190439471
   15.601410000    0.190439042    0.190439416
   15.629220000    0.190439370    0.190439354
   15.657030000    0.190439695    0.190439291
   15.684840000    0.190439956    0.190439236
   15.712650000    0.190440102    0.190439197
   15.740460000    0.190440102    0.190439177
   15.768270000    0.190439954    0.190439178
   15.796080000    0.190439681    0.190439195
   15.823890000    0.190439330    0.190439223
   15.851700000    0.190438962    0.190439253
   15.879510000    0.190438640    0.190439277
   15.907320000    0.190438421    0.190439286
   15.935130000    0.190438341    0.190439276
   15.962940000    0.190438411    0.190439245
   15.990750000    0.190438617    0.190439196
   16.018560000    0.190438916    0.190439133
   16.046370000    0.190439250    0.190439064
   16.074180000    0.190439555    0.190438999
   16.101990000    0.190439771    0.190438946
   16.129800000    0.190439855    0.190438910
   16.157610000    0.190439788    0.190438895
   16.185420000    0.190439577    0.190438900
   16.213230000    0.190439257    0.190438919
   16.241040000    0.190438882    0.190438945
   16.268850000    0.190438518    0.190438970
   16.296660000    0.190438226    0.190438985
   16.324470000    0.190438056    0.190438984
   16.352280000    0.190438036    0.190438961
   16.380090000    0.190438165    0.190438917
   16.407900000    0.190438415    0.190438857
   16.435710000    0.190438737    0.190438786
   16.463520000    0.190439068    0.190438713
   16.491330000    0.190439342    0.190438647
   16.519140000    0.190439505    0.190438596
   16.546950000    0.190439523    0.190438565
   16.574760000    0.190439386    0.190438555
   16.602570000    0.190439116    0.190438562
   16.630380000    0.190438757    0.190438582
   16.658190000    0.190438369    0.190438606
   16.686000000    0.190438019    0.190438625
   16.713810000    0.190437767    0.190438630
   16.741620000    0.190437653    0.190438615
   16.769430000    0.190437694    0.190438580
   16.797240000    0.190437878    0.190438524
   16.825050000    0.190438167    0.190438453
   16.852860000    0.190438502    0.190438375
   16.880670000    0.190438818    0.190438299
   16.908480000    0.190439051    0.190438234
   16.936290000    0.190439154    0.190438186
   16.964100000    0.190439101    0.190438159
   16.991910000    0.190438896    0.190438153
   17.019720000    0.190438572    0.190438163
   17.047530000    0.190438182    0.190438182
   17.075340000    0.190437791    0.190438201
   17.103150000    0.190437466    0.190438211
   17.130960000    0.190437261    0.190438204
   17.158770000    0.190437208    0.190438177
   17.186580000    0.190437310    0.190438127
   17.214390000    0.190437545    0.190438059
   17.242200000    0.190437864    0.190437978
   17.270010000    0.190438202    0.190437894
   17.297820000    0.190438491    0.190437816
   17.325630000    0.190438673    0.190437752
   17.353440000    0.190438707    0.190437708
   17.381250000    0.190438581    0.190437686
   17.409060000    0.190438310    0.190437684
   17.436870000    0.190437938    0.190437696
   17.464680000    0.190437527    0.190437713
   17.492490000    0.190437145    0.190437726
   17.520300000    0.190436856    0.190437726
   17.548110000    0.190436707    0.190437705
   17.575920000    0.190436719    0.190437661
   17.603730000    0.190436885    0.190437594
   17.631540000    0.190437168    0.190437507
   17.659350000    0.190437508    0.190437409
   17.687160000    0.190437837    0.190437307
   17.714970000    0.190438085    0.190437212
   17.742780000    0.190438199    0.190437129
   17.770590000    0.190438145    0.190437063
   17.798400000    0.190437923    0.190437014
   17.826210000    0.190437560    0.190436977
   17.854020000    0.190437109    0.190436947
   17.881830000    0.190436636    0.190436914
   17.909640000    0.190436213    0.190436869
   17.937450000    0.190435900    0.190436802
   17.965260000    0.190435736    0.190436711
   17.993070000    0.190435733    0.190436592
   18.020880000    0.190435872    0.190436450
   18.048690000    0.190436107    0.190436291
   18.076500000    0.190436374    0.190436125
   18.104310000    0.190436604    0.190435960
   18.132120000    0.190436732    0.190435808
   18.159930000    0.190436713    0.190435674
   18.187740000    0.190436527    0.190435561
   18.215550000    0.190436187    0.190435469
   18.243360000    0.190435731    0.190435392
   18.271170000    0.190435220    0.190435322
   18.298980000    0.190434726    0.190435249
   18.326790000    0.190434316    0.190435163
   18.354600000    0.190434043    0.190435058
   18.382410000    0.190433935    0.190434929
   18.410220000    0.190433987    0.190434775
   18.438030000    0.190434169    0.190434603
   18.465840000    0.190434423    0.190434418
   18.493650000    0.190434678    0.190434230
   18.521460000    0.190434864    0.190434050
   18.549270000    0.190434920    0.190433886
   18.577080000    0.190434813    0.190433742
   18.604890000    0.190434534    0.190433621
   18.632700000    0.190434109    0.190433518
   18.660510000    0.190433589    0.190433426
   18.688320000    0.190433044    0.190433337
   18.716130000    0.190432546    0.190433240
   18.743940000    0.190432161    0.190433127
   18.771750000    0.190431932    0.190432990
   18.799560000    0.190431875    0.190432828
   18.827370000    0.190431973    0.190432642
   18.855180000    0.190432181    0.190432438
   18.882990000    0.190432434    0.190432226
   18.910800000    0.190432656    0.190432016
   18.938610000    0.190432777    0.190431816
   18.966420000    0.190432747    0.190431635
   18.994230000    0.190432539    0.190431476
   19.022040000    0.190432162    0.190431338
   19.049850000    0.190431653    0.190431217
   19.077660000    0.190431075    0.190431103
   19.105470000    0.190430503    0.190430986
   19.133280000    0.190430009    0.190430856
   19.161090000    0.190429653    0.190430705
   19.188900000    0.190429469    0.190430528
   19.216710000    0.190429457    0.190430323
   19.244520000    0.190429589    0.190430096
   19.272330000    0.190429806    0.190429852
   19.300140000    0.190430035    0.190429602
   19.327950000    0.190430198    0.190429358
   19.355760000    0.190430231    0.190429126
   19.383570000    0.190430089    0.190428915
   19.411380000    0.190429761    0.190428725
   19.439190000    0.190429270    0.190428554
   19.467000000    0.190428665    0.190428395
   19.494810000    0.190428020    0.190428238
   19.522620000    0.190427412    0.190428072
   19.550430000    0.190426912    0.190427886
   19.578240000    0.190426573    0.190427675
   19.606050000    0.190426415    0.190427434
   19.633860000    0.190426425    0.190427164
   19.661670000    0.190426560    0.190426871
   19.689480000    0.190426751    0.190426564
   19.717290000    0.190426917    0.190426254
   19.745100000    0.190426983    0.190425951
   19.772910000    0.190426889    0.190425663
   19.800720000    0.190426603    0.190425396
   19.828530000    0.190426128    0.190425147
   19.856340000    0.190425499    0.190424913
   19.884150000    0.190424781    0.190424685
   19.911960000    0.190424053    0.190424451
   19.939770000    0.190423394    0.190424200
   19.967580000    0.190422870    0.190423921
   19.995390000    0.190422523    0.190423610
   20.023200000    0.190422360    0.190423263
   20.051010000    0.190422351    0.190422883
   20.078820000    0.190422438    0.190422479
   20.106630000    0.190422543    0.190422059
   20.134440000    0.190422581    0.190421636
   20.162250000    0.190422480    0.190421218
   20.190060000    0.190422186    0.190420813
   20.217870000    0.190421684    0.190420423
   20.245680000    0.190420989    0.190420046
   20.273490000    0.190420153    0.190419673
   20.301300000    0.190419252    0.190419295
   20.329110000    0.190418368    0.190418899
   20.356920000    0.190417583    0.190418474
   20.384730000    0.190416954    0.190418009
   20.412540000    0.190416511    0.190417500
   20.440350000    0.190416242    0.190416948
   20.468160000    0.190416105    0.190416356
   20.495970000    0.190416028    0.190415733
   20.523780000    0.190415923    0.190415091
   20.551590000    0.190415705    0.190414440
   20.579400000    0.190415305    0.190413789
   20.607210000    0.190414682    0.190413141
   20.635020000    0.190413833    0.190412498
   20.662830000    0.190412792    0.190411852
   20.690640000    0.190411622    0.190411195
   20.718450000    0.190410408    0.190410512
   20.746260000    0.190409236    0.190409789
   20.774070000    0.190408182    0.190409015
   20.801880000    0.190407292    0.190408179
   20.829690000    0.190406579    0.190407279
   20.857500000    0.190406015    0.190406313
   20.885310000    0.190405538    0.190405290
   20.913120000    0.190405062    0.190404216
   20.940930000    0.190404493    0.190403104
   20.968740000    0.190403747    0.190401962
   20.996550000    0.190402759    0.190400797
   21.024360000    0.190401503    0.190399610
   21.052170000    0.190399992    0.190398398
   21.079980000    0.190398275    0.190397150
   21.107790000    0.190396430    0.190395853
   21.135600000    0.190394546    0.190394492
   21.163410000    0.190392713    0.190393051
   21.191220000    0.190390996    0.190391516
   21.219030000    0.190389429    0.190389878
   21.246840000    0.190388005    0.190388134
   21.274650000    0.190386677    0.190386285
   21.302460000    0.190385366    0.190384337
   21.330270000    0.190383973    0.190382298
   21.358080000    0.190382399    0.190380177
   21.385890000    0.190380559    0.190377979
   21.413700000    0.190378400    0.190375708
   21.441510000    0.190375908    0.190373358
   21.469320000    0.190373110    0.190370919
   21.497130000    0.190370070    0.190368377
   21.524940000    0.190366873    0.190365710
   21.552750000    0.190363612    0.190362899
   21.580560000    0.190360368    0.190359922
   21.608370000    0.190357191    0.190356763
   21.636180000    0.190354094    0.190353409
   21.663990000    0.190351046    0.190349855
   21.691800000    0.190347975    0.190346099
   21.719610000    0.190344779    0.190342143
   21.747420000    0.190341346    0.190337992
   21.775230000    0.190337570    0.190333648
   21.803040000    0.190333368    0.190329112
   21.830850000    0.190328696    0.190324376
   21.858660000    0.190323552    0.190319428
   21.886470000    0.190317979    0.190314249
   21.914280000    0.190312052    0.190308814
   21.942090000    0.190305862    0.190303095
   21.969900000    0.190299499    0.190297061
   21.997710000    0.190293031    0.190290686
   22.025520000    0.190286490    0.190283947
   22.053330000    0.190279860    0.190276824
   22.081140000    0.190273081    0.190269304
   22.108950000    0.190266052    0.190261379
   22.136760000    0.190258649    0.190253043
   22.164570000    0.190250740    0.190244288
   22.192380000    0.190242210    0.190235105
   22.220190000    0.190232976    0.190225478
   22.248000000    0.190222995    0.190215385
   22.275810000    0.190212275    0.190204794
   22.303620000    0.190200862    0.190193665
   22.331430000    0.190188829    0.190181955
   22.359240000    0.190176259    0.190169614
   22.387050000    0.190163222    0.190156593
   22.414860000    0.190149754    0.190142846
   22.442670000    0.190135849    0.190128329
   22.470480000    0.190121445    0.190113006
   22.498290000    0.190106436    0.190096842
   22.526100000    0.190090675    0.190079808
   22.553910000    0.190074001    0.190061875
   22.581720000    0.190056254    0.190043011
   22.609530000    0.190037298    0.190023179
   22.637340000    0.190017038    0.190002333
   22.665150000    0.189995429    0.189980420
   22.692960000    0.189972473    0.189957374
   22.720770000    0.189948209    0.189933122
   22.748580000    0.189922699    0.189907584
   22.776390000    0.189895998    0.189880674
   22.804200000    0.189868141    0.189852307
   22.832010000    0.189839115    0.189822400
   22.859820000    0.189808853    0.189790870
   22.887630000    0.189777231    0.189757641
   22.915440000    0.189744070    0.189722634
   22.943250000    0.189709160    0.189685775
   22.971060000    0.189672277    0.189646982
   22.998870000    0.189633208    0.189606169
   23.026680000    0.189591771    0.189563236
   23.054490000    0.189547829    0.189518073
   23.082300000    0.189501296    0.189470555
   23.110110000    0.189452131    0.189420540
   23.137920000    0.189400322    0.189367878
   23.165730000    0.189345864    0.189312406
   23.193540000    0.189288734    0.189253956
   23.221350000    0.189228869    0.189192354
   23.249160000    0.189166146    0.189127429
   23.276970000    0.189100373    0.189059006
   23.304780000    0.189031297    0.188986913
   23.332590000    0.188958609    0.188910971
   23.360400000    0.188881973    0.188831000
   23.388210000    0.188801044    0.188746807
   23.416020000    0.188715500    0.188658187
   23.443830000    0.188625056    0.188564916
   23.471640000    0.188529479    0.188466750
   23.499450000    0.188428587    0.188363425
   23.527260000    0.188322233    0.188254654
   23.555070000    0.188210291    0.188140132
   23.582880000    0.188092621    0.188019539
   23.610690000    0.187969045    0.187892539
   23.638500000    0.187839321    0.187758786
   23.666310000    0.187703126    0.187617925
   23.694120000    0.187560053    0.187469591
   23.721930000    0.187409615    0.187313406
   23.749740000    0.187251268    0.187148980
   23.777550000    0.187084432    0.186975900
   23.805360000    0.186908521    0.186793729
   23.833170000    0.186722967    0.186601997
   23.860980000    0.186527244    0.186400204
   23.888790000    0.186320863    0.186187809
   23.916600000    0.186103375    0.185964234
   23.944410000    0.185874350    0.185728864
   23.972220000    0.185633343    0.185481047
   24.000030000    0.185379870    0.185220101
   24.027840000    0.185113372    0.184945314
   24.055650000    0.184833192    0.184655947
   24.083460000    0.184538563    0.184351234
   24.111270000    0.184228606    0.184030380
   24.139080000    0.183902351    0.183692560
   24.166890000    0.183558753    0.183336909
   24.194700000    0.183196730    0.182962519
   24.222510000    0.182815190    0.182568430
   24.250320000    0.182413056    0.182153624
   24.278130000    0.181989281    0.181717018
   24.305940000    0.181542843    0.181257462
   24.333750000    0.181072731    0.180773733
   24.361560000    0.180577915    0.180264540
   24.389370000    0.180057307    0.179728523
   24.417180000    0.179509721    0.179164250
   24.444990000    0.178933834    0.178570226
   24.472800000    0.178328168    0.177944882
   24.500610000    0.177691071    0.177286581
   24.528420000    0.177020727    0.176593609
   24.556230000    0.176315174    0.175864166
   24.584040000    0.175572335    0.175096357
   24.611850000    0.174790054    0.174288184
   24.639660000    0.173966122    0.173437532
   24.667470000    0.173098306    0.172542159
   24.695280000    0.172184345    0.171599691
   24.723090000    0.171221947    0.170607615
   24.750900000    0.170208755    0.169563273
   24.778710000    0.169142306    0.168463867
   24.806520000    0.168019985    0.167306450
   24.834330000    0.166838974    0.166087932
   24.862140000    0.165596213    0.164805076
   24.889950000    0.164288380    0.163454492
   24.917760000    0.162911883    0.162032633
   24.945570000    0.161462872    0.160535783
   24.973380000    0.159937272    0.158960040
   25.001190000    0.158330817    0.157301305
   25.029000000    0.156639084    0.155555259
   25.056810000    0.154857530    0.153717349
   25.084620000    0.152981495    0.151782771
   25.112430000    0.151006200    0.149746452
   25.140240000    0.148926711    0.147603040
   25.168050000    0.146737887    0.145346893
   25.195860000    0.144434318    0.142972070
   25.223670000    0.142010251    0.140472324
   25.251480000    0.139459526    0.137841089
   25.279290000    0.136775526    0.135071471
   25.307100000    0.133951146    0.132156235
   25.334910000    0.130978788    0.129087783
   25.362720000    0.127850376    0.125858130
   25.390530000    0.124557385    0.122458883
   25.418340000    0.121090888    0.118881212
   25.446150000    0.117441582    0.115115819
   25.473960000    0.113599817    0.111152914
   25.501770000    0.109555589    0.106982190
   25.529580000    0.105298520    0.102592799
   25.557390000    0.100817796    0.097973338
   25.585200000    0.096102099    0.093111827
   25.613010000    0.091139521    0.087995700
   25.640820000    0.085917478    0.082611779
   25.668630000    0.080422637    0.076946263
   25.696440000    0.074640867    0.070984697
   25.724250000    0.068557210    0.064711939
   25.752060000    0.062155884    0.058112126
   25.779870000    0.055420304    0.051168630
   25.807680000    0.048333112    0.043864009
   25.835490000    0.040876204    0.036179964
   25.863300000    0.033030739    0.028097294
   25.891110000    0.024777120    0.019595858
   25.918920000    0.016094948    0.010654545
   25.946730000    0.006962928    0.001251256
   25.974540000   -0.002641226   -0.008637116
   26.002350000   -0.012740914   -0.019034695
   26.030160000   -0.023360756   -0.029966635
   26.057970000   -0.034526662   -0.041459150
   26.085780000   -0.046265874   -0.053539549
   26.113590000   -0.058606943   -0.066236308
   26.141400000   -0.071579678   -0.079579158
   26.169210000   -0.085215051   -0.093599221
   26.197020000   -0.099545114   -0.108329157
   26.224830000   -0.114602947   -0.123803351
   26.252640000   -0.130422683   -0.140058100
   26.280450000   -0.147039640   -0.157131795
   26.308260000   -0.164490588   -0.175065072
   26.336070000   -0.182814154   -0.193900913
   26.363880000   -0.202051339   -0.213684656
   26.391690000   -0.222246110   -0.234463898
   26.419500000   -0.243445986   -0.256288258
   26.447310000   -0.265702532   -0.279208977
   26.475120000   -0.289071651   -0.303278351
   26.502930000   -0.313613562   -0.328548968
   26.530740000   -0.339392375   -0.355072764
   26.558550000   -0.366475173   -0.382899907
   26.586360000   -0.394930579   -0.412077521
   26.614170000   -0.424826792   -0.442648287
   26.641980000   -0.456229155   -0.474648951
   26.669790000   -0.489197344   -0.508108793
   26.697600000   -0.523782311   -0.543048098
   26.725410000   -0.560023168   -0.579476686
   26.753220000   -0.597944173   -0.617392553
   26.781030000   -0.637552020   -0.656780677
   26.808840000   -0.678833596   -0.697612030
   26.836650000   -0.721754355   -0.739842838
   26.864460000   -0.766257398   -0.783414125
   26.892270000   -0.812263303   -0.828251541
   26.920080000   -0.859670719   -0.874265510
   26.947890000   -0.908357644   -0.921351662
   26.975700000   -0.958183303   -0.969391552
   27.003510000   -1.008990483   -1.018253625
   27.031320000   -1.060608168   -1.067794395
   27.059130000   -1.112854324   -1.117859785
   27.086940000   -1.165538657   -1.168286583
   27.114750000   -1.218465233   -1.218903955
   27.142560000   -1.271434819   -1.269534975
   27.170370000   -1.324246898   -1.319998118
   27.198180000   -1.376701296   -1.370108677
   27.225990000   -1.428599415   -1.419680089
   27.253800000   -1.479745109   -1.468525142
   27.281610000   -1.529945226   -1.516457056
   27.309420000   -1.579009913   -1.563290455
   27.337230000   -1.626752724   -1.608842229
   27.365040000   -1.672990654   -1.652932324
   27.392850000   -1.717544142   -1.695384466
   27.420660000   -1.760237142   -1.736026863
   27.448470000   -1.800897312   -1.774692913
   27.476280000   -1.839356378   -1.811221919
   27.504090000   -1.875450707   -1.845459856
   27.531900000   -1.909022103   -1.877260179
   27.559710000   -1.939918830   -1.906484690
   27.587520000   -1.967996846   -1.933004440
   27.615330000   -1.993121219   -1.956700672
   27.643140000   -2.015167660   -1.977465765
   27.670950000   -2.034024145   -1.995204170
   27.698760000   -2.049592518   -2.009833300
   27.726570000   -2.061790029   -2.021284345
   27.754380000   -2.070550722   -2.029502989
   27.782190000   -2.075826595   -2.034449996
