    0.000000000   -2.039392811   -1.995428668
    0.023175000   -2.038169056   -1.994285912
    0.046350000   -2.034502522   -1.990861428
    0.069525000   -2.028407330   -1.985166546
    0.092700000   -2.019906810   -1.977220049
    0.115875000   -2.009033195   -1.967048039
    0.139050000   -1.995827211   -1.954683740
    0.162225000   -1.980337579   -1.940167260
    0.185400000   -1.962620448   -1.923545315
    0.208575000   -1.942738775   -1.904870914
    0.231750000   -1.920761681   -1.884203022
    0.254925000   -1.896763796   -1.861606202
    0.278100000   -1.870824620   -1.837150249
    0.301275000   -1.843027917   -1.810909816
    0.324450000   -1.813461154   -1.782964048
    0.347625000   -1.782215002   -1.753396220
    0.370800000   -1.749382906   -1.722293391
    0.393975000   -1.715060732   -1.689746064
    0.417150000   -1.679346485   -1.655847874
    0.440325000   -1.642340105   -1.620695273
    0.463500000   -1.604143327   -1.584387240
    0.486675000   -1.564859598   -1.547024986
    0.509850000   -1.524594038   -1.508711664
    0.533025000   -1.483453426   -1.469552070
    0.556200000   -1.441546200   -1.429652329
    0.579375000   -1.398982431   -1.389119560
    0.602550000   -1.355873775   -1.348061515
    0.625725000   -1.312333355   -1.306586183
    0.648900000   -1.268475577   -1.264801357
    0.672075000   -1.224415828   -1.222814166
    0.695250000   -1.180270080   -1.180730568
    0.718425000   -1.136154349   -1.138654809
    0.741600000   -1.092184039   -1.096688857
    0.764775000   -1.048473146   -1.054931812
    0.787950000   -1.005133350   -1.013479309
    0.811125000   -0.962273006   -0.972422922
    0.834300000   -0.919996059   -0.931849588
    0.857475000   -0.878400928   -0.891841048
    0.880650000   -0.837579384   -0.852473341
    0.903825000   -0.797615475   -0.813816349
    0.927000000   -0.758584548   -0.775933410
    0.950175000   -0.720552399   -0.738881000
    0.973350000   -0.683574609   -0.702708515
    0.996525000   -0.647696087   -0.667458132
    1.019700000   -0.612950856   -0.633164770
    1.042875000   -0.579362089   -0.599856146
    1.066050000   -0.546942408   -0.567552923
    1.089225000   -0.515694425   -0.536268952
    1.112400000   -0.485611512   -0.506011593
    1.135575000   -0.456678760   -0.476782113
    1.158750000   -0.428874092   -0.448576148
    1.181925000   -0.402169472   -0.421384215
    1.205100000   -0.376532167   -0.395192269
    1.228275000   -0.351925999   -0.369982283
    1.251450000   -0.328312545   -0.345732839
    1.274625000   -0.305652237   -0.322419723
    1.297800000   -0.283905321   -0.300016504
    1.320975000   -0.263032667   -0.278495091
    1.344150000   -0.242996392   -0.257826246
    1.367325000   -0.223760309   -0.237980067
    1.390500000   -0.205290204   -0.218926406
    1.413675000   -0.187553960   -0.200635235
    1.436850000   -0.170521545   -0.183076960
    1.460025000   -0.154164900   -0.166222663
    1.483200000   -0.138457759   -0.150044295
    1.506375000   -0.123375418   -0.134514807
    1.529550000   -0.108894500   -0.119608234
    1.552725000   -0.094992722   -0.105299734
    1.575900000   -0.081648693   -0.091565587
    1.599075000   -0.068841755   -0.078383168
    1.622250000   -0.056551861   -0.065730891
    1.645425000   -0.044759506   -0.053588148
    1.668600000   -0.033445694   -0.041935233
    1.691775000   -0.022591935   -0.030753265
    1.714950000   -0.012180269   -0.020024120
    1.738125000   -0.002193295   -0.009730360
    1.761300000    0.007385791    0.000144816
    1.784475000    0.016573176    0.009617624
    1.807650000    0.025384413    0.018703724
    1.830825000    0.033834422    0.027418248
    1.854000000    0.041937509    0.035775818
    1.877175000    0.049707396    0.043790554
    1.900350000    0.057157259    0.051476081
    1.923525000    0.064299773    0.058845537
    1.946700000    0.071147151    0.065911577
    1.969875000    0.077711189    0.072686378
    1.993050000    0.084003284    0.079181651
    2.016225000    0.090034461    0.085408649
    2.039400000    0.095815378    0.091378188
    2.062575000    0.101356326    0.097100657
    2.085750000    0.106667218    0.102586039
    2.108925000    0.111757585    0.107843932
    2.132100000    0.116636562    0.112883565
    2.155275000    0.121312888    0.117713816
    2.178450000    0.125794901    0.122343227
    2.201625000    0.130090553    0.126780018
    2.224800000    0.134207428    0.131032101
    2.247975000    0.138152765    0.135107082
    2.271150000    0.141933491    0.139012277
    2.294325000    0.145556252    0.142754713
    2.317500000    0.149027450    0.146341136
    2.340675000    0.152353266    0.149778018
    2.363850000    0.155539689    0.153071565
    2.387025000    0.158592524    0.156227721
    2.410200000    0.161517402    0.159252183
    2.433375000    0.164319777    0.162150407
    2.456550000    0.167004917    0.164927620
    2.479725000    0.169577891    0.167588833
    2.502900000    0.172043552    0.170138853
    2.526075000    0.174406528    0.172582290
    2.549250000    0.176671210    0.174923572
    2.572425000    0.178841750    0.177166950
    2.595600000    0.180922064    0.179316508
    2.618775000    0.182915846    0.181376167
    2.641950000    0.184826587    0.183349690
    2.665125000    0.186657595    0.185240689
    2.688300000    0.188412027    0.187052624
    2.711475000    0.190092913    0.188788807
    2.734650000    0.191703181    0.190452410
    2.757825000    0.193245675    0.192046461
    2.781000000    0.194723173    0.193573858
    2.804175000    0.196138390    0.195037367
    2.827350000    0.197493978    0.196439634
    2.850525000    0.198792520    0.197783190
    2.873700000    0.200036518    0.199070460
    2.896875000    0.201228380    0.200303767
    2.920050000    0.202370404    0.201485345
    2.943225000    0.203464772    0.202617341
    2.966400000    0.204513540    0.203701820
    2.989575000    0.205518633    0.204740772
    3.012750000    0.206481856    0.205736114
    3.035925000    0.207404901    0.206689688
    3.059100000    0.208289360    0.207603267
    3.082275000    0.209136744    0.208478552
    3.105450000    0.209948504    0.209317174
    3.128625000    0.210726043    0.210120690
    3.151800000    0.211470735    0.210890589
    3.174975000    0.212183934    0.211628292
    3.198150000    0.212866977    0.212335152
    3.221325000    0.213521182    0.213012456
    3.244500000    0.214147846    0.213661436
    3.267675000    0.214748231    0.214283264
    3.290850000    0.215323552    0.214879063
    3.314025000    0.215874968    0.215449911
    3.337200000    0.216403566    0.215996841
    3.360375000    0.216910358    0.216520847
    3.383550000    0.217396274    0.217022889
    3.406725000    0.217862166    0.217503888
    3.429900000    0.218308814    0.217964736
    3.453075000    0.218736935    0.218406286
    3.476250000    0.219147200    0.218829360
    3.499425000    0.219540248    0.219234743
    3.522600000    0.219916697    0.219623188
    3.545775000    0.220277164    0.219995407
    3.568950000    0.220622268    0.220352081
    3.592125000    0.220952638    0.220693855
    3.615300000    0.221268910    0.221021341
    3.638475000    0.221571727    0.221335122
    3.661650000    0.221861725    0.221635754
    3.684825000    0.222139529    0.221923768
    3.708000000    0.222405736    0.222199674
    3.731175000    0.222660907    0.222463964
    3.754350000    0.222905559    0.222717116
    3.777525000    0.223140158    0.222959592
    3.800700000    0.223365120    0.223191841
    3.823875000    0.223580814    0.223414300
    3.847050000    0.223787568    0.223627390
    3.870225000    0.223985681    0.223831519
    3.893400000    0.224175434    0.224027080
    3.916575000    0.224357102    0.224214446
    3.939750000    0.224530962    0.224393974
    3.962925000    0.224697306    0.224566001
    3.986100000    0.224856441    0.224730844
    4.009275000    0.225008690    0.224888802
    4.032450000    0.225154392    0.225040160
    4.055625000    0.225293891    0.225185182
    4.078800000    0.225427528    0.225324123
    4.101975000    0.225555630    0.225457226
    4.125150000    0.225678502    0.225584725
    4.148325000    0.225796419    0.225706847
    4.171500000    0.225909617    0.225823812
    4.194675000    0.226018293    0.225935838
    4.217850000    0.226122609    0.226043135
    4.241025000    0.226222696    0.226145911
    4.264200000    0.226318658    0.226244364
    4.287375000    0.226410589    0.226338688
    4.310550000    0.226498581    0.226429065
    4.333725000    0.226582732    0.226515669
    4.356900000    0.226663156    0.226598663
    4.380075000    0.226739985    0.226678199
    4.403250000    0.226813377    0.226754418
    4.426425000    0.226883504    0.226827451
    4.449600000    0.226950556    0.226897421
    4.472775000    0.227014728    0.226964443
    4.495950000    0.227076211    0.227028628
    4.519125000    0.227135185    0.227090084
    4.542300000    0.227191809    0.227148915
    4.565475000    0.227246216    0.227205228
    4.588650000    0.227298508    0.227259127
    4.611825000    0.227348758    0.227310717
    4.635000000    0.227397016    0.227360102
    4.658175000    0.227443309    0.227407388
    4.681350000    0.227487656    0.227452672
    4.704525000    0.227530073    0.227496053
    4.727700000    0.227570583    0.227537621
    4.750875000    0.227609224    0.227577460
    4.774050000    0.227646052    0.227615649
    4.797225000    0.227681146    0.227652257
    4.820400000    0.227714606    0.227687347
    4.843575000    0.227746546    0.227720977
    4.866750000    0.227777090    0.227753199
    4.889925000    0.227806363    0.227784062
    4.913100000    0.227834483    0.227813615
    4.936275000    0.227861553    0.227841904
    4.959450000    0.227887654    0.227868977
    4.982625000    0.227912841    0.227894884
    5.005800000    0.227937145    0.227919676
    5.028975000    0.227960571    0.227943405
    5.052150000    0.227983108    0.227966124
    5.075325000    0.228004734    0.227987884
    5.098500000    0.228025421    0.228008736
    5.121675000    0.228045151    0.228028727
    5.144850000    0.228063915    0.228047901
    5.168025000    0.228081726    0.228066294
    5.191200000    0.228098614    0.228083940
    5.214375000    0.228114632    0.228100867
    5.237550000    0.228129852    0.228117099
    5.260725000    0.228144357    0.228132655
    5.283900000    0.228158235    0.228147554
    5.307075000    0.228171572    0.228161814
    5.330250000    0.228184443    0.228175453
    5.353425000    0.228196906    0.228188490
    5.376600000    0.228209001    0.228200950
    5.399775000    0.228220742    0.228212856
    5.422950000    0.228232123    0.228224236
    5.446125000    0.228243121    0.228235120
    5.469300000    0.228253701    0.228245538
    5.492475000    0.228263824    0.228255519
    5.515650000    0.228273453    0.228265092
    5.538825000    0.228282564    0.228274282
    5.562000000    0.228291149    0.228283110
    5.585175000    0.228299217    0.228291595
    5.608350000    0.228306799    0.228299749
    5.631525000    0.228313944    0.228307583
    5.654700000    0.228320713    0.228315103
    5.677875000    0.228327177    0.228322314
    5.701050000    0.228333405    0.228329220
    5.724225000    0.228339459    0.228335827
    5.747400000    0.228345387    0.228342140
    5.770575000    0.228351220    0.228348168
    5.793750000    0.228356968    0.228353924
    5.816925000    0.228362619    0.228359421
    5.840100000    0.228368146    0.228364675
    5.863275000    0.228373509    0.228369705
    5.886450000    0.228378659    0.228374528
    5.909625000    0.228383554    0.228379162
    5.932800000    0.228388154    0.228383622
    5.955975000    0.228392438    0.228387920
    5.979150000    0.228396399    0.228392067
    6.002325000    0.228400053    0.228396067
    6.025500000    0.228403431    0.228399922
    6.048675000    0.228406581    0.228403634
    6.071850000    0.228409558    0.228407199
    6.095025000    0.228412423    0.228410615
    6.118200000    0.228415230    0.228413881
    6.141375000    0.228418025    0.228416995
    6.164550000    0.228420836    0.228419959
    6.187725000    0.228423675    0.228422779
    6.210900000    0.228426533    0.228425462
    6.234075000    0.228429385    0.228428018
    6.257250000    0.228432192    0.228430460
    6.280425000    0.228434908    0.228432800
    6.303600000    0.228437487    0.228435051
    6.326775000    0.228439888    0.228437224
    6.349950000    0.228442082    0.228439330
    6.373125000    0.228444054    0.228441375
    6.396300000    0.228445810    0.228443361
    6.419475000    0.228447373    0.228445290
    6.442650000    0.228448780    0.228447159
    6.465825000    0.228450079    0.228448964
    6.489000000    0.228451325    0.228450700
    6.512175000    0.228452567    0.228452361
    6.535350000    0.228453851    0.228453944
    6.558525000    0.228455206    0.228455448
    6.581700000    0.228456646    0.228456873
    6.604875000    0.228458166    0.228458223
    6.628050000    0.228459744    0.228459505
    6.651225000    0.228461345    0.228460727
    6.674400000    0.228462924    0.228461898
    6.697575000    0.228464434    0.228463029
    6.720750000    0.228465830    0.228464128
    6.743925000    0.228467079    0.228465203
    6.767100000    0.228468159    0.228466259
    6.790275000    0.228469067    0.228467299
    6.813450000    0.228469817    0.228468321
    6.836625000    0.228470437    0.228469322
    6.859800000    0.228470971    0.228470296
    6.882975000    0.228471464    0.228471239
    6.906150000    0.228471967    0.228472142
    6.929325000    0.228472523    0.228473001
    6.952500000    0.228473162    0.228473812
    6.975675000    0.228473904    0.228474573
    6.998850000    0.228474749    0.228475287
    7.022025000    0.228475680    0.228475957
    7.045200000    0.228476666    0.228476590
    7.068375000    0.228477667    0.228477194
    7.091550000    0.228478637    0.228477777
    7.114725000    0.228479532    0.228478348
    7.137900000    0.228480315    0.228478914
    7.161075000    0.228480961    0.228479479
    7.184250000    0.228481461    0.228480047
    7.207425000    0.228481822    0.228480617
    7.230600000    0.228482066    0.228481186
    7.253775000    0.228482230    0.228481749
    7.276950000    0.228482357    0.228482300
    7.300125000    0.228482494    0.228482831
    7.323300000    0.228482684    0.228483337
    7.346475000    0.228482962    0.228483812
    7.369650000    0.228483348    0.228484255
    7.392825000    0.228483848    0.228484665
    7.416000000    0.228484451    0.228485044
    7.439175000    0.228485131    0.228485398
    7.462350000    0.228485852    0.228485734
    7.485525000    0.228486569    0.228486057
    7.508700000    0.228487238    0.228486378
    7.531875000    0.228487821    0.228486701
    7.555050000    0.228488288    0.228487032
    7.578225000    0.228488624    0.228487374
    7.601400000    0.228488830    0.228487727
    7.624575000    0.228488922    0.228488088
    7.647750000    0.228488931    0.228488452
    7.670925000    0.228488896    0.228488814
    7.694100000    0.228488860    0.228489166
    7.717275000    0.228488868    0.228489502
    7.740450000    0.228488955    0.228489816
    7.763625000    0.228489146    0.228490105
    7.786800000    0.228489451    0.228490368
    7.809975000    0.228489865    0.228490605
    7.833150000    0.228490368    0.228490821
    7.856325000    0.228490926    0.228491021
    7.879500000    0.228491501    0.228491212
    7.902675000    0.228492048    0.228491401
    7.925850000    0.228492527    0.228491596
    7.949025000    0.228492907    0.228491801
    7.972200000    0.228493169    0.228492021
    7.995375000    0.228493307    0.228492254
    8.018550000    0.228493332    0.228492501
    8.041725000    0.228493270    0.228492757
    8.064900000    0.228493155    0.228493017
    8.088075000    0.228493030    0.228493273
    8.111250000    0.228492936    0.228493520
    8.134425000    0.228492912    0.228493751
    8.157600000    0.228492986    0.228493961
    8.180775000    0.228493172    0.228494150
    8.203950000    0.228493470    0.228494317
    8.227125000    0.228493866    0.228494464
    8.250300000    0.228494331    0.228494597
    8.273475000    0.228494828    0.228494722
    8.296650000    0.228495315    0.228494846
    8.319825000    0.228495752    0.228494974
    8.343000000    0.228496105    0.228495114
    8.366175000    0.228496349    0.228495268
    8.389350000    0.228496475    0.228495438
    8.412525000    0.228496489    0.228495624
    8.435700000    0.228496409    0.228495822
    8.458875000    0.228496266    0.228496027
    8.482050000    0.228496100    0.228496232
    8.505225000    0.228495952    0.228496432
    8.528400000    0.228495861    0.228496619
    8.551575000    0.228495857    0.228496790
    8.574750000    0.228495960    0.228496940
    8.597925000    0.228496174    0.228497070
    8.621100000    0.228496490    0.228497181
    8.644275000    0.228496886    0.228497277
    8.667450000    0.228497326    0.228497364
    8.690625000    0.228497772    0.228497448
    8.713800000    0.228498183    0.228497536
    8.736975000    0.228498523    0.228497634
    8.760150000    0.228498765    0.228497745
    8.783325000    0.228498895    0.228497873
    8.806500000    0.228498913    0.228498018
    8.829675000    0.228498833    0.228498176
    8.852850000    0.228498681    0.228498345
    8.876025000    0.228498494    0.228498517
    8.899200000    0.228498311    0.228498686
    8.922375000    0.228498172    0.228498847
    8.945550000    0.228498110    0.228498993
    8.968725000    0.228498149    0.228499122
    8.991900000    0.228498297    0.228499231
    9.015075000    0.228498551    0.228499322
    9.038250000    0.228498891    0.228499397
    9.061425000    0.228499289    0.228499462
    9.084600000    0.228499707    0.228499523
    9.107775000    0.228500105    0.228499585
    9.130950000    0.228500446    0.228499656
    9.154125000    0.228500699    0.228499740
    9.177300000    0.228500846    0.228499840
    9.200475000    0.228500883    0.228499957
    9.223650000    0.228500817    0.228500089
    9.246825000    0.228500671    0.228500233
    9.270000000    0.228500478    0.228500383
    9.293175000    0.228500276    0.228500532
    9.316350000    0.228500104    0.228500676
    9.339525000    0.228499998    0.228500807
    9.362700000    0.228499983    0.228500923
    9.385875000    0.228500074    0.228501019
    9.409050000    0.228500272    0.228501098
    9.432225000    0.228500563    0.228501160
    9.455400000    0.228500921    0.228501210
    9.478575000    0.228501312    0.228501253
    9.501750000    0.228501697    0.228501297
    9.524925000    0.228502038    0.228501348
    9.548100000    0.228502303    0.228501410
    9.571275000    0.228502468    0.228501487
    9.594450000    0.228502524    0.228501581
    9.617625000    0.228502476    0.228501691
    9.640800000    0.228502341    0.228501814
    9.663975000    0.228502149    0.228501945
    9.687150000    0.228501934    0.228502079
    9.710325000    0.228501737    0.228502208
    9.733500000    0.228501594    0.228502327
    9.756675000    0.228501534    0.228502431
    9.779850000    0.228501576    0.228502516
    9.803025000    0.228501724    0.228502582
    9.826200000    0.228501971    0.228502629
    9.849375000    0.228502293    0.228502661
    9.872550000    0.228502659    0.228502682
    9.895725000    0.228503031    0.228502699
    9.918900000    0.228503369    0.228502718
    9.942075000    0.228503639    0.228502744
    9.965250000    0.228503813    0.228502780
    9.988425000    0.228503876    0.228502831
   10.011600000    0.228503827    0.228502894
   10.034775000    0.228503679    0.228502970
   10.057950000    0.228503457    0.228503052
   10.081125000    0.228503194    0.228503137
   10.104300000    0.228502929    0.228503218
   10.127475000    0.228502700    0.228503289
   10.150650000    0.228502541    0.228503346
   10.173825000    0.228502474    0.228503384
   10.197000000    0.228502511    0.228503402
   10.220175000    0.228502649    0.228503403
   10.243350000    0.228502873    0.228503387
   10.266525000    0.228503155    0.228503360
   10.289700000    0.228503460    0.228503329
   10.312875000    0.228503751    0.228503299
   10.336050000    0.228503992    0.228503277
   10.359225000    0.228504153    0.228503267
   10.382400000    0.228504215    0.228503273
   10.405575000    0.228504172    0.228503296
   10.428750000    0.228504032    0.228503335
   10.451925000    0.228503814    0.228503385
   10.475100000    0.228503548    0.228503443
   10.498275000    0.228503272    0.228503503
   10.521450000    0.228503021    0.228503558
   10.544625000    0.228502831    0.228503603
   10.567800000    0.228502727    0.228503633
   10.590975000    0.228502725    0.228503647
   10.614150000    0.228502826    0.228503644
   10.637325000    0.228503019    0.228503625
   10.660500000    0.228503279    0.228503595
   10.683675000    0.228503575    0.228503559
   10.706850000    0.228503869    0.228503523
   10.730025000    0.228504125    0.228503493
   10.753200000    0.228504310    0.228503475
   10.776375000    0.228504402    0.228503471
   10.799550000    0.228504391    0.228503483
   10.822725000    0.228504278    0.228503512
   10.845900000    0.228504081    0.228503554
   10.869075000    0.228503825    0.228503605
   10.892250000    0.228503545    0.228503660
   10.915425000    0.228503278    0.228503713
   10.938600000    0.228503060    0.228503757
   10.961775000    0.228502921    0.228503788
   10.984950000    0.228502878    0.228503802
   11.008125000    0.228502939    0.228503800
   11.031300000    0.228503096    0.228503782
   11.054475000    0.228503330    0.228503751
   11.077650000    0.228503611    0.228503712
   11.100825000    0.228503904    0.228503671
   11.124000000    0.228504171    0.228503634
   11.147175000    0.228504378    0.228503606
   11.170350000    0.228504499    0.228503593
   11.193525000    0.228504519    0.228503595
   11.216700000    0.228504436    0.228503613
   11.239875000    0.228504262    0.228503647
   11.263050000    0.228504020    0.228503691
   11.286225000    0.228503741    0.228503740
   11.309400000    0.228503462    0.228503790
   11.332575000    0.228503220    0.228503833
   11.355750000    0.228503047    0.228503864
   11.378925000    0.228502965    0.228503881
   11.402100000    0.228502986    0.228503880
   11.425275000    0.228503107    0.228503863
   11.448450000    0.228503312    0.228503832
   11.471625000    0.228503576    0.228503791
   11.494800000    0.228503864    0.228503746
   11.517975000    0.228504139    0.228503702
   11.541150000    0.228504366    0.228503666
   11.564325000    0.228504515    0.228503643
   11.587500000    0.228504566    0.228503634
   11.610675000    0.228504515    0.228503643
   11.633850000    0.228504366    0.228503666
   11.657025000    0.228504139    0.228503702
   11.680200000    0.228503864    0.228503746
   11.703375000    0.228503576    0.228503791
   11.726550000    0.228503312    0.228503832
   11.749725000    0.228503107    0.228503863
   11.772900000    0.228502986    0.228503880
   11.796075000    0.228502965    0.228503881
   11.819250000    0.228503047    0.228503864
   11.842425000    0.228503220    0.228503833
   11.865600000    0.228503462    0.228503790
   11.888775000    0.228503741    0.228503740
   11.911950000    0.228504020    0.228503691
   11.935125000    0.228504262    0.228503647
   11.958300000    0.228504436    0.228503613
   11.981475000    0.228504519    0.228503595
   12.004650000    0.228504499    0.228503593
   12.027825000    0.228504378    0.228503606
   12.051000000    0.228504171    0.228503634
   12.074175000    0.228503904    0.228503671
   12.097350000    0.228503611    0.228503712
   12.120525000    0.228503330    0.228503751
   12.143700000    0.228503096    0.228503782
   12.166875000    0.228502939    0.228503800
   12.190050000    0.228502878    0.228503802
   12.213225000    0.228502921    0.228503788
   12.236400000    0.228503060    0.228503757
   12.259575000    0.228503278    0.228503713
   12.282750000    0.228503545    0.228503660
   12.305925000    0.228503825    0.228503605
   12.329100000    0.228504081    0.228503554
   12.352275000    0.228504278    0.228503512
   12.375450000    0.228504391    0.228503483
   12.398625000    0.228504402    0.228503471
   12.421800000    0.228504310    0.228503475
   12.444975000    0.228504125    0.228503493
   12.468150000    0.228503869    0.228503523
   12.491325000    0.228503575    0.228503559
   12.514500000    0.228503279    0.228503595
   12.537675000    0.228503019    0.228503625
   12.560850000    0.228502826    0.228503644
   12.584025000    0.228502725    0.228503647
   12.607200000    0.228502727    0.228503633
   12.630375000    0.228502831    0.228503603
   12.653550000    0.228503021    0.228503558
   12.676725000    0.228503272    0.228503503
   12.699900000    0.228503548    0.228503443
   12.723075000    0.228503814    0.228503385
   12.746250000    0.228504032    0.228503335
   12.769425000    0.228504172    0.228503296
   12.792600000    0.228504215    0.228503273
   12.815775000    0.228504153    0.228503267
   12.838950000    0.228503992    0.228503277
   12.862125000    0.228503751    0.228503299
   12.885300000    0.228503460    0.228503329
   12.908475000    0.228503155    0.228503360
   12.931650000    0.228502873    0.228503387
   12.954825000    0.228502649    0.228503403
   12.978000000    0.228502511    0.228503402
   13.001175000    0.228502474    0.228503384
   13.024350000    0.228502541    0.228503346
   13.047525000    0.228502700    0.228503289
   13.070700000    0.228502929    0.228503218
   13.093875000    0.228503194    0.228503137
   13.117050000    0.228503457    0.228503052
   13.140225000    0.228503679    0.228502970
   13.163400000    0.228503827    0.228502894
   13.186575000    0.228503876    0.228502831
   13.209750000    0.228503813    0.228502780
   13.232925000    0.228503639    0.228502744
   13.256100000    0.228503369    0.228502718
   13.279275000    0.228503031    0.228502699
   13.302450000    0.228502659    0.228502682
   13.325625000    0.228502293    0.228502661
   13.348800000    0.228501971    0.228502629
   13.371975000    0.228501724    0.228502582
   13.395150000    0.228501576    0.228502516
   13.418325000    0.228501534    0.228502431
   13.441500000    0.228501594    0.228502327
   13.464675000    0.228501737    0.228502208
   13.487850000    0.228501934    0.228502079
   13.511025000    0.228502149    0.228501945
   13.534200000    0.228502341    0.228501814
   13.557375000    0.228502476    0.228501691
   13.580550000    0.228502524    0.228501581
   13.603725000    0.228502468    0.228501487
   13.626900000    0.228502303    0.228501410
   13.650075000    0.228502038    0.228501348
   13.673250000    0.228501697    0.228501297
   13.696425000    0.228501312    0.228501253
   13.719600000    0.228500921    0.228501210
   13.742775000    0.228500563    0.228501160
   13.765950000    0.228500272    0.228501098
   13.789125000    0.228500074    0.228501019
   13.812300000    0.228499983    0.228500923
   13.835475000    0.228499998    0.228500807
   13.858650000    0.228500104    0.228500676
   13.881825000    0.228500276    0.228500532
   13.905000000    0.228500478    0.228500383
   13.928175000    0.228500671    0.228500233
   13.951350000    0.228500817    0.228500089
   13.974525000    0.228500883    0.228499957
   13.997700000    0.228500846    0.228499840
   14.020875000    0.228500699    0.228499740
   14.044050000    0.228500446    0.228499656
   14.067225000    0.228500105    0.228499585
   14.090400000    0.228499707    0.228499523
   14.113575000    0.228499289    0.228499462
   14.136750000    0.228498891    0.228499397
   14.159925000    0.228498551    0.228499322
   14.183100000    0.228498297    0.228499231
   14.206275000    0.228498149    0.228499122
   14.229450000    0.228498110    0.228498993
   14.252625000    0.228498172    0.228498847
   14.275800000    0.228498311    0.228498686
   14.298975000    0.228498494    0.228498517
   14.322150000    0.228498681    0.228498345
   14.345325000    0.228498833    0.228498176
   14.368500000    0.228498913    0.228498018
   14.391675000    0.228498895    0.228497873
   14.414850000    0.228498765    0.228497745
   14.438025000    0.228498523    0.228497634
   14.461200000    0.228498183    0.228497536
   14.484375000    0.228497772    0.228497448
   14.507550000    0.228497326    0.228497364
   14.530725000    0.228496886    0.228497277
   14.553900000    0.228496490    0.228497181
   14.577075000    0.228496174    0.228497070
   14.600250000    0.228495960    0.228496940
   14.623425000    0.228495857    0.228496790
   14.646600000    0.228495861    0.228496619
   14.669775000    0.228495952    0.228496432
   14.692950000    0.228496100    0.228496232
   14.716125000    0.228496266    0.228496027
   14.739300000    0.228496409    0.228495822
   14.762475000    0.228496489    0.228495624
   14.785650000    0.228496475    0.228495438
   14.808825000    0.228496349    0.228495268
   14.832000000    0.228496105    0.228495114
   14.855175000    0.228495752    0.228494974
   14.878350000    0.228495315    0.228494846
   14.901525000    0.228494828    0.228494722
   14.924700000    0.228494331    0.228494597
   14.947875000    0.228493866    0.228494464
   14.971050000    0.228493470    0.228494317
   14.994225000    0.228493172    0.228494150
   15.017400000    0.228492986    0.228493961
   15.040575000    0.228492912    0.228493751
   15.063750000    0.228492936    0.228493520
   15.086925000    0.228493030    0.228493273
   15.110100000    0.228493155    0.228493017
   15.133275000    0.228493270    0.228492757
   15.156450000    0.228493332    0.228492501
   15.179625000    0.228493307    0.228492254
   15.202800000    0.228493169    0.228492021
   15.225975000    0.228492907    0.228491801
   15.249150000    0.228492527    0.228491596
   15.272325000    0.228492048    0.228491401
   15.295500000    0.228491501    0.228491212
   15.318675000    0.228490926    0.228491021
   15.341850000    0.228490368    0.228490821
   15.365025000    0.228489865    0.228490605
   15.388200000    0.228489451    0.228490368
   15.411375000    0.228489146    0.228490105
   15.434550000    0.228488955    0.228489816
   15.457725000    0.228488868    0.228489502
   15.480900000    0.228488860    0.228489166
   15.504075000    0.228488896    0.228488814
   15.527250000    0.228488931    0.228488452
   15.550425000    0.228488922    0.228488088
   15.573600000    0.228488830    0.228487727
   15.596775000    0.228488624    0.228487374
   15.619950000    0.228488288    0.228487032
   15.643125000    0.228487821    0.228486701
   15.666300000    0.228487238    0.228486378
   15.689475000    0.228486569    0.228486057
   15.712650000    0.228485852    0.228485734
   15.735825000    0.228485131    0.228485398
   15.759000000    0.228484451    0.228485044
   15.782175000    0.228483848    0.228484665
   15.805350000    0.228483348    0.228484255
   15.828525000    0.228482962    0.228483812
   15.851700000    0.228482684    0.228483337
   15.874875000    0.228482494    0.228482831
   15.898050000    0.228482357    0.228482300
   15.921225000    0.228482230    0.228481749
   15.944400000    0.228482066    0.228481186
   15.967575000    0.228481822    0.228480617
   15.990750000    0.228481461    0.228480047
   16.013925000    0.228480961    0.228479479
   16.037100000    0.228480315    0.228478914
   16.060275000    0.228479532    0.228478348
   16.083450000    0.228478637    0.228477777
   16.106625000    0.228477667    0.228477194
   16.129800000    0.228476666    0.228476590
   16.152975000    0.228475680    0.228475957
   16.176150000    0.228474749    0.228475287
   16.199325000    0.228473904    0.228474573
   16.222500000    0.228473162    0.228473812
   16.245675000    0.228472523    0.228473001
   16.268850000    0.228471967    0.228472142
   16.292025000    0.228471464    0.228471239
   16.315200000    0.228470971    0.228470296
   16.338375000    0.228470437    0.228469322
   16.361550000    0.228469817    0.228468321
   16.384725000    0.228469067    0.228467299
   16.407900000    0.228468159    0.228466259
   16.431075000    0.228467079    0.228465203
   16.454250000    0.228465830    0.228464128
   16.477425000    0.228464434    0.228463029
   16.500600000    0.228462924    0.228461898
   16.523775000    0.228461345    0.228460727
   16.546950000    0.228459744    0.228459505
   16.570125000    0.228458166    0.228458223
   16.593300000    0.228456646    0.228456873
   16.616475000    0.228455206    0.228455448
   16.639650000    0.228453851    0.228453944
   16.662825000    0.228452567    0.228452361
   16.686000000    0.228451325    0.228450700
   16.709175000    0.228450079    0.228448964
   16.732350000    0.228448780    0.228447159
   16.755525000    0.228447373    0.228445290
   16.778700000    0.228445810    0.228443361
   16.801875000    0.228444054    0.228441375
   16.825050000    0.228442082    0.228439330
   16.848225000    0.228439888    0.228437224
   16.871400000    0.228437487    0.228435051
   16.894575000    0.228434908    0.228432800
   16.917750000    0.228432192    0.228430460
   16.940925000    0.228429385    0.228428018
   16.964100000    0.228426533    0.228425462
   16.987275000    0.228423675    0.228422779
   17.010450000    0.228420836    0.228419959
   17.033625000    0.228418025    0.228416995
   17.056800000    0.228415230    0.228413881
   17.079975000    0.228412423    0.228410615
   17.103150000    0.228409558    0.228407199
   17.126325000    0.228406581    0.228403634
   17.149500000    0.228403431    0.228399922
   17.172675000    0.228400053    0.228396067
   17.195850000    0.228396399    0.228392067
   17.219025000    0.228392438    0.228387920
   17.242200000    0.228388154    0.228383622
   17.265375000    0.228383554    0.228379162
   17.288550000    0.228378659    0.228374528
   17.311725000    0.228373509    0.228369705
   17.334900000    0.228368146    0.228364675
   17.358075000    0.228362619    0.228359421
   17.381250000    0.228356968    0.228353924
   17.404425000    0.228351220    0.228348168
   17.427600000    0.228345387    0.228342140
   17.450775000    0.228339459    0.228335827
   17.473950000    0.228333405    0.228329220
   17.497125000    0.228327177    0.228322314
   17.520300000    0.228320713    0.228315103
   17.543475000    0.228313944    0.228307583
   17.566650000    0.228306799    0.228299749
   17.589825000    0.228299217    0.228291595
   17.613000000    0.228291149    0.228283110
   17.636175000    0.228282564    0.228274282
   17.659350000    0.228273453    0.228265092
   17.682525000    0.228263824    0.228255519
   17.705700000    0.228253701    0.228245538
   17.728875000    0.228243121    0.228235120
   17.752050000    0.228232123    0.228224236
   17.775225000    0.228220742    0.228212856
   17.798400000    0.228209001    0.228200950
   17.821575000    0.228196906    0.228188490
   17.844750000    0.228184443    0.228175453
   17.867925000    0.228171572    0.228161814
   17.891100000    0.228158235    0.228147554
   17.914275000    0.228144357    0.228132655
   17.937450000    0.228129852    0.228117099
   17.960625000    0.228114632    0.228100867
   17.983800000    0.228098614    0.228083940
   18.006975000    0.228081726    0.228066294
   18.030150000    0.228063915    0.228047901
   18.053325000    0.228045151    0.228028727
   18.076500000    0.228025421    0.228008736
   18.099675000    0.228004734    0.227987884
   18.122850000    0.227983108    0.227966124
   18.146025000    0.227960571    0.227943405
   18.169200000    0.227937145    0.227919676
   18.192375000    0.227912841    0.227894884
   18.215550000    0.227887654    0.227868977
   18.238725000    0.227861553    0.227841904
   18.261900000    0.227834483    0.227813615
   18.285075000    0.227806363    0.227784062
   18.308250000    0.227777090    0.227753199
   18.331425000    0.227746546    0.227720977
   18.354600000    0.227714606    0.227687347
   18.377775000    0.227681146    0.227652257
   18.400950000    0.227646052    0.227615649
   18.424125000    0.227609224    0.227577460
   18.447300000    0.227570583    0.227537621
   18.470475000    0.227530073    0.227496053
   18.493650000    0.227487656    0.227452672
   18.516825000    0.227443309    0.227407388
   18.540000000    0.227397016    0.227360102
   18.563175000    0.227348758    0.227310717
   18.586350000    0.227298508    0.227259127
   18.609525000    0.227246216    0.227205228
   18.632700000    0.227191809    0.227148915
   18.655875000    0.227135185    0.227090084
   18.679050000    0.227076211    0.227028628
   18.702225000    0.227014728    0.226964443
   18.725400000    0.226950556    0.226897421
   18.748575000    0.226883504    0.226827451
   18.771750000    0.226813377    0.226754418
   18.794925000    0.226739985    0.226678199
   18.818100000    0.226663156    0.226598663
   18.841275000    0.226582732    0.226515669
   18.864450000    0.226498581    0.226429065
   18.887625000    0.226410589    0.226338688
   18.910800000    0.226318658    0.226244364
   18.933975000    0.226222696    0.226145911
   18.957150000    0.226122609    0.226043135
   18.980325000    0.226018293    0.225935838
   19.003500000    0.225909617    0.225823812
   19.026675000    0.225796419    0.225706847
   19.049850000    0.225678502    0.225584725
   19.073025000    0.225555630    0.225457226
   19.096200000    0.225427528    0.225324123
   19.119375000    0.225293891    0.225185182
   19.142550000    0.225154392    0.225040160
   19.165725000    0.225008690    0.224888802
   19.188900000    0.224856441    0.224730844
   19.212075000    0.224697306    0.224566001
   19.235250000    0.224530962    0.224393974
   19.258425000    0.224357102    0.224214446
   19.281600000    0.224175434    0.224027080
   19.304775000    0.223985681    0.223831519
   19.327950000    0.223787568    0.223627390
   19.351125000    0.223580814    0.223414300
   19.374300000    0.223365120    0.223191841
   19.397475000    0.223140158    0.222959592
   19.420650000    0.222905559    0.222717116
   19.443825000    0.222660907    0.222463964
   19.467000000    0.222405736    0.222199674
   19.490175000    0.222139529    0.221923768
   19.513350000    0.221861725    0.221635754
   19.536525000    0.221571727    0.221335122
   19.559700000    0.221268910    0.221021341
   19.582875000    0.220952638    0.220693855
   19.606050000    0.220622268    0.220352081
   19.629225000    0.220277164    0.219995407
   19.652400000    0.219916697    0.219623188
   19.675575000    0.219540248    0.219234743
   19.698750000    0.219147200    0.218829360
   19.721925000    0.218736935    0.218406286
   19.745100000    0.218308814    0.217964736
   19.768275000    0.217862166    0.217503888
   19.791450000    0.217396274    0.217022889
   19.814625000    0.216910358    0.216520847
   19.837800000    0.216403566    0.215996841
   19.860975000    0.215874968    0.215449911
   19.884150000    0.215323552    0.214879063
   19.907325000    0.214748231    0.214283264
   19.930500000    0.214147846    0.213661436
   19.953675000    0.213521182    0.213012456
   19.976850000    0.212866977    0.212335152
   20.000025000    0.212183934    0.211628292
   20.023200000    0.211470735    0.210890589
   20.046375000    0.210726043    0.210120690
   20.069550000    0.209948504    0.209317174
   20.092725000    0.209136744    0.208478552
   20.115900000    0.208289360    0.207603267
   20.139075000    0.207404901    0.206689688
   20.162250000    0.206481856    0.205736114
   20.185425000    0.205518633    0.204740772
   20.208600000    0.204513540    0.203701820
   20.231775000    0.203464772    0.202617341
   20.254950000    0.202370404    0.201485345
   20.278125000    0.201228380    0.200303767
   20.301300000    0.200036518    0.199070460
   20.324475000    0.198792520    0.197783190
   20.347650000    0.197493978    0.196439634
   20.370825000    0.196138390    0.195037367
   20.394000000    0.194723173    0.193573858
   20.417175000    0.193245675    0.192046461
   20.440350000    0.191703181    0.190452410
   20.463525000    0.190092913    0.188788807
   20.486700000    0.188412027    0.187052624
   20.509875000    0.186657595    0.185240689
   20.533050000    0.184826587    0.183349690
   20.556225000    0.182915846    0.181376167
   20.579400000    0.180922064    0.179316508
   20.602575000    0.178841750    0.177166950
   20.625750000    0.176671210    0.174923572
   20.648925000    0.174406528    0.172582290
   20.672100000    0.172043552    0.170138853
   20.695275000    0.169577891    0.167588833
   20.718450000    0.167004917    0.164927620
   20.741625000    0.164319777    0.162150407
   20.764800000    0.161517402    0.159252183
   20.787975000    0.158592524    0.156227721
   20.811150000    0.155539689    0.153071565
   20.834325000    0.152353266    0.149778018
   20.857500000    0.149027450    0.146341136
   20.880675000    0.145556252    0.142754713
   20.903850000    0.141933491    0.139012277
   20.927025000    0.138152765    0.135107082
   20.950200000    0.134207428    0.131032101
   20.973375000    0.130090553    0.126780018
   20.996550000    0.125794901    0.122343227
   21.019725000    0.121312888    0.117713816
   21.042900000    0.116636562    0.112883565
   21.066075000    0.111757585    0.107843932
   21.089250000    0.106667218    0.102586039
   21.112425000    0.101356326    0.097100657
   21.135600000    0.095815378    0.091378188
   21.158775000    0.090034461    0.085408649
   21.181950000    0.084003284    0.079181651
   21.205125000    0.077711189    0.072686378
   21.228300000    0.071147151    0.065911577
   21.251475000    0.064299773    0.058845537
   21.274650000    0.057157259    0.051476081
   21.297825000    0.049707396    0.043790554
   21.321000000    0.041937509    0.035775818
   21.344175000    0.033834422    0.027418248
   21.367350000    0.025384413    0.018703724
   21.390525000    0.016573176    0.009617624
   21.413700000    0.007385791    0.000144816
   21.436875000   -0.002193295   -0.009730360
   21.460050000   -0.012180269   -0.020024120
   21.483225000   -0.022591935   -0.030753265
   21.506400000   -0.033445694   -0.041935233
   21.529575000   -0.044759506   -0.053588148
   21.552750000   -0.056551861   -0.065730891
   21.575925000   -0.068841755   -0.078383168
   21.599100000   -0.081648693   -0.091565587
   21.622275000   -0.094992722   -0.105299734
   21.645450000   -0.108894500   -0.119608234
   21.668625000   -0.123375418   -0.134514807
   21.691800000   -0.138457759   -0.150044295
   21.714975000   -0.154164900   -0.166222663
   21.738150000   -0.170521545   -0.183076960
   21.761325000   -0.187553960   -0.200635235
   21.784500000   -0.205290204   -0.218926406
   21.807675000   -0.223760309   -0.237980067
   21.830850000   -0.242996392   -0.257826246
   21.854025000   -0.263032667   -0.278495091
   21.877200000   -0.283905321   -0.300016504
   21.900375000   -0.305652237   -0.322419723
   21.923550000   -0.328312545   -0.345732839
   21.946725000   -0.351925999   -0.369982283
   21.969900000   -0.376532167   -0.395192269
   21.993075000   -0.402169472   -0.421384215
   22.016250000   -0.428874092   -0.448576148
   22.039425000   -0.456678760   -0.476782113
   22.062600000   -0.485611512   -0.506011593
   22.085775000   -0.515694425   -0.536268952
   22.108950000   -0.546942408   -0.567552923
   22.132125000   -0.579362089   -0.599856146
   22.155300000   -0.612950856   -0.633164770
   22.178475000   -0.647696087   -0.667458132
   22.201650000   -0.683574609   -0.702708515
   22.224825000   -0.720552399   -0.738881000
   22.248000000   -0.758584548   -0.775933410
   22.271175000   -0.797615475   -0.813816349
   22.294350000   -0.837579384   -0.852473341
   22.317525000   -0.878400928   -0.891841048
   22.340700000   -0.919996059   -0.931849588
   22.363875000   -0.962273006   -0.972422922
   22.387050000   -1.005133350   -1.013479309
   22.410225000   -1.048473146   -1.054931812
   22.433400000   -1.092184039   -1.096688857
   22.456575000   -1.136154349   -1.138654809
   22.479750000   -1.180270080   -1.180730568
   22.502925000   -1.224415828   -1.222814166
   22.526100000   -1.268475577   -1.264801357
   22.549275000   -1.312333355   -1.306586183
   22.572450000   -1.355873775   -1.348061515
   22.595625000   -1.398982431   -1.389119560
   22.618800000   -1.441546200   -1.429652329
   22.641975000   -1.483453426   -1.469552070
   22.665150000   -1.524594038   -1.508711664
   22.688325000   -1.564859598   -1.547024986
   22.711500000   -1.604143327   -1.584387240
   22.734675000   -1.642340105   -1.620695273
   22.757850000   -1.679346485   -1.655847874
   22.781025000   -1.715060732   -1.689746064
   22.804200000   -1.749382906   -1.722293391
   22.827375000   -1.782215002   -1.753396220
   22.850550000   -1.813461154   -1.782964048
   22.873725000   -1.843027917   -1.810909816
   22.896900000   -1.870824620   -1.837150249
   22.920075000   -1.896763796   -1.861606202
   22.943250000   -1.920761681   -1.884203022
   22.966425000   -1.942738775   -1.904870914
   22.989600000   -1.962620448   -1.923545315
   23.012775000   -1.980337579   -1.940167260
   23.035950000   -1.995827211   -1.954683740
   23.059125000   -2.009033195   -1.967048039
   23.082300000   -2.019906810   -1.977220049
   23.105475000   -2.028407330   -1.985166546
   23.128650000   -2.034502522   -1.990861428
   23.151825000   -2.038169056   -1.994285912
