 &plot nbnd=   8, nks=    51 /
            0.000000  0.000000  0.000000
  -21.388   -9.684   -4.860   -4.860    1.467    2.529    3.025    4.967
           -0.015871  0.027494  0.000000
  -21.370   -9.663   -4.934   -4.902    1.492    2.553    3.051    4.992
           -0.031743  0.054988  0.000000
  -21.316   -9.597   -5.147   -5.023    1.565    2.628    3.126    5.066
           -0.047614  0.082481  0.000000
  -21.226   -9.488   -5.480   -5.221    1.688    2.752    3.251    5.189
           -0.063486  0.109975  0.000000
  -21.101   -9.335   -5.907   -5.489    1.859    2.925    3.427    5.361
           -0.079357  0.137469  0.000000
  -20.939   -9.140   -6.403   -5.820    2.080    3.148    3.653    5.581
           -0.095229  0.164963  0.000000
  -20.742   -8.902   -6.945   -6.204    2.350    3.420    3.930    5.851
           -0.111100  0.192457  0.000000
  -20.510   -8.622   -7.514   -6.631    2.668    3.740    4.257    6.168
           -0.126971  0.219950  0.000000
  -20.243   -8.303   -8.098   -7.094    3.036    4.109    4.634    6.432
           -0.142843  0.247444  0.000000
  -19.941   -8.685   -7.944   -7.580    3.452    4.525    5.061    5.731
           -0.158714  0.274938  0.000000
  -19.605   -9.268   -8.084   -7.547    3.917    4.988    5.014    5.538
           -0.174586  0.302432  0.000000
  -19.236   -9.841   -8.596   -7.114    4.291    4.429    5.495    6.066
           -0.190457  0.329926  0.000000
  -18.834  -10.397   -9.108   -6.648    3.573    4.989    6.044    6.644
           -0.206329  0.357419  0.000000
  -18.401  -10.935   -9.617   -6.152    2.866    5.596    6.630    7.271
           -0.222200  0.384913  0.000000
  -17.937  -11.451  -10.115   -5.629    2.176    6.247    7.241    7.948
           -0.238071  0.412407  0.000000
  -17.445  -11.944  -10.598   -5.084    1.509    6.943    7.850    8.674
           -0.253943  0.439901  0.000000
  -16.927  -12.412  -11.061   -4.526    0.866    7.678    8.394    9.448
           -0.269814  0.467395  0.000000
  -16.388  -12.854  -11.498   -3.961    0.254    8.449    8.742   10.268
           -0.285686  0.494888  0.000000
  -15.834  -13.268  -11.900   -3.398   -0.327    8.817    9.243   11.121
           -0.301557  0.522382  0.000000
  -15.279  -13.654  -12.255   -2.849   -0.872    8.739   10.035   11.435
           -0.317429  0.549876  0.000000
  -14.755  -14.012  -12.532   -2.329   -1.380    8.644   10.762   11.367
           -0.333300  0.577370  0.000000
  -14.341  -14.340  -12.653   -1.850   -1.849    8.604   11.218   11.219
           -0.303000  0.577368  0.000000
  -14.628  -14.167  -12.508   -2.264   -1.447    8.647   11.017   11.164
           -0.272700  0.577366  0.000000
  -14.888  -14.212  -12.111   -2.640   -1.106    8.780   10.783   10.899
           -0.242400  0.577365  0.000000
  -15.121  -14.356  -11.587   -2.977   -0.829    8.999   10.400   10.540
           -0.212100  0.577363  0.000000
  -15.327  -14.527  -11.018   -3.277   -0.616    9.283    9.640   10.302
           -0.181800  0.577361  0.000000
  -15.505  -14.692  -10.445   -3.537   -0.461    8.833    9.596   10.083
           -0.151500  0.577359  0.000000
  -15.656  -14.840   -9.895   -3.758   -0.353    8.056    9.888    9.889
           -0.121200  0.577357  0.000000
  -15.780  -14.966   -9.394   -3.940   -0.283    7.351    9.726    9.832
           -0.090900  0.577356  0.000000
  -15.876  -15.066   -8.963   -4.081   -0.240    6.756    9.597    9.692
           -0.060600  0.577354  0.000000
  -15.945  -15.138   -8.630   -4.181   -0.215    6.301    9.503    9.592
           -0.030300  0.577352  0.000000
  -15.986  -15.181   -8.419   -4.242   -0.203    6.015    9.447    9.532
            0.000000  0.577350  0.000000
  -16.000  -15.196   -8.346   -4.262   -0.199    5.917    9.428    9.511
            0.000000  0.545275  0.000000
  -16.320  -14.849   -8.328   -4.385   -0.048    5.925    8.631    9.712
            0.000000  0.513200  0.000000
  -16.838  -14.249   -8.272   -4.706    0.359    5.949    7.833    8.929
            0.000000  0.481125  0.000000
  -17.361  -13.591   -8.179   -5.141    0.938    5.985    7.082    8.177
            0.000000  0.449050  0.000000
  -17.863  -12.902   -8.051   -5.625    1.618    6.009    6.403    7.465
            0.000000  0.416975  0.000000
  -18.337  -12.192   -7.888   -6.121    2.359    5.650    6.166    6.798
            0.000000  0.384900  0.000000
  -18.780  -11.465   -7.693   -6.608    3.133    5.051    6.179    6.220
            0.000000  0.352825  0.000000
  -19.190  -10.728   -7.467   -7.072    3.916    4.484    5.613    6.104
            0.000000  0.320750  0.000000
  -19.567   -9.986   -7.508   -7.214    3.964    4.641    5.155    5.586
            0.000000  0.288675  0.000000
  -19.910   -9.247   -7.910   -6.937    3.491    4.544    5.101    5.553
            0.000000  0.256600  0.000000
  -20.218   -8.519   -8.275   -6.643    3.067    4.137    4.666    6.252
            0.000000  0.224525  0.000000
  -20.491   -8.601   -7.814   -6.338    2.692    3.764    4.282    6.184
            0.000000  0.192450  0.000000
  -20.729   -8.886   -7.143   -6.030    2.367    3.438    3.948    5.867
            0.000000  0.160375  0.000000
  -20.930   -9.128   -6.522   -5.731    2.092    3.161    3.666    5.594
            0.000000  0.128300  0.000000
  -21.094   -9.328   -5.970   -5.453    1.867    2.933    3.436    5.369
            0.000000  0.096225  0.000000
  -21.223   -9.483   -5.507   -5.211    1.692    2.756    3.256    5.193
            0.000000  0.064150  0.000000
  -21.315   -9.595   -5.156   -5.023    1.567    2.630    3.128    5.068
            0.000000  0.032075  0.000000
  -21.370   -9.662   -4.936   -4.903    1.492    2.554    3.051    4.992
            0.000000  0.000000  0.000000
  -21.388   -9.684   -4.860   -4.860    1.467    2.529    3.025    4.967
