 &plot nbnd=   8, nks=    51 /
            0.000000  0.000000  0.000000
  -21.306   -9.141   -5.020   -5.020    1.101    2.248    2.673    4.510
           -0.015871  0.027494  0.000000
  -21.291   -9.121   -5.082   -5.050    1.126    2.271    2.698    4.532
           -0.031743  0.054988  0.000000
  -21.247   -9.060   -5.267   -5.142    1.202    2.340    2.772    4.597
           -0.047614  0.082481  0.000000
  -21.173   -8.960   -5.557   -5.291    1.328    2.455    2.896    4.703
           -0.063486  0.109975  0.000000
  -21.070   -8.820   -5.932   -5.495    1.502    2.615    3.068    4.849
           -0.079357  0.137469  0.000000
  -20.938   -8.641   -6.373   -5.746    1.722    2.817    3.289    5.028
           -0.095229  0.164963  0.000000
  -20.779   -8.424   -6.858   -6.038    1.989    3.061    3.559    5.232
           -0.111100  0.192457  0.000000
  -20.593   -8.171   -7.373   -6.364    2.302    3.339    3.877    5.435
           -0.126971  0.219950  0.000000
  -20.382   -7.902   -7.883   -6.716    2.660    3.639    4.243    5.586
           -0.142843  0.247444  0.000000
  -20.148   -8.433   -7.561   -7.087    3.064    3.928    4.658    5.613
           -0.158714  0.274938  0.000000
  -19.892   -8.957   -7.470   -7.210    3.513    4.113    5.121    5.572
           -0.174586  0.302432  0.000000
  -19.619   -9.465   -7.858   -6.832    4.006    4.043    5.632    5.692
           -0.190457  0.329926  0.000000
  -19.332   -9.947   -8.245   -6.432    3.724    4.543    6.044    6.191
           -0.206329  0.357419  0.000000
  -19.036  -10.397   -8.627   -6.017    3.291    5.124    6.530    6.798
           -0.222200  0.384913  0.000000
  -18.739  -10.803   -8.999   -5.593    2.828    5.745    7.086    7.452
           -0.238071  0.412407  0.000000
  -18.449  -11.158   -9.357   -5.174    2.375    6.404    7.670    8.152
           -0.253943  0.439901  0.000000
  -18.177  -11.450   -9.697   -4.773    1.958    7.095    8.225    8.895
           -0.269814  0.467395  0.000000
  -17.936  -11.668  -10.015   -4.408    1.597    7.810    8.631    9.676
           -0.285686  0.494888  0.000000
  -17.739  -11.806  -10.304   -4.101    1.309    8.528    8.768   10.428
           -0.301557  0.522382  0.000000
  -17.596  -11.861  -10.552   -3.871    1.109    8.719    9.197   10.719
           -0.317429  0.549876  0.000000
  -17.513  -11.854  -10.737   -3.734    0.999    8.636    9.689   10.857
           -0.333300  0.577370  0.000000
  -17.487  -11.835  -10.813   -3.691    0.968    8.599    9.845   10.994
           -0.303000  0.577368  0.000000
  -17.507  -11.867  -10.733   -3.725    0.987    8.639    9.754   10.823
           -0.272700  0.577366  0.000000
  -17.560  -11.958  -10.511   -3.811    1.029    8.759    9.541   10.497
           -0.242400  0.577365  0.000000
  -17.635  -12.078  -10.193   -3.929    1.071    8.951    9.243   10.160
           -0.212100  0.577363  0.000000
  -17.721  -12.203   -9.823   -4.062    1.101    8.862    9.185    9.855
           -0.181800  0.577361  0.000000
  -17.809  -12.320   -9.430   -4.196    1.114    8.410    9.419    9.598
           -0.151500  0.577359  0.000000
  -17.892  -12.424   -9.040   -4.321    1.112    7.919    9.389    9.607
           -0.121200  0.577357  0.000000
  -17.967  -12.511   -8.678   -4.431    1.100    7.437    9.221    9.721
           -0.090900  0.577356  0.000000
  -18.028  -12.580   -8.363   -4.520    1.084    7.009    9.093    9.769
           -0.060600  0.577354  0.000000
  -18.073  -12.630   -8.118   -4.585    1.069    6.674    9.001    9.631
           -0.030300  0.577352  0.000000
  -18.101  -12.660   -7.963   -4.625    1.058    6.460    8.946    9.550
            0.000000  0.577350  0.000000
  -18.110  -12.670   -7.910   -4.639    1.054    6.387    8.928    9.524
            0.000000  0.545275  0.000000
  -18.158  -12.597   -7.893   -4.714    1.151    6.351    8.462    9.292
            0.000000  0.513200  0.000000
  -18.295  -12.385   -7.844   -4.923    1.424    6.221    7.885    8.586
            0.000000  0.481125  0.000000
  -18.500  -12.055   -7.763   -5.231    1.832    5.950    7.445    7.888
            0.000000  0.449050  0.000000
  -18.751  -11.632   -7.651   -5.599    2.329    5.530    7.127    7.229
            0.000000  0.416975  0.000000
  -19.027  -11.138   -7.509   -5.996    2.869    5.027    6.624    6.730
            0.000000  0.384900  0.000000
  -19.312  -10.592   -7.339   -6.400    3.402    4.505    6.094    6.201
            0.000000  0.352825  0.000000
  -19.596  -10.010   -7.145   -6.797    3.845    3.998    5.661    5.688
            0.000000  0.320750  0.000000
  -19.869   -9.403   -7.177   -6.928    3.519    4.048    5.154    5.510
            0.000000  0.288675  0.000000
  -20.127   -8.786   -7.532   -6.693    3.078    3.931    4.689    5.559
            0.000000  0.256600  0.000000
  -20.365   -8.168   -7.859   -6.446    2.676    3.658    4.270    5.573
            0.000000  0.224525  0.000000
  -20.579   -8.152   -7.563   -6.191    2.318    3.359    3.899    5.443
            0.000000  0.192450  0.000000
  -20.768   -8.410   -6.986   -5.939    2.003    3.077    3.576    5.243
            0.000000  0.160375  0.000000
  -20.931   -8.631   -6.451   -5.698    1.733    2.829    3.301    5.038
            0.000000  0.128300  0.000000
  -21.065   -8.813   -5.974   -5.477    1.509    2.622    3.076    4.855
            0.000000  0.096225  0.000000
  -21.170   -8.956   -5.576   -5.288    1.333    2.459    2.900    4.707
            0.000000  0.064150  0.000000
  -21.246   -9.059   -5.274   -5.143    1.205    2.342    2.774    4.598
            0.000000  0.032075  0.000000
  -21.291   -9.120   -5.084   -5.051    1.127    2.271    2.699    4.532
            0.000000  0.000000  0.000000
  -21.306   -9.141   -5.020   -5.020    1.101    2.248    2.673    4.510
