 &plot nbnd=   8, nks=    51 /
            0.000000  0.000000  0.000000
  -21.061   -8.696   -4.770   -4.770    1.179    2.182    2.617    4.453
           -0.015871  0.027494  0.000000
  -21.047   -8.677   -4.835   -4.801    1.204    2.204    2.642    4.475
           -0.031743  0.054988  0.000000
  -21.003   -8.618   -5.021   -4.890    1.279    2.273    2.715    4.539
           -0.047614  0.082481  0.000000
  -20.931   -8.521   -5.312   -5.035    1.403    2.386    2.836    4.645
           -0.063486  0.109975  0.000000
  -20.830   -8.385   -5.691   -5.232    1.574    2.544    3.005    4.790
           -0.079357  0.137469  0.000000
  -20.701   -8.211   -6.133   -5.476    1.791    2.746    3.221    4.971
           -0.095229  0.164963  0.000000
  -20.546   -8.001   -6.620   -5.762    2.054    2.988    3.485    5.177
           -0.111100  0.192457  0.000000
  -20.364   -7.755   -7.133   -6.081    2.362    3.268    3.796    5.389
           -0.126971  0.219950  0.000000
  -20.158   -7.660   -7.476   -6.427    2.715    3.576    4.154    5.555
           -0.142843  0.247444  0.000000
  -19.930   -8.186   -7.164   -6.792    3.113    3.887    4.560    5.590
           -0.158714  0.274938  0.000000
  -19.682   -8.704   -7.170   -6.824    3.555    4.126    5.012    5.512
           -0.174586  0.302432  0.000000
  -19.417   -9.202   -7.555   -6.458    4.041    4.127    5.511    5.568
           -0.190457  0.329926  0.000000
  -19.140   -9.673   -7.941   -6.071    3.844    4.571    5.888    6.057
           -0.206329  0.357419  0.000000
  -18.855  -10.108   -8.324   -5.670    3.428    5.144    6.365    6.649
           -0.222200  0.384913  0.000000
  -18.570  -10.498   -8.698   -5.261    2.976    5.757    6.921    7.287
           -0.238071  0.412407  0.000000
  -18.294  -10.832   -9.061   -4.857    2.534    6.409    7.517    7.970
           -0.253943  0.439901  0.000000
  -18.037  -11.102   -9.408   -4.470    2.127    7.094    8.114    8.694
           -0.269814  0.467395  0.000000
  -17.810  -11.294   -9.736   -4.119    1.775    7.804    8.624    9.455
           -0.285686  0.494888  0.000000
  -17.626  -11.402  -10.039   -3.824    1.495    8.519    8.899   10.210
           -0.301557  0.522382  0.000000
  -17.494  -11.425  -10.309   -3.604    1.299    8.929    9.189   10.669
           -0.317429  0.549876  0.000000
  -17.418  -11.382  -10.524   -3.474    1.191    8.876    9.679   10.886
           -0.333300  0.577370  0.000000
  -17.394  -11.342  -10.619   -3.432    1.160    8.847    9.835   11.084
           -0.303000  0.577368  0.000000
  -17.413  -11.397  -10.518   -3.464    1.180    8.880    9.742   10.869
           -0.272700  0.577366  0.000000
  -17.462  -11.527  -10.260   -3.547    1.224    8.984    9.521   10.519
           -0.242400  0.577365  0.000000
  -17.531  -11.677   -9.917   -3.661    1.269    9.147    9.208   10.178
           -0.212100  0.577363  0.000000
  -17.610  -11.822   -9.530   -3.789    1.304    8.807    9.338    9.874
           -0.181800  0.577361  0.000000
  -17.692  -11.953   -9.127   -3.918    1.323    8.334    9.514    9.617
           -0.151500  0.577359  0.000000
  -17.771  -12.067   -8.729   -4.039    1.328    7.822    9.405    9.634
           -0.121200  0.577357  0.000000
  -17.840  -12.162   -8.359   -4.145    1.322    7.323    9.236    9.687
           -0.090900  0.577356  0.000000
  -17.898  -12.236   -8.039   -4.231    1.311    6.882    9.105    9.610
           -0.060600  0.577354  0.000000
  -17.941  -12.289   -7.790   -4.295    1.300    6.537    9.012    9.479
           -0.030300  0.577352  0.000000
  -17.967  -12.321   -7.632   -4.334    1.291    6.317    8.956    9.401
            0.000000  0.577350  0.000000
  -17.976  -12.331   -7.578   -4.347    1.288    6.242    8.938    9.376
            0.000000  0.545275  0.000000
  -18.021  -12.262   -7.562   -4.419    1.381    6.215    8.404    9.116
            0.000000  0.513200  0.000000
  -18.149  -12.059   -7.514   -4.619    1.642    6.116    7.784    8.399
            0.000000  0.481125  0.000000
  -18.343  -11.741   -7.435   -4.914    2.035    5.895    7.295    7.703
            0.000000  0.449050  0.000000
  -18.582  -11.331   -7.326   -5.268    2.514    5.519    6.941    7.049
            0.000000  0.416975  0.000000
  -18.846  -10.850   -7.188   -5.651    3.037    5.040    6.452    6.554
            0.000000  0.384900  0.000000
  -19.121  -10.316   -7.023   -6.041    3.548    4.532    5.934    6.052
            0.000000  0.352825  0.000000
  -19.395   -9.743   -6.833   -6.424    3.956    4.033    5.532    5.553
            0.000000  0.320750  0.000000
  -19.660   -9.145   -6.792   -6.622    3.562    4.084    5.040    5.439
            0.000000  0.288675  0.000000
  -19.910   -8.535   -7.136   -6.394    3.127    3.899    4.587    5.537
            0.000000  0.256600  0.000000
  -20.141   -7.923   -7.452   -6.153    2.732    3.598    4.179    5.546
            0.000000  0.224525  0.000000
  -20.350   -7.736   -7.322   -5.906    2.378    3.289    3.817    5.399
            0.000000  0.192450  0.000000
  -20.535   -7.987   -6.746   -5.662    2.068    3.005    3.501    5.190
            0.000000  0.160375  0.000000
  -20.694   -8.201   -6.210   -5.427    1.802    2.757    3.233    4.981
            0.000000  0.128300  0.000000
  -20.825   -8.378   -5.733   -5.213    1.582    2.552    3.013    4.797
            0.000000  0.096225  0.000000
  -20.928   -8.517   -5.332   -5.030    1.407    2.390    2.840    4.649
            0.000000  0.064150  0.000000
  -21.002   -8.616   -5.028   -4.890    1.281    2.275    2.717    4.541
            0.000000  0.032075  0.000000
  -21.047   -8.676   -4.837   -4.801    1.204    2.205    2.642    4.475
            0.000000  0.000000  0.000000
  -21.061   -8.696   -4.770   -4.770    1.179    2.182    2.617    4.453
