 &plot nbnd=   8, nks=    51 /
            0.000000  0.000000  0.000000
  -21.371   -9.674   -4.890   -4.890    1.458    2.517    3.013    4.946
           -0.015871  0.027494  0.000000
  -21.353   -9.652   -4.962   -4.930    1.482    2.542    3.038    4.970
           -0.031743  0.054988  0.000000
  -21.299   -9.586   -5.175   -5.051    1.555    2.616    3.113    5.044
           -0.047614  0.082481  0.000000
  -21.209   -9.477   -5.507   -5.248    1.677    2.739    3.238    5.167
           -0.063486  0.109975  0.000000
  -21.084   -9.326   -5.934   -5.514    1.848    2.912    3.413    5.338
           -0.079357  0.137469  0.000000
  -20.923   -9.131   -6.428   -5.844    2.068    3.134    3.639    5.558
           -0.095229  0.164963  0.000000
  -20.726   -8.894   -6.969   -6.226    2.337    3.405    3.914    5.826
           -0.111100  0.192457  0.000000
  -20.495   -8.617   -7.538   -6.651    2.655    3.724    4.240    6.142
           -0.126971  0.219950  0.000000
  -20.228   -8.298   -8.120   -7.110    3.021    4.091    4.615    6.362
           -0.142843  0.247444  0.000000
  -19.927   -8.706   -7.940   -7.594    3.436    4.506    5.041    5.666
           -0.158714  0.274938  0.000000
  -19.593   -9.288   -8.096   -7.545    3.898    4.952    4.967    5.517
           -0.174586  0.302432  0.000000
  -19.225   -9.859   -8.605   -7.115    4.234    4.409    5.472    6.042
           -0.190457  0.329926  0.000000
  -18.824  -10.414   -9.116   -6.651    3.519    4.967    6.019    6.618
           -0.206329  0.357419  0.000000
  -18.392  -10.951   -9.622   -6.157    2.817    5.571    6.602    7.243
           -0.222200  0.384913  0.000000
  -17.930  -11.467  -10.118   -5.636    2.130    6.221    7.210    7.917
           -0.238071  0.412407  0.000000
  -17.440  -11.959  -10.599   -5.095    1.465    6.913    7.817    8.641
           -0.253943  0.439901  0.000000
  -16.924  -12.426  -11.059   -4.539    0.827    7.646    8.359    9.412
           -0.269814  0.467395  0.000000
  -16.387  -12.866  -11.494   -3.977    0.217    8.413    8.705   10.228
           -0.285686  0.494888  0.000000
  -15.836  -13.280  -11.893   -3.416   -0.360    8.780    9.203   11.075
           -0.301557  0.522382  0.000000
  -15.284  -13.666  -12.246   -2.871   -0.903    8.703    9.991   11.354
           -0.317429  0.549876  0.000000
  -14.763  -14.023  -12.519   -2.353   -1.409    8.609   10.711   11.294
           -0.333300  0.577370  0.000000
  -14.352  -14.351  -12.639   -1.879   -1.878    8.569   11.153   11.153
           -0.303000  0.577368  0.000000
  -14.638  -14.175  -12.496   -2.289   -1.475    8.612   10.960   11.102
           -0.272700  0.577366  0.000000
  -14.897  -14.215  -12.105   -2.663   -1.135    8.744   10.731   10.833
           -0.242400  0.577365  0.000000
  -15.130  -14.356  -11.586   -2.999   -0.859    8.961   10.313   10.491
           -0.212100  0.577363  0.000000
  -15.336  -14.523  -11.020   -3.297   -0.646    9.242    9.550   10.256
           -0.181800  0.577361  0.000000
  -15.514  -14.686  -10.450   -3.556   -0.491    8.744    9.552   10.039
           -0.151500  0.577359  0.000000
  -15.665  -14.833   -9.903   -3.776   -0.383    7.968    9.843    9.847
           -0.121200  0.577357  0.000000
  -15.788  -14.958   -9.402   -3.957   -0.313    7.265    9.685    9.791
           -0.090900  0.577356  0.000000
  -15.884  -15.057   -8.972   -4.097   -0.269    6.671    9.556    9.653
           -0.060600  0.577354  0.000000
  -15.953  -15.129   -8.641   -4.198   -0.244    6.217    9.463    9.553
           -0.030300  0.577352  0.000000
  -15.994  -15.172   -8.430   -4.258   -0.232    5.932    9.407    9.492
            0.000000  0.577350  0.000000
  -16.008  -15.186   -8.357   -4.278   -0.228    5.835    9.388    9.472
            0.000000  0.545275  0.000000
  -16.322  -14.845   -8.339   -4.400   -0.078    5.843    8.595    9.671
            0.000000  0.513200  0.000000
  -16.836  -14.249   -8.283   -4.718    0.327    5.867    7.800    8.892
            0.000000  0.481125  0.000000
  -17.357  -13.594   -8.191   -5.151    0.902    5.905    7.051    8.143
            0.000000  0.449050  0.000000
  -17.857  -12.908   -8.064   -5.633    1.578    5.934    6.369    7.434
            0.000000  0.416975  0.000000
  -18.329  -12.200   -7.901   -6.127    2.315    5.621    6.088    6.770
            0.000000  0.384900  0.000000
  -18.770  -11.475   -7.706   -6.610    3.085    5.028    6.142    6.153
            0.000000  0.352825  0.000000
  -19.179  -10.741   -7.482   -7.073    3.864    4.464    5.589    6.073
            0.000000  0.320750  0.000000
  -19.555  -10.001   -7.507   -7.230    3.945    4.591    5.126    5.563
            0.000000  0.288675  0.000000
  -19.897   -9.265   -7.907   -6.955    3.474    4.524    5.081    5.490
            0.000000  0.256600  0.000000
  -20.205   -8.539   -8.271   -6.663    3.052    4.119    4.647    6.190
            0.000000  0.224525  0.000000
  -20.476   -8.595   -7.835   -6.359    2.679    3.748    4.265    6.157
            0.000000  0.192450  0.000000
  -20.713   -8.878   -7.166   -6.053    2.355    3.423    3.932    5.843
            0.000000  0.160375  0.000000
  -20.913   -9.120   -6.547   -5.755    2.081    3.147    3.651    5.570
            0.000000  0.128300  0.000000
  -21.078   -9.318   -5.996   -5.477    1.856    2.920    3.421    5.346
            0.000000  0.096225  0.000000
  -21.206   -9.473   -5.535   -5.237    1.682    2.744    3.243    5.171
            0.000000  0.064150  0.000000
  -21.297   -9.585   -5.184   -5.051    1.557    2.618    3.115    5.046
            0.000000  0.032075  0.000000
  -21.352   -9.652   -4.964   -4.931    1.483    2.542    3.038    4.971
            0.000000  0.000000  0.000000
  -21.371   -9.674   -4.890   -4.890    1.458    2.517    3.013    4.946
