 &plot nbnd=  16, nks=    51 /
            0.000000  0.000000  0.000000
  -21.692   -9.510   -5.638   -5.638    0.221    1.233    1.787    2.606    3.107    4.692
    5.252    7.293    7.502    7.502    7.956    9.305
           -0.015871  0.027494  0.000000
  -21.677   -9.490   -5.699   -5.668    0.247    1.256    1.812    2.629    3.132    4.713
    5.278    7.301    7.493    7.567    7.990    9.287
           -0.031743  0.054988  0.000000
  -21.634   -9.431   -5.877   -5.756    0.322    1.325    1.885    2.700    3.206    4.778
    5.352    7.320    7.473    7.749    8.091    9.236
           -0.047614  0.082481  0.000000
  -21.561   -9.333   -6.159   -5.900    0.446    1.439    2.007    2.817    3.328    4.883
    5.475    7.337    7.460    7.994    8.291    9.162
           -0.063486  0.109975  0.000000
  -21.461   -9.196   -6.525   -6.096    0.618    1.599    2.177    2.980    3.499    5.026
    5.644    7.327    7.466    8.219    8.640    9.095
           -0.079357  0.137469  0.000000
  -21.332   -9.021   -6.954   -6.339    0.837    1.802    2.396    3.189    3.717    5.200
    5.859    7.258    7.502    8.434    9.076    9.094
           -0.095229  0.164963  0.000000
  -21.177   -8.809   -7.428   -6.621    1.101    2.047    2.664    3.441    3.983    5.387
    6.119    7.121    7.575    8.665    9.144    9.584
           -0.111100  0.192457  0.000000
  -20.996   -8.561   -7.930   -6.936    1.412    2.329    2.980    3.733    4.296    5.545
    6.423    6.964    7.689    8.921    9.308   10.071
           -0.126971  0.219950  0.000000
  -20.790   -8.446   -8.278   -7.277    1.768    2.641    3.344    4.054    4.657    5.586
    6.771    6.914    7.845    9.199    9.558   10.534
           -0.142843  0.247444  0.000000
  -20.562   -8.964   -7.965   -7.637    2.170    2.961    3.757    4.374    5.064    5.490
    7.072    7.161    8.044    9.497    9.877   10.978
           -0.158714  0.274938  0.000000
  -20.315   -9.474   -8.008   -7.622    2.616    3.229    4.218    4.600    5.471    5.518
    7.396    7.593    8.281    9.808   10.247   11.417
           -0.174586  0.302432  0.000000
  -20.050   -9.967   -8.386   -7.253    3.108    3.304    4.728    4.740    5.747    6.018
    7.819    8.064    8.552   10.128   10.650   11.869
           -0.190457  0.329926  0.000000
  -19.772  -10.434   -8.763   -6.864    3.093    3.644    5.038    5.286    6.211    6.564
    8.305    8.570    8.849   10.456   11.050   12.349
           -0.206329  0.357419  0.000000
  -19.487  -10.868   -9.136   -6.460    2.714    4.223    5.499    5.892    6.763    7.154
    8.832    9.089    9.172   10.798   11.363   12.864
           -0.222200  0.384913  0.000000
  -19.202  -11.259   -9.500   -6.050    2.281    4.843    6.049    6.546    7.371    7.787
    9.369    9.442    9.677   11.166   11.450   13.223
           -0.238071  0.412407  0.000000
  -18.924  -11.597   -9.851   -5.644    1.849    5.504    6.645    7.248    8.018    8.455
    9.716    9.842   10.238   11.401   11.580   13.574
           -0.253943  0.439901  0.000000
  -18.665  -11.872  -10.186   -5.258    1.449    6.199    7.248    7.997    8.677    9.140
    9.955   10.120   10.782   11.572   12.051   14.044
           -0.269814  0.467395  0.000000
  -18.437  -12.074  -10.500   -4.908    1.103    6.923    7.783    8.791    9.284    9.732
   10.251   10.318   11.259   12.070   12.558   13.656
           -0.285686  0.494888  0.000000
  -18.251  -12.194  -10.787   -4.614    0.827    7.658    8.116    9.609    9.810    9.996
   10.788   10.822   11.571   12.697   12.954   13.536
           -0.301557  0.522382  0.000000
  -18.117  -12.235  -11.037   -4.396    0.636    8.202    8.361    9.994   10.417   10.560
   11.211   11.501   11.870   12.849   13.185   13.372
           -0.317429  0.549876  0.000000
  -18.039  -12.214  -11.228   -4.267    0.530    8.175    8.907   10.103   10.964   11.119
   11.503   12.177   12.491   12.514   12.920   13.023
           -0.333300  0.577370  0.000000
  -18.015  -12.189  -11.308   -4.226    0.500    8.152    9.092   10.276   10.741   11.586
   12.039   12.371   12.458   12.510   12.663   13.005
           -0.303000  0.577368  0.000000
  -18.034  -12.228  -11.224   -4.257    0.519    8.181    8.990   10.045   10.907   11.315
   11.948   11.984   12.040   12.722   12.794   12.945
           -0.272700  0.577366  0.000000
  -18.084  -12.330  -10.995   -4.339    0.561    8.272    8.766    9.688   10.884   10.949
   11.585   11.646   11.660   12.392   12.533   12.773
           -0.242400  0.577365  0.000000
  -18.154  -12.459  -10.677   -4.452    0.604    8.412    8.472    9.343   10.563   10.611
   11.217   11.281   11.376   12.037   12.235   12.533
           -0.212100  0.577363  0.000000
  -18.235  -12.589  -10.310   -4.579    0.636    8.118    8.572    9.033   10.126   10.314
   10.889   10.947   11.138   11.721   11.958   12.288
           -0.181800  0.577361  0.000000
  -18.318  -12.709   -9.925   -4.707    0.653    7.709    8.712    8.767    9.695   10.062
   10.606   10.655   10.951   11.448   11.715   12.007
           -0.151500  0.577359  0.000000
  -18.398  -12.814   -9.545   -4.828    0.655    7.263    8.547    8.798    9.328    9.854
   10.366   10.408   10.805   11.219   11.506   11.767
           -0.121200  0.577357  0.000000
  -18.468  -12.902   -9.191   -4.934    0.647    6.818    8.370    8.826    9.040    9.689
   10.169   10.207   10.686   11.035   11.332   11.570
           -0.090900  0.577356  0.000000
  -18.527  -12.971   -8.886   -5.021    0.634    6.419    8.234    8.814    8.826    9.563
   10.016   10.051   10.588   10.895   11.196   11.416
           -0.060600  0.577354  0.000000
  -18.570  -13.021   -8.649   -5.084    0.622    6.102    8.138    8.680    8.787    9.473
    9.907    9.939   10.512   10.795   11.098   11.306
           -0.030300  0.577352  0.000000
  -18.597  -13.051   -8.499   -5.123    0.613    5.900    8.080    8.595    8.764    9.420
    9.841    9.872   10.465   10.736   11.039   11.240
            0.000000  0.577350  0.000000
  -18.605  -13.061   -8.447   -5.136    0.610    5.830    8.061    8.567    8.756    9.402
    9.819    9.850   10.448   10.716   11.020   11.218
            0.000000  0.545275  0.000000
  -18.651  -12.991   -8.431   -5.208    0.701    5.778    7.586    8.244    8.947    9.142
    9.601   10.086   10.293   10.749   11.364   11.850
            0.000000  0.513200  0.000000
  -18.780  -12.789   -8.384   -5.408    0.960    5.590    7.065    7.527    8.158    8.911
    9.441    9.976   10.577   11.229   11.607   11.747
            0.000000  0.481125  0.000000
  -18.974  -12.473   -8.304   -5.703    1.349    5.224    6.724    6.829    7.408    8.183
    8.745   10.192   10.582   11.120   11.688   12.709
            0.000000  0.449050  0.000000
  -19.214  -12.066   -8.195   -6.057    1.821    4.724    6.176    6.466    6.780    7.495
    8.075    9.568   10.170   11.611   12.014   13.029
            0.000000  0.416975  0.000000
  -19.479  -11.588   -8.056   -6.441    2.330    4.178    5.582    5.943    6.518    6.857
    7.487    8.960    9.561   11.691   11.958   12.968
            0.000000  0.384900  0.000000
  -19.753  -11.059   -7.890   -6.833    2.813    3.634    5.075    5.345    6.279    6.310
    7.054    8.394    8.985   11.217   11.650   13.180
            0.000000  0.352825  0.000000
  -20.027  -10.494   -7.700   -7.220    3.116    3.158    4.718    4.782    5.784    5.949
    6.852    7.881    8.459   10.745   11.165   13.210
            0.000000  0.320750  0.000000
  -20.292   -9.904   -7.589   -7.488    2.633    3.201    4.265    4.565    5.451    5.509
    6.775    7.435    7.998   10.307   10.676   12.780
            0.000000  0.288675  0.000000
  -20.542   -9.302   -7.936   -7.260    2.189    2.976    3.796    4.385    5.075    5.431
    6.706    7.086    7.627    9.915   10.212   11.950
            0.000000  0.256600  0.000000
  -20.773   -8.702   -8.255   -7.018    1.788    2.664    3.375    4.078    4.674    5.555
    6.572    6.902    7.393    9.582    9.783   11.150
            0.000000  0.224525  0.000000
  -20.982   -8.542   -8.113   -6.772    1.430    2.350    3.004    3.754    4.313    5.544
    6.353    6.939    7.302    9.321    9.391   10.393
            0.000000  0.192450  0.000000
  -21.167   -8.794   -7.550   -6.527    1.116    2.063    2.682    3.458    3.998    5.397
    6.100    7.103    7.298    9.038    9.149    9.694
            0.000000  0.160375  0.000000
  -21.325   -9.011   -7.029   -6.292    0.848    1.814    2.409    3.201    3.729    5.209
    5.858    7.250    7.330    8.728    9.069    9.076
            0.000000  0.128300  0.000000
  -21.456   -9.189   -6.565   -6.078    0.626    1.606    2.185    2.988    3.507    5.033
    5.648    7.325    7.376    8.464    8.530    9.093
            0.000000  0.096225  0.000000
  -21.559   -9.329   -6.178   -5.896    0.451    1.444    2.011    2.821    3.333    4.887
    5.478    7.337    7.423    8.092    8.249    9.160
            0.000000  0.064150  0.000000
  -21.632   -9.430   -5.884   -5.756    0.324    1.327    1.887    2.702    3.208    4.779
    5.354    7.321    7.464    7.769    8.089    9.234
            0.000000  0.032075  0.000000
  -21.677   -9.490   -5.700   -5.668    0.247    1.257    1.812    2.630    3.133    4.714
    5.278    7.301    7.492    7.569    7.990    9.287
            0.000000  0.000000  0.000000
  -21.692   -9.510   -5.638   -5.638    0.221    1.233    1.787    2.606    3.107    4.692
    5.252    7.293    7.502    7.502    7.956    9.305
