 &plot nbnd=  16, nks=   151 /
            0.000000  0.000000  0.000000
  -18.827  -18.709   -7.320   -6.470   -2.343   -2.343   -2.333   -2.333    3.752    4.385
    5.760    7.765    8.805    9.112    9.112    9.153
           -0.006667  0.011547  0.000000
  -18.823  -18.705   -7.316   -6.466   -2.356   -2.350   -2.346   -2.340    3.756    4.390
    5.764    7.768    8.809    9.114    9.126    9.155
           -0.013333  0.023094  0.000000
  -18.814  -18.696   -7.305   -6.455   -2.396   -2.385   -2.371   -2.360    3.769    4.402
    5.777    7.780    8.820    9.120    9.162    9.167
           -0.020000  0.034641  0.000000
  -18.798  -18.681   -7.286   -6.437   -2.462   -2.450   -2.406   -2.395    3.790    4.424
    5.797    7.799    8.840    9.131    9.173    9.234
           -0.026666  0.046188  0.000000
  -18.776  -18.659   -7.259   -6.411   -2.551   -2.539   -2.454   -2.444    3.820    4.453
    5.827    7.826    8.866    9.146    9.190    9.325
           -0.033333  0.057735  0.000000
  -18.748  -18.631   -7.225   -6.377   -2.662   -2.649   -2.516   -2.505    3.858    4.491
    5.864    7.861    8.901    9.165    9.213    9.439
           -0.040000  0.069282  0.000000
  -18.713  -18.596   -7.183   -6.337   -2.795   -2.780   -2.591   -2.579    3.904    4.538
    5.910    7.903    8.942    9.189    9.242    9.570
           -0.046666  0.080829  0.000000
  -18.672  -18.555   -7.134   -6.288   -2.947   -2.931   -2.678   -2.665    3.959    4.593
    5.964    7.953    8.991    9.218    9.278    9.719
           -0.053333  0.092376  0.000000
  -18.625  -18.509   -7.076   -6.233   -3.115   -3.098   -2.777   -2.764    4.023    4.657
    6.027    8.010    9.047    9.253    9.320    9.881
           -0.059999  0.103923  0.000000
  -18.572  -18.456   -7.012   -6.170   -3.299   -3.280   -2.888   -2.874    4.095    4.729
    6.098    8.075    9.109    9.293    9.368   10.050
           -0.066666  0.115471  0.000000
  -18.512  -18.396   -6.940   -6.100   -3.496   -3.476   -3.009   -2.995    4.175    4.809
    6.177    8.148    9.177    9.339    9.426   10.226
           -0.073333  0.127018  0.000000
  -18.446  -18.331   -6.860   -6.022   -3.704   -3.683   -3.141   -3.127    4.264    4.898
    6.265    8.228    9.251    9.390    9.492   10.401
           -0.079999  0.138565  0.000000
  -18.374  -18.259   -6.773   -5.937   -3.921   -3.898   -3.283   -3.268    4.361    4.995
    6.361    8.316    9.331    9.447    9.568   10.525
           -0.086666  0.150112  0.000000
  -18.295  -18.182   -6.679   -5.846   -4.146   -4.122   -3.434   -3.417    4.467    5.101
    6.465    8.412    9.415    9.510    9.654   10.300
           -0.093332  0.161659  0.000000
  -18.211  -18.098   -6.577   -5.747   -4.378   -4.353   -3.593   -3.576    4.581    5.215
    6.578    8.514    9.504    9.579    9.749   10.053
           -0.099999  0.173206  0.000000
  -18.120  -18.008   -6.469   -5.641   -4.616   -4.589   -3.760   -3.742    4.704    5.338
    6.699    8.624    9.597    9.655    9.796    9.855
           -0.106666  0.184753  0.000000
  -18.023  -17.911   -6.353   -5.528   -4.858   -4.829   -3.935   -3.916    4.835    5.469
    6.828    8.741    9.530    9.696    9.737    9.828
           -0.113332  0.196300  0.000000
  -17.920  -17.809   -6.229   -5.409   -5.102   -5.072   -4.116   -4.096    4.975    5.608
    6.965    8.865    9.256    9.564    9.800    9.826
           -0.119999  0.207847  0.000000
  -17.811  -17.701   -6.099   -5.349   -5.317   -5.282   -4.302   -4.281    5.122    5.756
    7.111    8.975    8.996    9.295    9.909    9.921
           -0.126665  0.219394  0.000000
  -17.696  -17.587   -5.961   -5.597   -5.564   -5.149   -4.494   -4.471    5.279    5.911
    7.265    8.688    9.021    9.134   10.022   10.024
           -0.133332  0.230941  0.000000
  -17.575  -17.466   -5.846   -5.817   -5.811   -5.009   -4.690   -4.666    5.443    6.075
    7.426    8.397    8.741    9.277   10.130   10.145
           -0.139999  0.242488  0.000000
  -17.448  -17.340   -6.094   -6.059   -5.666   -4.889   -4.873   -4.854    5.616    6.248
    7.596    8.101    8.458    9.428   10.245   10.272
           -0.146665  0.254035  0.000000
  -17.315  -17.208   -6.343   -6.305   -5.508   -5.092   -5.066   -4.709    5.798    6.428
    7.774    7.803    8.170    9.584   10.364   10.406
           -0.153332  0.265582  0.000000
  -17.176  -17.070   -6.589   -6.551   -5.346   -5.296   -5.270   -4.551    5.987    6.617
    7.502    7.881    7.959    9.745   10.490   10.545
           -0.159998  0.277129  0.000000
  -17.031  -16.926   -6.835   -6.795   -5.505   -5.476   -5.173   -4.386    6.185    6.813
    7.201    7.591    8.153    9.911   10.621   10.691
           -0.166665  0.288676  0.000000
  -16.881  -16.776   -7.078   -7.037   -5.713   -5.684   -4.996   -4.215    6.391    6.899
    7.017    7.299    8.353   10.081   10.758   10.844
           -0.173332  0.300223  0.000000
  -16.724  -16.621   -7.319   -7.277   -5.923   -5.892   -4.813   -4.038    6.597    6.605
    7.006    7.230    8.561   10.254   10.899   11.002
           -0.179998  0.311770  0.000000
  -16.562  -16.460   -7.558   -7.514   -6.133   -6.100   -4.625   -3.855    6.295    6.714
    6.827    7.450    8.776   10.429   11.044   11.167
           -0.186665  0.323317  0.000000
  -16.394  -16.294   -7.793   -7.748   -6.342   -6.309   -4.430   -3.667    5.995    6.425
    7.058    7.677    8.997   10.604   11.194   11.337
           -0.193331  0.334864  0.000000
  -16.221  -16.122   -8.025   -7.979   -6.552   -6.517   -4.230   -3.474    5.696    6.136
    7.296    7.912    9.224   10.777   11.347   11.512
           -0.199998  0.346412  0.000000
  -16.043  -15.945   -8.254   -8.207   -6.760   -6.724   -4.025   -3.277    5.400    5.848
    7.542    8.154    9.455   10.946   11.504   11.693
           -0.206665  0.357959  0.000000
  -15.859  -15.762   -8.480   -8.431   -6.967   -6.930   -3.815   -3.075    5.106    5.563
    7.796    8.403    9.690   11.107   11.665   11.877
           -0.213331  0.369506  0.000000
  -15.670  -15.574   -8.701   -8.651   -7.171   -7.134   -3.600   -2.868    4.816    5.282
    8.058    8.659    9.926   11.256   11.831   12.065
           -0.219998  0.381053  0.000000
  -15.476  -15.381   -8.919   -8.868   -7.374   -7.335   -3.381   -2.657    4.530    5.003
    8.327    8.921   10.160   11.393   12.001   12.256
           -0.226664  0.392600  0.000000
  -15.277  -15.184   -9.132   -9.080   -7.574   -7.534   -3.157   -2.443    4.247    4.728
    8.603    9.188   10.384   11.516   12.176   12.448
           -0.233331  0.404147  0.000000
  -15.074  -14.981   -9.341   -9.288   -7.771   -7.730   -2.930   -2.225    3.969    4.457
    8.887    9.461   10.588   11.634   12.355   12.639
           -0.239998  0.415694  0.000000
  -14.866  -14.775   -9.546   -9.491   -7.964   -7.922   -2.701   -2.005    3.695    4.190
    9.177    9.737   10.757   11.760   12.537   12.825
           -0.246664  0.427241  0.000000
  -14.653  -14.564   -9.747   -9.690   -8.154   -8.111   -2.468   -1.783    3.425    3.927
    9.474   10.017   10.872   11.913   12.719   13.001
           -0.253331  0.438788  0.000000
  -14.437  -14.349   -9.943   -9.885   -8.339   -8.295   -2.234   -1.559    3.161    3.670
    9.777   10.297   10.926   12.104   12.901   13.138
           -0.259997  0.450335  0.000000
  -14.217  -14.131  -10.134  -10.075   -8.520   -8.474   -1.998   -1.333    2.902    3.417
   10.085   10.577   10.928   12.329   13.081   13.186
           -0.266664  0.461882  0.000000
  -13.995  -13.910  -10.320  -10.260   -8.695   -8.649   -1.761   -1.107    2.648    3.169
   10.397   10.851   10.892   12.576   13.226   13.259
           -0.273331  0.473429  0.000000
  -13.770  -13.686  -10.501  -10.440   -8.863   -8.817   -1.524   -0.881    2.401    2.927
   10.703   10.843   11.116   12.829   13.259   13.397
           -0.279997  0.484976  0.000000
  -13.543  -13.461  -10.678  -10.616   -9.026   -8.978   -1.289   -0.656    2.158    2.690
   10.745   11.045   11.363   13.072   13.283   13.411
           -0.286664  0.496523  0.000000
  -13.316  -13.235  -10.850  -10.787   -9.180   -9.132   -1.055   -0.432    1.922    2.459
   10.669   11.361   11.583   13.285   13.299   13.429
           -0.293330  0.508070  0.000000
  -13.090  -13.010  -11.017  -10.952   -9.325   -9.276   -0.823   -0.211    1.692    2.234
   10.590   11.678   11.764   13.303   13.451   13.473
           -0.299997  0.519617  0.000000
  -12.866  -12.788  -11.179  -11.113   -9.459   -9.410   -0.596    0.007    1.468    2.016
   10.515   11.897   11.989   13.298   13.556   13.569
           -0.306664  0.531164  0.000000
  -12.647  -12.570  -11.336  -11.269   -9.580   -9.530   -0.373    0.220    1.250    1.802
   10.448   11.982   12.287   13.279   13.646   13.679
           -0.313330  0.542711  0.000000
  -12.437  -12.361  -11.488  -11.420   -9.684   -9.633   -0.156    0.429    1.039    1.595
   10.393   12.027   12.563   13.250   13.692   13.828
           -0.319997  0.554258  0.000000
  -12.240  -12.165  -11.635  -11.565   -9.766   -9.716    0.053    0.631    0.835    1.395
   10.351   12.047   12.802   13.208   13.715   13.981
           -0.326663  0.565806  0.000000
  -12.063  -11.989  -11.776  -11.705   -9.821   -9.771    0.255    0.638    0.827    1.201
   10.325   12.052   12.985   13.155   13.727   14.114
           -0.333330  0.577353  0.000000
  -11.912  -11.912  -11.840  -11.840   -9.841   -9.790    0.447    0.447    1.015    1.015
   10.316   12.052   13.093   13.093   13.733   14.204
           -0.326663  0.577353  0.000000
  -11.979  -11.906  -11.850  -11.778   -9.836   -9.785    0.354    0.540    0.924    1.105
   10.318   12.053   13.058   13.117   13.730   14.171
           -0.319997  0.577352  0.000000
  -12.044  -11.971  -11.797  -11.726   -9.819   -9.768    0.263    0.629    0.834    1.194
   10.325   12.054   13.021   13.123   13.721   14.132
           -0.313330  0.577352  0.000000
  -12.107  -12.034  -11.755  -11.684   -9.791   -9.740    0.174    0.716    0.747    1.280
   10.337   12.055   12.982   13.114   13.702   14.089
           -0.306664  0.577352  0.000000
  -12.169  -12.096  -11.722  -11.652   -9.750   -9.700    0.086    0.661    0.800    1.364
   10.354   12.059   12.941   13.092   13.670   14.041
           -0.299997  0.577352  0.000000
  -12.230  -12.156  -11.699  -11.629   -9.698   -9.648    0.000    0.577    0.880    1.445
   10.376   12.063   12.898   13.060   13.625   13.990
           -0.293330  0.577352  0.000000
  -12.290  -12.215  -11.685  -11.616   -9.636   -9.586   -0.083    0.494    0.958    1.524
   10.403   12.069   12.855   13.020   13.565   13.936
           -0.286664  0.577352  0.000000
  -12.349  -12.273  -11.680  -11.611   -9.563   -9.513   -0.166    0.413    1.033    1.600
   10.435   12.077   12.810   12.971   13.493   13.879
           -0.279997  0.577352  0.000000
  -12.406  -12.329  -11.682  -11.614   -9.481   -9.432   -0.246    0.335    1.104    1.673
   10.472   12.085   12.764   12.916   13.409   13.814
           -0.273331  0.577352  0.000000
  -12.461  -12.385  -11.691  -11.623   -9.391   -9.342   -0.324    0.257    1.172    1.744
   10.514   12.096   12.717   12.853   13.316   13.679
           -0.266664  0.577352  0.000000
  -12.516  -12.439  -11.705  -11.637   -9.295   -9.246   -0.401    0.182    1.237    1.812
   10.561   12.107   12.670   12.782   13.218   13.531
           -0.259997  0.577352  0.000000
  -12.569  -12.491  -11.724  -11.656   -9.193   -9.145   -0.476    0.109    1.299    1.877
   10.613   12.119   12.622   12.700   13.118   13.374
           -0.253331  0.577352  0.000000
  -12.620  -12.543  -11.746  -11.678   -9.087   -9.039   -0.549    0.037    1.357    1.939
   10.669   12.131   12.574   12.605   13.021   13.208
           -0.246664  0.577352  0.000000
  -12.671  -12.593  -11.771  -11.703   -8.976   -8.929   -0.620   -0.033    1.412    1.998
   10.729   12.143   12.496   12.525   12.930   13.036
           -0.239998  0.577352  0.000000
  -12.720  -12.642  -11.798  -11.731   -8.862   -8.816   -0.690   -0.101    1.464    2.055
   10.794   12.154   12.373   12.477   12.846   12.860
           -0.233331  0.577352  0.000000
  -12.768  -12.689  -11.827  -11.760   -8.745   -8.700   -0.757   -0.168    1.513    2.109
   10.862   12.162   12.238   12.430   12.682   12.770
           -0.226664  0.577352  0.000000
  -12.814  -12.735  -11.857  -11.790   -8.626   -8.582   -0.823   -0.232    1.558    2.160
   10.933   12.094   12.164   12.382   12.509   12.701
           -0.219998  0.577352  0.000000
  -12.859  -12.780  -11.889  -11.821   -8.507   -8.462   -0.888   -0.296    1.600    2.208
   11.006   11.943   12.140   12.335   12.359   12.635
           -0.213331  0.577352  0.000000
  -12.903  -12.823  -11.920  -11.853   -8.385   -8.342   -0.950   -0.357    1.640    2.254
   11.079   11.791   12.043   12.281   12.288   12.574
           -0.206665  0.577352  0.000000
  -12.945  -12.865  -11.952  -11.885   -8.263   -8.220   -1.010   -0.416    1.676    2.298
   11.145   11.644   11.882   12.242   12.264   12.516
           -0.199998  0.577352  0.000000
  -12.987  -12.906  -11.984  -11.916   -8.141   -8.099   -1.068   -0.474    1.710    2.338
   11.185   11.523   11.705   12.197   12.264   12.460
           -0.193331  0.577352  0.000000
  -13.026  -12.945  -12.016  -11.948   -8.018   -7.977   -1.125   -0.529    1.742    2.377
   11.148   11.481   11.524   12.153   12.268   12.406
           -0.186665  0.577352  0.000000
  -13.065  -12.983  -12.048  -11.980   -7.896   -7.855   -1.179   -0.583    1.771    2.413
   11.029   11.341   11.522   12.110   12.272   12.355
           -0.179998  0.577352  0.000000
  -13.102  -13.020  -12.079  -12.011   -7.774   -7.734   -1.232   -0.635    1.797    2.447
   10.879   11.160   11.596   12.067   12.276   12.305
           -0.173332  0.577351  0.000000
  -13.137  -13.056  -12.109  -12.041   -7.653   -7.615   -1.283   -0.685    1.821    2.478
   10.719   10.981   11.680   12.026   12.257   12.279
           -0.166665  0.577351  0.000000
  -13.172  -13.090  -12.139  -12.071   -7.533   -7.497   -1.332   -0.733    1.843    2.507
   10.557   10.804   11.770   11.986   12.211   12.280
           -0.159998  0.577351  0.000000
  -13.205  -13.122  -12.168  -12.100   -7.415   -7.379   -1.379   -0.779    1.864    2.535
   10.395   10.630   11.861   11.947   12.167   12.281
           -0.153332  0.577351  0.000000
  -13.237  -13.154  -12.197  -12.128   -7.299   -7.264   -1.424   -0.824    1.881    2.561
   10.234   10.459   11.910   11.952   12.124   12.280
           -0.146665  0.577351  0.000000
  -13.267  -13.184  -12.224  -12.156   -7.184   -7.150   -1.468   -0.866    1.898    2.584
   10.076   10.292   11.873   12.043   12.083   12.277
           -0.139999  0.577351  0.000000
  -13.296  -13.213  -12.251  -12.182   -7.072   -7.039   -1.509   -0.907    1.912    2.606
    9.921   10.129   11.838   12.043   12.133   12.274
           -0.133332  0.577351  0.000000
  -13.324  -13.240  -12.276  -12.207   -6.962   -6.930   -1.549   -0.946    1.926    2.626
    9.769    9.971   11.805   12.006   12.221   12.270
           -0.126665  0.577351  0.000000
  -13.350  -13.266  -12.301  -12.232   -6.855   -6.824   -1.586   -0.982    1.937    2.644
    9.622    9.817   11.773   11.970   12.265   12.306
           -0.119999  0.577351  0.000000
  -13.375  -13.291  -12.324  -12.255   -6.751   -6.721   -1.622   -1.018    1.948    2.661
    9.479    9.669   11.742   11.936   12.259   12.387
           -0.113332  0.577351  0.000000
  -13.399  -13.315  -12.347  -12.277   -6.651   -6.622   -1.656   -1.051    1.957    2.676
    9.340    9.526   11.713   11.904   12.252   12.465
           -0.106666  0.577351  0.000000
  -13.421  -13.337  -12.368  -12.298   -6.554   -6.526   -1.688   -1.082    1.965    2.690
    9.208    9.390   11.685   11.873   12.246   12.499
           -0.099999  0.577351  0.000000
  -13.442  -13.357  -12.388  -12.318   -6.461   -6.434   -1.717   -1.111    1.972    2.703
    9.081    9.259   11.659   11.844   12.239   12.469
           -0.093332  0.577351  0.000000
  -13.461  -13.377  -12.407  -12.337   -6.373   -6.346   -1.745   -1.139    1.979    2.715
    8.960    9.135   11.635   11.817   12.231   12.441
           -0.086666  0.577351  0.000000
  -13.480  -13.395  -12.424  -12.354   -6.289   -6.263   -1.772   -1.165    1.985    2.725
    8.845    9.018   11.612   11.792   12.224   12.415
           -0.079999  0.577351  0.000000
  -13.497  -13.411  -12.441  -12.370   -6.210   -6.185   -1.796   -1.189    1.989    2.735
    8.737    8.908   11.590   11.769   12.217   12.390
           -0.073333  0.577351  0.000000
  -13.512  -13.427  -12.456  -12.385   -6.136   -6.111   -1.819   -1.210    1.994    2.743
    8.637    8.806   11.571   11.747   12.210   12.368
           -0.066666  0.577351  0.000000
  -13.526  -13.441  -12.470  -12.399   -6.067   -6.043   -1.839   -1.230    1.997    2.751
    8.544    8.711   11.553   11.727   12.203   12.347
           -0.059999  0.577351  0.000000
  -13.539  -13.454  -12.482  -12.412   -6.004   -5.981   -1.857   -1.248    2.000    2.757
    8.459    8.625   11.536   11.710   12.197   12.328
           -0.053333  0.577351  0.000000
  -13.551  -13.465  -12.494  -12.423   -5.947   -5.924   -1.874   -1.265    2.003    2.763
    8.382    8.546   11.522   11.694   12.191   12.312
           -0.046666  0.577351  0.000000
  -13.561  -13.475  -12.504  -12.433   -5.896   -5.874   -1.888   -1.279    2.005    2.768
    8.313    8.476   11.509   11.680   12.186   12.297
           -0.040000  0.577351  0.000000
  -13.570  -13.484  -12.512  -12.441   -5.851   -5.829   -1.901   -1.291    2.007    2.773
    8.253    8.416   11.498   11.667   12.181   12.284
           -0.033333  0.577351  0.000000
  -13.577  -13.491  -12.520  -12.449   -5.813   -5.791   -1.912   -1.302    2.008    2.776
    8.202    8.364   11.488   11.657   12.177   12.273
           -0.026666  0.577350  0.000000
  -13.583  -13.497  -12.525  -12.454   -5.781   -5.760   -1.920   -1.310    2.009    2.780
    8.160    8.321   11.480   11.648   12.174   12.264
           -0.020000  0.577350  0.000000
  -13.588  -13.502  -12.530  -12.459   -5.756   -5.736   -1.927   -1.317    2.010    2.782
    8.127    8.288   11.474   11.642   12.171   12.257
           -0.013333  0.577350  0.000000
  -13.591  -13.505  -12.533  -12.462   -5.738   -5.718   -1.932   -1.322    2.011    2.784
    8.103    8.264   11.470   11.637   12.169   12.253
           -0.006667  0.577350  0.000000
  -13.593  -13.507  -12.535  -12.464   -5.728   -5.707   -1.935   -1.325    2.011    2.785
    8.089    8.249   11.467   11.634   12.168   12.250
            0.000000  0.577350  0.000000
  -13.594  -13.508  -12.536  -12.465   -5.725   -5.704   -1.936   -1.325    2.011    2.785
    8.084    8.244   11.467   11.633   12.168   12.249
            0.000000  0.565803  0.000000
  -13.636  -13.550  -12.490  -12.419   -5.722   -5.702   -1.952   -1.340    2.032    2.803
    8.086    8.246   11.243   11.860   11.908   12.512
            0.000000  0.554256  0.000000
  -13.747  -13.661  -12.369  -12.298   -5.715   -5.695   -2.001   -1.384    2.092    2.858
    8.089    8.249   10.958   11.617   12.155   12.722
            0.000000  0.542709  0.000000
  -13.896  -13.810  -12.202  -12.132   -5.704   -5.683   -2.079   -1.454    2.188    2.945
    8.095    8.255   10.673   11.329   12.428   12.510
            0.000000  0.531162  0.000000
  -14.065  -13.978  -12.009  -11.939   -5.687   -5.667   -2.182   -1.548    2.318    3.063
    8.104    8.264   10.392   11.045   12.222   12.769
            0.000000  0.519615  0.000000
  -14.243  -14.155  -11.799  -11.731   -5.666   -5.646   -2.306   -1.662    2.476    3.208
    8.114    8.274   10.115   10.767   11.970   13.073
            0.000000  0.508068  0.000000
  -14.424  -14.336  -11.579  -11.512   -5.640   -5.620   -2.446   -1.791    2.658    3.376
    8.127    8.288    9.844   10.494   11.717   13.105
            0.000000  0.496521  0.000000
  -14.607  -14.517  -11.351  -11.285   -5.610   -5.589   -2.599   -1.933    2.861    3.563
    8.142    8.303    9.578   10.227   11.466   12.903
            0.000000  0.484974  0.000000
  -14.789  -14.698  -11.117  -11.052   -5.575   -5.554   -2.761   -2.084    3.080    3.766
    8.158    8.321    9.319    9.965   11.218   12.697
            0.000000  0.473427  0.000000
  -14.969  -14.877  -10.878  -10.814   -5.535   -5.515   -2.930   -2.242    3.312    3.982
    8.175    8.340    9.067    9.708   10.973   12.489
            0.000000  0.461880  0.000000
  -15.146  -15.053  -10.635  -10.573   -5.491   -5.471   -3.104   -2.406    3.556    4.210
    8.189    8.362    8.824    9.458   10.732   12.282
            0.000000  0.450333  0.000000
  -15.321  -15.227  -10.388  -10.327   -5.443   -5.423   -3.280   -2.572    3.809    4.447
    8.196    8.384    8.597    9.214   10.496   12.077
            0.000000  0.438786  0.000000
  -15.492  -15.398  -10.138  -10.079   -5.390   -5.370   -3.458   -2.741    4.071    4.692
    8.161    8.408    8.419    8.977   10.265   11.874
            0.000000  0.427239  0.000000
  -15.660  -15.564   -9.885   -9.827   -5.333   -5.313   -3.636   -2.910    4.339    4.943
    8.019    8.355    8.429    8.751   10.039   11.675
            0.000000  0.415692  0.000000
  -15.824  -15.727   -9.630   -9.573   -5.271   -5.252   -3.813   -3.079    4.612    5.200
    7.817    8.359    8.421    8.563    9.819   11.478
            0.000000  0.404145  0.000000
  -15.985  -15.887   -9.373   -9.317   -5.206   -5.187   -3.989   -3.247    4.889    5.459
    7.605    8.268    8.379    8.527    9.605   11.286
            0.000000  0.392598  0.000000
  -16.141  -16.043   -9.113   -9.059   -5.136   -5.117   -4.162   -3.413    5.170    5.722
    7.394    8.064    8.406    8.551    9.398   11.098
            0.000000  0.381051  0.000000
  -16.294  -16.194   -8.852   -8.799   -5.063   -5.044   -4.333   -3.576    5.452    5.985
    7.188    7.861    8.432    8.583    9.199   10.914
            0.000000  0.369504  0.000000
  -16.442  -16.341   -8.589   -8.538   -4.986   -4.967   -4.500   -3.737    5.736    6.248
    6.986    7.666    8.456    8.617    9.012   10.735
            0.000000  0.357957  0.000000
  -16.586  -16.484   -8.325   -8.275   -4.906   -4.887   -4.665   -3.896    6.023    6.504
    6.790    7.482    8.468    8.654    8.845   10.560
            0.000000  0.346410  0.000000
  -16.726  -16.623   -8.060   -8.012   -4.825   -4.820   -4.803   -4.050    6.306    6.602
    6.739    7.327    8.437    8.691    8.727   10.390
            0.000000  0.334863  0.000000
  -16.862  -16.758   -7.795   -7.749   -4.982   -4.733   -4.716   -4.202    6.404    6.603
    6.873    7.279    8.333    8.691    8.730   10.226
            0.000000  0.323316  0.000000
  -16.994  -16.889   -7.529   -7.484   -5.135   -4.642   -4.625   -4.349    6.230    6.807
    6.881    7.436    8.188    8.703    8.769   10.067
            0.000000  0.311769  0.000000
  -17.121  -17.015   -7.264   -7.221   -5.284   -4.549   -4.532   -4.493    6.058    6.665
    7.159    7.674    8.034    8.731    8.808    9.914
            0.000000  0.300222  0.000000
  -17.243  -17.137   -6.999   -6.957   -5.427   -4.632   -4.452   -4.436    5.892    6.510
    7.426    7.890    7.928    8.765    8.848    9.767
            0.000000  0.288675  0.000000
  -17.361  -17.254   -6.735   -6.694   -5.566   -4.766   -4.353   -4.336    5.731    6.355
    7.609    7.829    8.188    8.802    8.887    9.627
            0.000000  0.277128  0.000000
  -17.475  -17.367   -6.473   -6.433   -5.701   -4.896   -4.252   -4.235    5.576    6.204
    7.532    8.028    8.445    8.838    8.926    9.495
            0.000000  0.265581  0.000000
  -17.585  -17.476   -6.213   -6.174   -5.830   -5.022   -4.149   -4.133    5.428    6.058
    7.399    8.279    8.697    8.873    8.964    9.373
            0.000000  0.254034  0.000000
  -17.690  -17.580   -5.961   -5.948   -5.917   -5.142   -4.045   -4.028    5.286    5.917
    7.264    8.523    8.908    8.941    9.008    9.269
            0.000000  0.242487  0.000000
  -17.790  -17.680   -6.074   -5.698   -5.663   -5.258   -3.939   -3.923    5.150    5.782
    7.133    8.719    8.955    9.029    9.200    9.201
            0.000000  0.230940  0.000000
  -17.886  -17.775   -6.188   -5.446   -5.413   -5.368   -3.832   -3.816    5.020    5.653
    7.007    8.780    9.037    9.062    9.232    9.439
            0.000000  0.219393  0.000000
  -17.977  -17.866   -6.298   -5.475   -5.197   -5.164   -3.725   -3.708    4.897    5.530
    6.886    8.737    9.074    9.091    9.409    9.670
            0.000000  0.207846  0.000000
  -18.064  -17.952   -6.401   -5.576   -4.953   -4.922   -3.617   -3.601    4.780    5.413
    6.772    8.660    9.097    9.116    9.630    9.814
            0.000000  0.196299  0.000000
  -18.146  -18.033   -6.499   -5.671   -4.715   -4.685   -3.510   -3.494    4.669    5.303
    6.663    8.575    9.119    9.138    9.734    9.857
            0.000000  0.184752  0.000000
  -18.223  -18.110   -6.592   -5.761   -4.482   -4.454   -3.404   -3.388    4.564    5.198
    6.560    8.488    9.139    9.155    9.639   10.079
            0.000000  0.173205  0.000000
  -18.296  -18.182   -6.680   -5.847   -4.256   -4.231   -3.299   -3.284    4.466    5.100
    6.463    8.404    9.157    9.165    9.550   10.293
            0.000000  0.161658  0.000000
  -18.364  -18.250   -6.762   -5.926   -4.039   -4.015   -3.196   -3.181    4.374    5.008
    6.373    8.324    9.168    9.171    9.469   10.499
            0.000000  0.150111  0.000000
  -18.428  -18.313   -6.839   -6.001   -3.829   -3.807   -3.095   -3.082    4.288    4.922
    6.288    8.248    9.161    9.181    9.400   10.697
            0.000000  0.138564  0.000000
  -18.487  -18.372   -6.910   -6.070   -3.630   -3.609   -2.998   -2.985    4.209    4.843
    6.210    8.177    9.144    9.188    9.345   10.498
            0.000000  0.127017  0.000000
  -18.541  -18.425   -6.975   -6.134   -3.441   -3.422   -2.906   -2.893    4.136    4.770
    6.138    8.112    9.113    9.190    9.305   10.289
            0.000000  0.115470  0.000000
  -18.590  -18.474   -7.035   -6.192   -3.263   -3.246   -2.817   -2.805    4.069    4.703
    6.073    8.052    9.072    9.189    9.277   10.095
            0.000000  0.103923  0.000000
  -18.635  -18.519   -7.089   -6.245   -3.099   -3.082   -2.733   -2.722    4.009    4.643
    6.013    7.997    9.028    9.184    9.257    9.915
            0.000000  0.092376  0.000000
  -18.675  -18.559   -7.137   -6.292   -2.948   -2.932   -2.657   -2.646    3.955    4.589
    5.960    7.949    8.984    9.176    9.239    9.752
            0.000000  0.080829  0.000000
  -18.711  -18.594   -7.180   -6.334   -2.811   -2.797   -2.587   -2.576    3.908    4.541
    5.913    7.906    8.944    9.167    9.222    9.606
            0.000000  0.069282  0.000000
  -18.742  -18.624   -7.217   -6.370   -2.691   -2.678   -2.525   -2.514    3.866    4.500
    5.872    7.868    8.908    9.156    9.206    9.477
            0.000000  0.057735  0.000000
  -18.768  -18.650   -7.249   -6.401   -2.588   -2.575   -2.471   -2.460    3.831    4.465
    5.838    7.836    8.877    9.145    9.191    9.367
            0.000000  0.046188  0.000000
  -18.789  -18.671   -7.275   -6.426   -2.501   -2.489   -2.426   -2.415    3.803    4.436
    5.810    7.811    8.851    9.134    9.178    9.276
            0.000000  0.034641  0.000000
  -18.805  -18.687   -7.294   -6.445   -2.433   -2.422   -2.390   -2.379    3.781    4.414
    5.788    7.790    8.831    9.125    9.168    9.205
            0.000000  0.023094  0.000000
  -18.817  -18.699   -7.309   -6.459   -2.383   -2.372   -2.364   -2.353    3.765    4.398
    5.772    7.776    8.817    9.118    9.153    9.160
            0.000000  0.011547  0.000000
  -18.824  -18.706   -7.317   -6.467   -2.353   -2.348   -2.343   -2.338    3.755    4.389
    5.763    7.767    8.808    9.113    9.122    9.154
            0.000000  0.000000  0.000000
  -18.827  -18.709   -7.320   -6.470   -2.343   -2.343   -2.333   -2.333    3.752    4.385
    5.760    7.765    8.805    9.112    9.112    9.153
