# energy grid [eV]  eels components [arbitrary units]
#
    0.000000000    0.000000000    0.000000000    0.000000000
    0.020020020    0.000005102    0.000005102    0.000002218
    0.040040040    0.000010204    0.000010204    0.000004437
    0.060060060    0.000015307    0.000015308    0.000006655
    0.080080080    0.000020412    0.000020412    0.000008874
    0.100100100    0.000025518    0.000025519    0.000011093
    0.120120120    0.000030627    0.000030627    0.000013313
    0.140140140    0.000035738    0.000035739    0.000015534
    0.160160160    0.000040852    0.000040853    0.000017756
    0.180180180    0.000045971    0.000045971    0.000019978
    0.200200200    0.000051093    0.000051093    0.000022202
    0.220220220    0.000056219    0.000056220    0.000024426
    0.240240240    0.000061351    0.000061352    0.000026652
    0.260260260    0.000066488    0.000066489    0.000028880
    0.280280280    0.000071631    0.000071632    0.000031109
    0.300300300    0.000076780    0.000076781    0.000033339
    0.320320320    0.000081936    0.000081937    0.000035572
    0.340340340    0.000087099    0.000087101    0.000037806
    0.360360360    0.000092270    0.000092272    0.000040043
    0.380380380    0.000097450    0.000097451    0.000042281
    0.400400400    0.000102638    0.000102639    0.000044522
    0.420420420    0.000107835    0.000107837    0.000046765
    0.440440440    0.000113042    0.000113043    0.000049011
    0.460460460    0.000118259    0.000118260    0.000051259
    0.480480480    0.000123486    0.000123488    0.000053510
    0.500500501    0.000128725    0.000128727    0.000055764
    0.520520521    0.000133975    0.000133977    0.000058021
    0.540540541    0.000139237    0.000139239    0.000060282
    0.560560561    0.000144512    0.000144514    0.000062545
    0.580580581    0.000149800    0.000149802    0.000064812
    0.600600601    0.000155101    0.000155104    0.000067083
    0.620620621    0.000160417    0.000160419    0.000069357
    0.640640641    0.000165747    0.000165750    0.000071635
    0.660660661    0.000171092    0.000171095    0.000073917
    0.680680681    0.000176453    0.000176456    0.000076203
    0.700700701    0.000181830    0.000181833    0.000078493
    0.720720721    0.000187224    0.000187227    0.000080788
    0.740740741    0.000192635    0.000192638    0.000083087
    0.760760761    0.000198064    0.000198067    0.000085391
    0.780780781    0.000203511    0.000203514    0.000087700
    0.800800801    0.000208977    0.000208980    0.000090013
    0.820820821    0.000214462    0.000214466    0.000092332
    0.840840841    0.000219968    0.000219971    0.000094656
    0.860860861    0.000225494    0.000225497    0.000096985
    0.880880881    0.000231041    0.000231044    0.000099320
    0.900900901    0.000236610    0.000236613    0.000101660
    0.920920921    0.000242201    0.000242205    0.000104007
    0.940940941    0.000247815    0.000247819    0.000106359
    0.960960961    0.000253453    0.000253457    0.000108717
    0.980980981    0.000259115    0.000259119    0.000111082
    1.001001001    0.000264802    0.000264806    0.000113453
    1.021021021    0.000270514    0.000270518    0.000115831
    1.041041041    0.000276252    0.000276256    0.000118216
    1.061061061    0.000282017    0.000282021    0.000120608
    1.081081081    0.000287809    0.000287814    0.000123006
    1.101101101    0.000293629    0.000293634    0.000125412
    1.121121121    0.000299478    0.000299483    0.000127826
    1.141141141    0.000305357    0.000305362    0.000130247
    1.161161161    0.000311265    0.000311270    0.000132676
    1.181181181    0.000317205    0.000317210    0.000135114
    1.201201201    0.000323176    0.000323181    0.000137559
    1.221221221    0.000329179    0.000329184    0.000140013
    1.241241241    0.000335215    0.000335220    0.000142475
    1.261261261    0.000341285    0.000341290    0.000144946
    1.281281281    0.000347389    0.000347394    0.000147427
    1.301301301    0.000353529    0.000353534    0.000149916
    1.321321321    0.000359705    0.000359710    0.000152415
    1.341341341    0.000365917    0.000365923    0.000154923
    1.361361361    0.000372168    0.000372173    0.000157441
    1.381381381    0.000378457    0.000378462    0.000159970
    1.401401401    0.000384785    0.000384791    0.000162508
    1.421421421    0.000391154    0.000391160    0.000165057
    1.441441441    0.000397563    0.000397569    0.000167617
    1.461461461    0.000404015    0.000404021    0.000170188
    1.481481481    0.000410510    0.000410516    0.000172770
    1.501501502    0.000417048    0.000417055    0.000175363
    1.521521522    0.000423632    0.000423638    0.000177968
    1.541541542    0.000430261    0.000430267    0.000180585
    1.561561562    0.000436937    0.000436943    0.000183214
    1.581581582    0.000443660    0.000443667    0.000185856
    1.601601602    0.000450433    0.000450439    0.000188510
    1.621621622    0.000457255    0.000457262    0.000191178
    1.641641642    0.000464128    0.000464135    0.000193858
    1.661661662    0.000471053    0.000471060    0.000196552
    1.681681682    0.000478031    0.000478038    0.000199260
    1.701701702    0.000485063    0.000485070    0.000201982
    1.721721722    0.000492150    0.000492158    0.000204719
    1.741741742    0.000499294    0.000499302    0.000207470
    1.761761762    0.000506496    0.000506504    0.000210237
    1.781781782    0.000513757    0.000513764    0.000213018
    1.801801802    0.000521078    0.000521085    0.000215816
    1.821821822    0.000528460    0.000528468    0.000218630
    1.841841842    0.000535905    0.000535913    0.000221460
    1.861861862    0.000543414    0.000543422    0.000224306
    1.881881882    0.000550988    0.000550997    0.000227170
    1.901901902    0.000558630    0.000558638    0.000230052
    1.921921922    0.000566339    0.000566348    0.000232951
    1.941941942    0.000574119    0.000574127    0.000235868
    1.961961962    0.000581969    0.000581978    0.000238805
    1.981981982    0.000589893    0.000589901    0.000241760
    2.002002002    0.000597890    0.000597899    0.000244735
    2.022022022    0.000605964    0.000605973    0.000247729
    2.042042042    0.000614115    0.000614124    0.000250745
    2.062062062    0.000622345    0.000622355    0.000253781
    2.082082082    0.000630657    0.000630666    0.000256838
    2.102102102    0.000639051    0.000639061    0.000259917
    2.122122122    0.000647530    0.000647539    0.000263018
    2.142142142    0.000656095    0.000656105    0.000266143
    2.162162162    0.000664749    0.000664758    0.000269290
    2.182182182    0.000673492    0.000673502    0.000272461
    2.202202202    0.000682329    0.000682339    0.000275657
    2.222222222    0.000691259    0.000691269    0.000278878
    2.242242242    0.000700286    0.000700296    0.000282124
    2.262262262    0.000709412    0.000709422    0.000285397
    2.282282282    0.000718638    0.000718649    0.000288696
    2.302302302    0.000727968    0.000727979    0.000292023
    2.322322322    0.000737403    0.000737414    0.000295377
    2.342342342    0.000746946    0.000746957    0.000298761
    2.362362362    0.000756600    0.000756611    0.000302174
    2.382382382    0.000766367    0.000766378    0.000305617
    2.402402402    0.000776249    0.000776260    0.000309091
    2.422422422    0.000786249    0.000786261    0.000312597
    2.442442442    0.000796371    0.000796383    0.000316135
    2.462462462    0.000806617    0.000806629    0.000319706
    2.482482482    0.000816990    0.000817002    0.000323312
    2.502502503    0.000827493    0.000827505    0.000326953
    2.522522523    0.000838129    0.000838141    0.000330629
    2.542542543    0.000848901    0.000848913    0.000334343
    2.562562563    0.000859813    0.000859826    0.000338094
    2.582582583    0.000870869    0.000870881    0.000341884
    2.602602603    0.000882071    0.000882083    0.000345714
    2.622622623    0.000893423    0.000893436    0.000349585
    2.642642643    0.000904930    0.000904943    0.000353498
    2.662662663    0.000916595    0.000916608    0.000357454
    2.682682683    0.000928422    0.000928435    0.000361454
    2.702702703    0.000940415    0.000940429    0.000365500
    2.722722723    0.000952579    0.000952593    0.000369593
    2.742742743    0.000964918    0.000964932    0.000373734
    2.762762763    0.000977437    0.000977451    0.000377925
    2.782782783    0.000990140    0.000990155    0.000382167
    2.802802803    0.001003033    0.001003047    0.000386461
    2.822822823    0.001016121    0.001016135    0.000390810
    2.842842843    0.001029408    0.001029422    0.000395214
    2.862862863    0.001042901    0.001042915    0.000399676
    2.882882883    0.001056604    0.001056619    0.000404197
    2.902902903    0.001070525    0.001070540    0.000408778
    2.922922923    0.001084669    0.001084685    0.000413423
    2.942942943    0.001099043    0.001099058    0.000418133
    2.962962963    0.001113653    0.001113668    0.000422909
    2.982982983    0.001128505    0.001128521    0.000427755
    3.003003003    0.001143609    0.001143625    0.000432672
    3.023023023    0.001158970    0.001158986    0.000437663
    3.043043043    0.001174596    0.001174612    0.000442729
    3.063063063    0.001190496    0.001190512    0.000447875
    3.083083083    0.001206678    0.001206695    0.000453102
    3.103103103    0.001223150    0.001223167    0.000458413
    3.123123123    0.001239923    0.001239940    0.000463812
    3.143143143    0.001257005    0.001257022    0.000469301
    3.163163163    0.001274407    0.001274424    0.000474883
    3.183183183    0.001292138    0.001292156    0.000480563
    3.203203203    0.001310210    0.001310228    0.000486343
    3.223223223    0.001328635    0.001328653    0.000492227
    3.243243243    0.001347423    0.001347442    0.000498220
    3.263263263    0.001366589    0.001366607    0.000504325
    3.283283283    0.001386144    0.001386163    0.000510547
    3.303303303    0.001406103    0.001406122    0.000516890
    3.323323323    0.001426479    0.001426499    0.000523360
    3.343343343    0.001447289    0.001447309    0.000529961
    3.363363363    0.001468549    0.001468568    0.000536699
    3.383383383    0.001490274    0.001490294    0.000543580
    3.403403403    0.001512483    0.001512503    0.000550610
    3.423423423    0.001535194    0.001535215    0.000557794
    3.443443443    0.001558428    0.001558449    0.000565141
    3.463463463    0.001582205    0.001582226    0.000572657
    3.483483483    0.001606546    0.001606568    0.000580350
    3.503503504    0.001631476    0.001631498    0.000588228
    3.523523524    0.001657019    0.001657041    0.000596299
    3.543543544    0.001683201    0.001683224    0.000604574
    3.563563564    0.001710051    0.001710073    0.000613061
    3.583583584    0.001737596    0.001737619    0.000621771
    3.603603604    0.001765870    0.001765893    0.000630716
    3.623623624    0.001794906    0.001794929    0.000639907
    3.643643644    0.001824739    0.001824763    0.000649358
    3.663663664    0.001855408    0.001855432    0.000659081
    3.683683684    0.001886954    0.001886978    0.000669092
    3.703703704    0.001919420    0.001919444    0.000679406
    3.723723724    0.001952854    0.001952879    0.000690041
    3.743743744    0.001987306    0.001987332    0.000701015
    3.763763764    0.002022832    0.002022858    0.000712347
    3.783783784    0.002059490    0.002059516    0.000724059
    3.803803804    0.002097343    0.002097370    0.000736174
    3.823823824    0.002136462    0.002136489    0.000748716
    3.843843844    0.002176920    0.002176947    0.000761714
    3.863863864    0.002218800    0.002218827    0.000775197
    3.883883884    0.002262189    0.002262217    0.000789196
    3.903903904    0.002307186    0.002307215    0.000803747
    3.923923924    0.002353897    0.002353926    0.000818888
    3.943943944    0.002402439    0.002402468    0.000834661
    3.963963964    0.002452940    0.002452970    0.000851113
    3.983983984    0.002505543    0.002505574    0.000868293
    4.004004004    0.002560406    0.002560437    0.000886258
    4.024024024    0.002617704    0.002617736    0.000905070
    4.044044044    0.002677634    0.002677667    0.000924796
    4.064064064    0.002740415    0.002740448    0.000945514
    4.084084084    0.002806293    0.002806327    0.000967308
    4.104104104    0.002875548    0.002875583    0.000990272
    4.124124124    0.002948496    0.002948532    0.001014513
    4.144144144    0.003025498    0.003025534    0.001040150
    4.164164164    0.003106968    0.003107005    0.001067319
    4.184184184    0.003193381    0.003193419    0.001096170
    4.204204204    0.003285292    0.003285331    0.001126879
    4.224224224    0.003383346    0.003383386    0.001159643
    4.244244244    0.003488300    0.003488341    0.001194690
    4.264264264    0.003601054    0.003601097    0.001232281
    4.284284284    0.003722681    0.003722724    0.001272719
    4.304304304    0.003854473    0.003854519    0.001316358
    4.324324324    0.003998006    0.003998053    0.001363610
    4.344344344    0.004155218    0.004155266    0.001414962
    4.364364364    0.004328521    0.004328571    0.001470991
    4.384384384    0.004520963    0.004521016    0.001532387
    4.404404404    0.004736449    0.004736504    0.001599980
    4.424424424    0.004980066    0.004980123    0.001674776
    4.444444444    0.005258568    0.005258628    0.001758011
    4.464464464    0.005581117    0.005581180    0.001851213
    4.484484484    0.005960445    0.005960511    0.001956295
    4.504504505    0.006414754    0.006414824    0.002075683
    4.524524525    0.006970929    0.006971003    0.002212494
    4.544544545    0.007670247    0.007670324    0.002370799
    4.564564565    0.008579071    0.008579150    0.002556007
    4.584584585    0.009810241    0.009810320    0.002775451
    4.604604605    0.011569347    0.011569417    0.003039303
    4.624624625    0.014264888    0.014264929    0.003362059
    4.644644645    0.018802800    0.018802757    0.003765028
    4.664664665    0.027481412    0.027481124    0.004280728
    4.684684685    0.046850689    0.046849647    0.004961056
    4.704704705    0.089524054    0.089521699    0.005893508
    4.724724725    0.112615922    0.112618458    0.007236039
    4.744744745    0.104970586    0.104977681    0.009299578
    4.764764765    0.075955652    0.075955497    0.012767649
    4.784784785    0.049309369    0.049310401    0.019362128
    4.804804805    0.045948242    0.045951849    0.033986200
    4.824824825    0.063028425    0.063036461    0.066567557
    4.844844845    0.078317960    0.078322789    0.081959059
    4.864864865    0.060450791    0.060453382    0.063382962
    4.884884885    0.064340354    0.064346586    0.079194786
    4.904904905    0.080585300    0.080591181    0.098440468
    4.924924925    0.058019896    0.058020705    0.060580435
    4.944944945    0.042458648    0.042458403    0.039761767
    4.964964965    0.040664348    0.040663008    0.038228330
    4.984984985    0.048296047    0.048292589    0.053625217
    5.005005005    0.068342389    0.068335308    0.094896778
    5.025025025    0.100000832    0.099992549    0.129860908
    5.045045045    0.154189566    0.154173049    0.129498819
    5.065065065    0.277250639    0.277220403    0.070846873
    5.085085085    0.367467338    0.367487386    0.036915762
    5.105105105    0.212766682    0.212795566    0.022776424
    5.125125125    0.124438015    0.124447951    0.016219384
    5.145145145    0.103417120    0.103417427    0.012970935
    5.165165165    0.127369965    0.127360164    0.011603744
    5.185185185    0.220652655    0.220625535    0.010556283
    5.205205205    0.317154803    0.317162856    0.009280025
    5.225225225    0.194507108    0.194534685    0.008772543
    5.245245245    0.110728549    0.110738840    0.008911593
    5.265265265    0.089735558    0.089736527    0.009817415
    5.285285285    0.101251640    0.101259992    0.010926115
    5.305305305    0.105860975    0.105881802    0.010750355
    5.325325325    0.073621698    0.073625281    0.011241612
    5.345345345    0.047596607    0.047598079    0.012620686
    5.365365365    0.036852433    0.036853386    0.014912690
    5.385385385    0.032609294    0.032609819    0.018525524
    5.405405405    0.031593071    0.031593244    0.024439832
    5.425425425    0.032972899    0.032972770    0.034978411
    5.445445445    0.037282880    0.037282522    0.056256338
    5.465465465    0.046477897    0.046477405    0.102127729
    5.485485485    0.059118871    0.059116025    0.166194267
    5.505505506    0.073910776    0.073905665    0.240195781
    5.525525526    0.099869347    0.099854087    0.292665749
    5.545545546    0.173190445    0.173147232    0.178237211
    5.565565566    0.299927735    0.299901684    0.102132038
    5.585585586    0.243547524    0.243598641    0.084351717
    5.605605606    0.167006726    0.167012831    0.105734406
    5.625625626    0.171009983    0.170989511    0.148152324
    5.645645646    0.179619766    0.179621095    0.206605482
    5.665665666    0.212411340    0.212399171    0.188887320
    5.685685686    0.277716916    0.277699881    0.105807014
    5.705705706    0.402222448    0.402158461    0.061128756
    5.725725726    0.563393969    0.563429899    0.040376416
    5.745745746    0.345488876    0.345588111    0.032074785
    5.765765766    0.183081948    0.183122363    0.030519149
    5.785785786    0.121333604    0.121348142    0.035381125
    5.805805806    0.101345070    0.101346547    0.051835456
    5.825825826    0.104654529    0.104646812    0.090809388
    5.845845846    0.125716038    0.125698039    0.136377359
    5.865865866    0.193134111    0.193082524    0.100475515
    5.885885886    0.306854863    0.306827849    0.059817256
    5.905905906    0.234347734    0.234405596    0.052081710
    5.925925926    0.145870321    0.145894589    0.071835759
    5.945945946    0.118531650    0.118537231    0.122084542
    5.965965966    0.118502536    0.118497804    0.104072166
    5.985985986    0.138909613    0.138895854    0.052604786
    6.006006006    0.189672928    0.189643112    0.029902337
    6.026026026    0.304865556    0.304797070    0.020192301
    6.046046046    0.589191531    0.589020687    0.015486767
    6.066066066    1.140776627    1.140568546    0.013070489
    6.086086086    1.006391474    1.006569049    0.011973767
    6.106106106    0.557866626    0.557996910    0.011964410
    6.126126126    0.377505197    0.377538377    0.013388110
    6.146146146    0.391143541    0.391114096    0.015646922
    6.166166166    0.551050554    0.551013468    0.016237612
    6.186186186    0.491916450    0.492035340    0.019431488
    6.206206206    0.299356062    0.299402291    0.028476145
    6.226226226    0.221768450    0.221772349    0.051200417
    6.246246246    0.237315119    0.237281418    0.087704644
    6.266266266    0.326403470    0.326359507    0.076049265
    6.286286286    0.298654596    0.298686399    0.073689868
    6.306306306    0.247237555    0.247234649    0.103395384
    6.326326326    0.299459120    0.299412519    0.075778120
    6.346346346    0.390230903    0.390196648    0.039590920
    6.366366366    0.441154778    0.441094278    0.024787461
    6.386386386    0.721034756    0.720861572    0.019024612
    6.406406406    1.077383520    1.077382576    0.017344892
    6.426426426    0.686362931    0.686534021    0.018584140
    6.446446446    0.390310305    0.390414028    0.023738797
    6.466466466    0.286278403    0.286336449    0.037355368
    6.486486486    0.244468836    0.244478408    0.067569591
    6.506506507    0.265176471    0.265152213    0.084318300
    6.526526527    0.345983416    0.345929791    0.077052740
    6.546546547    0.358759317    0.358741822    0.097679945
    6.566566567    0.381923575    0.381901412    0.076247974
    6.586586587    0.391805263    0.391813292    0.046525464
    6.606606607    0.434734143    0.434693003    0.030486312
    6.626626627    0.601359956    0.601210640    0.025651214
    6.646646647    0.819170198    0.819001523    0.031509737
    6.666666667    1.080929344    1.080688410    0.046305088
    6.686686687    1.433903229    1.433644656    0.036424113
    6.706706707    2.407146953    2.407133473    0.022490107
    6.726726727    2.189687340    2.190130005    0.018104788
    6.746746747    1.120144833    1.120369828    0.019334360
    6.766766767    0.672707669    0.672795487    0.027147022
    6.786786787    0.548659186    0.548688098    0.049458396
    6.806806807    0.629631371    0.629614729    0.080876279
    6.826826827    0.952709894    0.952682242    0.055531076
    6.846846847    1.078963611    1.079078232    0.032002477
    6.866866867    1.122948012    1.122864009    0.023112985
    6.886886887    1.831058043    1.830713251    0.015303990
    6.906906907    2.156620056    2.156785703    0.011278015
    6.926926927    1.187409697    1.187665313    0.009655211
    6.946946947    0.714569065    0.714732677    0.009378651
    6.966966967    0.535810007    0.535870600    0.010386971
    6.986986987    0.433408431    0.433486000    0.013616169
    7.007007007    0.470041082    0.470158636    0.022275369
    7.027027027    0.504622689    0.504706014    0.038986945
    7.047047047    0.440625418    0.440644811    0.033743440
    7.067067067    0.276405539    0.276407777    0.019929756
    7.087087087    0.201156371    0.201161297    0.015632582
    7.107107107    0.178521207    0.178527410    0.016684264
    7.127127127    0.184899917    0.184899959    0.020748025
    7.147147147    0.215079694    0.215055991    0.033783020
    7.167167167    0.295214443    0.295156750    0.056726803
    7.187187187    0.432469348    0.432407974    0.046396671
    7.207207207    0.505502355    0.505443269    0.028164039
    7.227227227    0.717608124    0.717525051    0.018752865
    7.247247247    0.871474852    0.871604305    0.015350679
    7.267267267    0.549664558    0.549772288    0.016957445
    7.287287287    0.358433751    0.358469784    0.025481101
    7.307307307    0.318225680    0.318225784    0.047605064
    7.327327327    0.354773198    0.354755890    0.056707212
    7.347347347    0.402424459    0.402403073    0.032421831
    7.367367367    0.514288999    0.514228206    0.017188486
    7.387387387    0.811281294    0.811131518    0.010780894
    7.407407407    1.557847881    1.557470879    0.007815168
    7.427427427    2.905698996    2.905086153    0.006260697
    7.447447447    2.896448709    2.896601544    0.005402021
    7.467467467    2.503110987    2.503578796    0.004906901
    7.487487487    1.736150717    1.736511162    0.004493985
    7.507507508    1.080811413    1.080911060    0.004238898
    7.527527528    0.631196898    0.631246669    0.004169952
    7.547547548    0.457120037    0.457173375    0.004340314
    7.567567568    0.447118448    0.447193770    0.004992864
    7.587587588    0.609481117    0.609564250    0.006361074
    7.607607608    0.747589195    0.747824326    0.006015094
    7.627627628    0.463718962    0.463937487    0.004919789
    7.647647648    0.277916056    0.278017307    0.004628228
    7.667667668    0.206762479    0.206819186    0.004802646
    7.687687688    0.188261936    0.188306686    0.005364916
    7.707707708    0.193812915    0.193839870    0.006507486
    7.727727728    0.187581250    0.187583195    0.008860366
    7.747747748    0.212454552    0.212442371    0.014298489
    7.767767768    0.292417054    0.292373150    0.027523018
    7.787787788    0.468668833    0.468608788    0.038748981
    7.807807808    0.522618156    0.522649810    0.023477493
    7.827827828    0.510963532    0.510944328    0.014004785
    7.847847848    0.763822400    0.763740842    0.010672565
    7.867867868    0.924704518    0.924810191    0.010100035
    7.887887888    0.775287734    0.775299084    0.012997024
    7.907907908    0.910707403    0.910569056    0.016293128
    7.927927928    0.887696262    0.887825521    0.012150903
    7.947947948    0.524590448    0.524695080    0.008249686
    7.967967968    0.354009653    0.354086893    0.006815100
    7.987987988    0.360984882    0.361101662    0.006524511
    8.008008008    0.465890892    0.465999564    0.006872853
    8.028028028    0.356110675    0.356098728    0.007817239
    8.048048048    0.238342739    0.238335795    0.009738208
    8.068068068    0.206162615    0.206158690    0.013632160
    8.088088088    0.227691836    0.227681672    0.022333811
    8.108108108    0.312568889    0.312540018    0.043015315
    8.128128128    0.508662227    0.508594586    0.069890672
    8.148148148    0.898013858    0.897890455    0.069763428
    8.168168168    1.570137475    1.570131501    0.040002141
    8.188188188    1.231432840    1.231712664    0.020976650
    8.208208208    0.592032091    0.592169651    0.013139658
    8.228228228    0.322880500    0.322941504    0.009599067
    8.248248248    0.210303850    0.210336845    0.007872915
    8.268268268    0.159081223    0.159103692    0.007131578
    8.288288288    0.138643125    0.138663563    0.007238119
    8.308308308    0.142785370    0.142812572    0.008623285
    8.328328328    0.183653226    0.183704074    0.010215824
    8.348348348    0.272567814    0.272629248    0.009150311
    8.368368368    0.273440650    0.273420799    0.009538188
    8.388388388    0.277070461    0.277028475    0.013609046
    8.408408408    0.419570046    0.419508244    0.019706631
    8.428428428    0.444078512    0.444142105    0.014290263
    8.448448448    0.299534517    0.299616039    0.009136624
    8.468468468    0.250648899    0.250691834    0.007198723
    8.488488488    0.188310409    0.188303560    0.006641610
    8.508508509    0.166481804    0.166472735    0.006989946
    8.528528529    0.203420728    0.203401204    0.008564011
    8.548548549    0.327314234    0.327268156    0.012038974
    8.568568569    0.553555025    0.553487882    0.014174208
    8.588588589    0.641742083    0.641811064    0.012951099
    8.608608609    0.390337555    0.390411548    0.014872605
    8.628628629    0.307134914    0.307178220    0.024306823
    8.648648649    0.378819235    0.378854589    0.038822314
    8.668668669    0.318496335    0.318524117    0.027144426
    8.688688689    0.211422846    0.211487286    0.014703583
    8.708708709    0.192804829    0.192867623    0.009649842
    8.728728729    0.161531815    0.161576912    0.007481732
    8.748748749    0.135731855    0.135798922    0.006442348
    8.768768769    0.100918694    0.100952151    0.005923847
    8.788788789    0.092556705    0.092582957    0.005693098
    8.808808809    0.092266127    0.092275733    0.005659567
    8.828828829    0.073958915    0.073958486    0.005805545
    8.848848849    0.066936167    0.066933696    0.006179285
    8.868868869    0.071099541    0.071092627    0.006945202
    8.888888889    0.086614923    0.086598620    0.008462316
    8.908908909    0.119344223    0.119311191    0.011243549
    8.928928929    0.172014884    0.171974176    0.017472247
    8.948948949    0.273086107    0.273042332    0.023238691
    8.968968969    0.427840605    0.427833705    0.023944613
    8.988988989    0.687182003    0.687141847    0.023618289
    9.009009009    0.752934980    0.752789636    0.014907926
    9.029029029    0.393450072    0.393354518    0.010121817
    9.049049049    0.208408487    0.208369267    0.008148766
    9.069069069    0.137374177    0.137359741    0.007297496
    9.089089089    0.114514769    0.114516710    0.006937955
    9.109109109    0.126151238    0.126173893    0.006850141
    9.129129129    0.164184438    0.164222668    0.006979554
    9.149149149    0.191224857    0.191275067    0.007386965
    9.169169169    0.151026833    0.151011976    0.007855768
    9.189189189    0.109722997    0.109709969    0.007735199
    9.209209209    0.108471476    0.108467227    0.007836123
    9.229229229    0.146959936    0.146957676    0.008308927
    9.249249249    0.249883439    0.249875334    0.009069963
    9.269269269    0.345384624    0.345426548    0.009471527
    9.289289289    0.395183365    0.395250414    0.009993060
    9.309309309    0.282131424    0.282110176    0.010934469
    9.329329329    0.158994232    0.158982014    0.012589816
    9.349349349    0.114567368    0.114563457    0.015690431
    9.369369369    0.109811578    0.109807079    0.018322700
    9.389389389    0.130821365    0.130807188    0.019891826
    9.409409409    0.207039838    0.207008060    0.025439524
    9.429429429    0.294280933    0.294281533    0.029862200
    9.449449449    0.214719516    0.214756179    0.033239675
    9.469469469    0.187723565    0.187769128    0.045051333
    9.489489489    0.249814843    0.249875928    0.064288979
    9.509509510    0.339421053    0.339450493    0.096969196
    9.529529530    0.256965850    0.256977129    0.085894551
    9.549549550    0.200183925    0.200187932    0.082154032
    9.569569570    0.232268622    0.232274260    0.112192199
    9.589589590    0.231912149    0.231928421    0.140832001
    9.609609610    0.164292503    0.164319154    0.163196015
    9.629629630    0.115268334    0.115287072    0.144374593
    9.649649650    0.109461410    0.109483313    0.118885695
    9.669669670    0.139317235    0.139351920    0.126618872
    9.689689690    0.219035661    0.219110561    0.203308880
    9.709709710    0.352668266    0.352721367    0.245794684
    9.729729730    0.265214770    0.265152669    0.145735034
    9.749749750    0.146004093    0.145971600    0.095158739
    9.769769770    0.104395639    0.104381391    0.086633239
    9.789789790    0.085263554    0.085251239    0.105432045
    9.809809810    0.079412480    0.079401630    0.141768655
    9.829829830    0.105783697    0.105765955    0.205760884
    9.849849850    0.161396517    0.161387308    0.324889305
    9.869869870    0.125800599    0.125821619    0.289457136
    9.889889890    0.076805770    0.076817755    0.270365529
    9.909909910    0.064242093    0.064252240    0.315129882
    9.929929930    0.079475690    0.079491498    0.201468269
    9.949949950    0.112800395    0.112805436    0.126339553
    9.969969970    0.092548150    0.092548837    0.104416878
    9.989989990    0.057309068    0.057311410    0.113216313
   10.010010010    0.045120255    0.045123222    0.156772309
   10.030030030    0.047164740    0.047169966    0.223982369
   10.050050050    0.059096705    0.059103874    0.384457246
   10.070070070    0.072240973    0.072243304    0.474121615
   10.090090090    0.075786055    0.075780059    0.285360476
   10.110110110    0.101667710    0.101662869    0.189064003
   10.130130130    0.122092534    0.122089517    0.169059063
   10.150150150    0.132940543    0.132937933    0.210969898
   10.170170170    0.102645076    0.102649974    0.300828204
   10.190190190    0.076905735    0.076908289    0.216205927
   10.210210210    0.082163412    0.082166405    0.128110733
   10.230230230    0.098410164    0.098419692    0.089853807
   10.250250250    0.090740400    0.090744701    0.074718057
   10.270270270    0.060792187    0.060786501    0.073545403
   10.290290290    0.044129618    0.044128102    0.083175060
   10.310310310    0.041868506    0.041869548    0.105790682
   10.330330330    0.049635527    0.049638637    0.155424608
   10.350350350    0.062274446    0.062272978    0.232765729
   10.370370370    0.072270179    0.072274927    0.297050592
   10.390390390    0.100909245    0.100927778    0.427632948
   10.410410410    0.166233148    0.166260722    0.548182028
   10.430430430    0.195203423    0.195176690    0.548553779
   10.450450450    0.180280976    0.180234662    0.591969613
   10.470470470    0.186909127    0.186884192    0.396549154
   10.490490490    0.132480908    0.132475936    0.248672177
   10.510510511    0.110116847    0.110115719    0.185508874
   10.530530531    0.078494429    0.078498352    0.157627435
   10.550550551    0.055983973    0.055989122    0.174336780
   10.570570571    0.053718905    0.053728492    0.266366941
   10.590590591    0.055297850    0.055302527    0.397720158
   10.610610611    0.048679239    0.048685064    0.311668550
   10.630630631    0.053101939    0.053115642    0.214387929
   10.650650651    0.075695957    0.075725769    0.160139587
   10.670670671    0.131127994    0.131181762    0.145202850
   10.690690691    0.169457699    0.169502597    0.171623933
   10.710710711    0.162793943    0.162844777    0.240288848
   10.730730731    0.222809575    0.222871691    0.333169375
   10.750750751    0.219193231    0.219200722    0.552526471
   10.770770771    0.125536695    0.125530216    0.857600081
   10.790790791    0.078747303    0.078747625    0.770181537
   10.810810811    0.067366484    0.067369849    0.706340942
   10.830830831    0.080813291    0.080819443    0.642838969
   10.850850851    0.115095641    0.115092799    0.437420947
   10.870870871    0.114105864    0.114090858    0.323283797
   10.890890891    0.081214465    0.081212951    0.294571212
   10.910910911    0.051141526    0.051143031    0.282525767
   10.930930931    0.038756963    0.038758107    0.334166834
   10.950950951    0.034636128    0.034637997    0.332429446
   10.970970971    0.036919444    0.036923785    0.328081400
   10.990990991    0.041535794    0.041538227    0.253800573
   11.011011011    0.034017826    0.034018179    0.168749932
   11.031031031    0.031017202    0.031019827    0.142532933
   11.051051051    0.035957477    0.035963871    0.151602240
   11.071071071    0.050490419    0.050501949    0.180306849
   11.091091091    0.056426596    0.056417633    0.262651701
   11.111111111    0.055322812    0.055309898    0.402495209
   11.131131131    0.055222645    0.055218505    0.392661934
   11.151151151    0.049519091    0.049520272    0.299607430
   11.171171171    0.053966061    0.053971324    0.290564857
   11.191191191    0.082214745    0.082231515    0.247847239
   11.211211211    0.122777911    0.122780022    0.250224608
   11.231231231    0.087815683    0.087804983    0.239520859
   11.251251251    0.059561233    0.059568087    0.244633137
   11.271271271    0.050140120    0.050152929    0.328571794
   11.291291291    0.050587808    0.050608293    0.435153810
   11.311311311    0.068262189    0.068300522    0.502301943
   11.331331331    0.118702795    0.118785755    0.531032793
   11.351351351    0.171321686    0.171458688    0.729677269
   11.371371371    0.123968080    0.124056882    1.159811293
   11.391391391    0.098431941    0.098484309    1.231246446
   11.411411411    0.125969942    0.126019138    0.967317107
   11.431431431    0.139009697    0.139042260    0.728701244
   11.451451451    0.103182090    0.103197585    0.581893863
   11.471471471    0.074599817    0.074592909    0.574389166
   11.491491491    0.065499413    0.065470481    0.569361870
   11.511511512    0.079573270    0.079490914    0.622331773
   11.531531532    0.096827999    0.096735380    0.691919364
   11.551551552    0.130141003    0.130079381    0.785459112
   11.571571572    0.096545569    0.096508839    0.618745156
   11.591591592    0.056689513    0.056671398    0.536139974
   11.611611612    0.042076115    0.042065867    0.523535629
   11.631631632    0.040891054    0.040883948    0.621833062
   11.651651652    0.052676249    0.052669311    0.563036660
   11.671671672    0.082679991    0.082673486    0.361848284
   11.691691692    0.085141088    0.085144025    0.296118035
   11.711711712    0.074181907    0.074183969    0.363513933
   11.731731732    0.100281367    0.100281490    0.415954666
   11.751751752    0.120939204    0.120939338    0.416541896
   11.771771772    0.077235217    0.077237340    0.325556324
   11.791791792    0.057171959    0.057175754    0.235158464
   11.811811812    0.060663908    0.060660275    0.196470366
   11.831831832    0.065287316    0.065257057    0.220742978
   11.851851852    0.075321645    0.075265632    0.218978534
   11.871871872    0.064106517    0.064064560    0.222379639
   11.891891892    0.057600750    0.057582098    0.312077706
   11.911911912    0.068955928    0.068948066    0.403785711
   11.931931932    0.090370967    0.090370153    0.309080660
   11.951951952    0.079086681    0.079088825    0.279451129
   11.971971972    0.063564056    0.063560064    0.328994010
   11.991991992    0.051692579    0.051692340    0.306937711
   12.012012012    0.057347029    0.057351952    0.265009819
   12.032032032    0.078808168    0.078816446    0.294367409
   12.052052052    0.078287834    0.078274132    0.366730559
   12.072072072    0.051283445    0.051275740    0.393311778
   12.092092092    0.033819854    0.033817108    0.412746726
   12.112112112    0.027643930    0.027643265    0.500998303
   12.132132132    0.027009880    0.027010391    0.762956691
   12.152152152    0.030172130    0.030173023    1.088553759
   12.172172172    0.036450983    0.036452413    1.103315697
   12.192192192    0.051056920    0.051059391    1.177373760
   12.212212212    0.079773512    0.079771424    1.264567730
   12.232232232    0.107450473    0.107451244    1.837728682
   12.252252252    0.151951684    0.151961874    2.067954188
   12.272272272    0.218694828    0.218692829    1.345602719
   12.292292292    0.169828168    0.169925050    1.204456603
   12.312312312    0.097486156    0.097561243    0.914958574
   12.332332332    0.069879052    0.069917906    0.495822207
   12.352352352    0.074823458    0.074850873    0.307456701
   12.372372372    0.066998963    0.067008042    0.228677379
   12.392392392    0.046240336    0.046247986    0.205997411
   12.412412412    0.039947155    0.039957813    0.206454532
   12.432432432    0.045609196    0.045626194    0.182881204
   12.452452452    0.051821437    0.051841938    0.143258815
   12.472472472    0.043714081    0.043726475    0.114309758
   12.492492492    0.037388330    0.037395764    0.108582131
   12.512512513    0.042388358    0.042393709    0.125096445
   12.532532533    0.048642317    0.048645134    0.152269684
   12.552552553    0.057049535    0.057058265    0.178187045
   12.572572573    0.089056616    0.089079354    0.228750130
   12.592592593    0.143202945    0.143230549    0.207413993
   12.612612613    0.120618322    0.120616348    0.207060999
   12.632632633    0.082412955    0.082407878    0.224929891
   12.652652653    0.073220637    0.073222859    0.222289547
   12.672672673    0.084351381    0.084359530    0.223012452
   12.692692693    0.074823546    0.074824512    0.199159302
   12.712712713    0.072422235    0.072427068    0.251702143
   12.732732733    0.088277177    0.088282740    0.325821464
   12.752752753    0.085117001    0.085126825    0.314779431
   12.772772773    0.069656208    0.069662105    0.253608384
   12.792792793    0.056058725    0.056045312    0.213339708
   12.812812813    0.042759583    0.042752929    0.239448688
   12.832832833    0.041413395    0.041411151    0.268700291
   12.852852853    0.046873994    0.046873280    0.256863870
   12.872872873    0.046321148    0.046321511    0.252195763
   12.892892893    0.040775338    0.040776281    0.246729950
   12.912912913    0.047719531    0.047720744    0.273029784
   12.932932933    0.067737138    0.067736981    0.290968790
   12.952952953    0.069667760    0.069666379    0.381102427
   12.972972973    0.076325142    0.076325052    0.493174823
   12.992992993    0.102055222    0.102056327    0.379557314
   13.013013013    0.128862858    0.128865630    0.284319589
   13.033033033    0.128467417    0.128471211    0.238436900
   13.053053053    0.140569323    0.140597748    0.190963107
   13.073073073    0.102816877    0.102823587    0.168577891
   13.093093093    0.078499551    0.078504503    0.213001131
   13.113113113    0.073861825    0.073859071    0.246909862
   13.133133133    0.068437543    0.068423728    0.246676312
   13.153153153    0.068500816    0.068489744    0.227724692
   13.173173173    0.076764700    0.076767080    0.217745115
   13.193193193    0.093727063    0.093737045    0.219662827
   13.213213213    0.118386572    0.118425554    0.213250823
   13.233233233    0.106263344    0.106286634    0.237043435
   13.253253253    0.109281684    0.109301549    0.325541052
   13.273273273    0.154576230    0.154614090    0.315485012
   13.293293293    0.211316943    0.211421346    0.220790018
   13.313313313    0.196474864    0.196620796    0.204239835
   13.333333333    0.190533081    0.190604594    0.282253019
   13.353353353    0.180273472    0.180242694    0.459529251
   13.373373373    0.143281329    0.143235554    0.408240178
   13.393393393    0.123994957    0.123980941    0.260644900
   13.413413413    0.150599991    0.150586443    0.222101064
   13.433433433    0.169594537    0.169563070    0.256020854
   13.453453453    0.145180620    0.145128225    0.271245909
   13.473473473    0.152346147    0.152311829    0.238078936
   13.493493493    0.143651904    0.143642815    0.210463744
   13.513513514    0.140193448    0.140193643    0.243787501
   13.533533534    0.117777454    0.117776596    0.338187600
   13.553553554    0.100204857    0.100213573    0.320547206
   13.573573574    0.113930369    0.113948925    0.313886444
   13.593593594    0.139422410    0.139448069    0.349627672
   13.613613614    0.183254041    0.183319370    0.345977845
   13.633633634    0.270495695    0.270622022    0.320739452
   13.653653654    0.391839427    0.391926971    0.298646178
   13.673673674    0.382502363    0.382322833    0.278265908
   13.693693694    0.312848348    0.312807289    0.326539562
   13.713713714    0.377613934    0.377556127    0.396529358
   13.733733734    0.403352328    0.403275085    0.430364072
   13.753753754    0.291630251    0.291606249    0.462620907
   13.773773774    0.263565158    0.263523630    0.576249270
   13.793793794    0.241859572    0.241791242    0.588015907
   13.813813814    0.229467611    0.229447813    0.438344117
   13.833833834    0.307155532    0.307135191    0.373529261
   13.853853854    0.453216457    0.453391231    0.364666962
   13.873873874    0.418930632    0.419158645    0.428412046
   13.893893894    0.280418043    0.280363567    0.401203976
   13.913913914    0.217676282    0.217662946    0.347490562
   13.933933934    0.248615229    0.248649619    0.400824788
   13.953953954    0.328279432    0.328259668    0.567993543
   13.973973974    0.345293747    0.345246795    0.515499113
   13.993993994    0.282286738    0.282195160    0.370668339
   14.014014014    0.256947885    0.256877601    0.321673142
   14.034034034    0.279002676    0.278858229    0.276576772
   14.054054054    0.261816789    0.261733751    0.283616338
   14.074074074    0.322198867    0.322194237    0.293082017
   14.094094094    0.336793680    0.336758406    0.352140457
   14.114114114    0.233147172    0.233205380    0.341927689
   14.134134134    0.163179484    0.163218775    0.232611749
   14.154154154    0.144181618    0.144217506    0.187456582
   14.174174174    0.169756569    0.169800396    0.198294931
   14.194194194    0.191298978    0.191333315    0.263565437
   14.214214214    0.169940058    0.170004747    0.294278758
   14.234234234    0.179801055    0.179892553    0.280795958
   14.254254254    0.174178131    0.173963167    0.303242187
   14.274274274    0.177700223    0.177592803    0.325629371
   14.294294294    0.170546536    0.170498121    0.343583141
   14.314314314    0.166198875    0.166174263    0.356775221
   14.334334334    0.154008832    0.154002244    0.492299433
   14.354354354    0.162855451    0.162883858    0.626201527
   14.374374374    0.216393339    0.216489733    0.614068358
   14.394394394    0.334252978    0.334339453    0.501815816
   14.414414414    0.582318511    0.582311782    0.447955460
   14.434434434    0.956939132    0.956782916    0.586295106
   14.454454454    0.788434916    0.788072430    1.005362119
   14.474474474    0.423984337    0.423793095    1.140218818
   14.494494494    0.287968383    0.287864205    0.869674464
   14.514514515    0.269007447    0.268920462    0.844255762
   14.534534535    0.245772816    0.245715987    0.857115580
   14.554554555    0.210393978    0.210366513    0.721960682
   14.574574575    0.237195197    0.237195082    0.681036143
   14.594594595    0.353400708    0.353455790    0.784322660
   14.614614615    0.496914256    0.496859404    0.987600417
   14.634634635    0.482675660    0.482276144    0.943270912
   14.654654655    0.576486504    0.575447067    1.066209929
   14.674674675    0.811866095    0.810253845    1.419254333
   14.694694695    0.896584002    0.898785898    1.584502095
   14.714714715    0.922253190    0.923173416    1.575746937
   14.734734735    0.616940544    0.617005383    1.656971543
   14.754754755    0.466635793    0.466581041    2.092379536
   14.774774775    0.480005111    0.479988910    2.169924833
   14.794794795    0.596350948    0.596200343    1.816059902
   14.814814815    0.462325020    0.461969648    1.513401856
   14.834834835    0.312173025    0.311982572    1.436307363
   14.854854855    0.287151532    0.287019030    1.398439927
   14.874874875    0.282120416    0.281965823    1.955112578
   14.894894895    0.302150949    0.302038232    2.678421062
   14.914914915    0.338738171    0.338655762    2.340676640
   14.934934935    0.398677729    0.398404363    2.627899954
   14.954954955    0.580183498    0.579606378    2.896362535
   14.974974975    0.668826875    0.668598554    2.728250615
   14.994994995    0.732289796    0.731715984    2.578861722
   15.015015015    0.939939493    0.939372891    2.347562961
   15.035035035    0.734659133    0.734503274    2.346569524
   15.055055055    0.660908694    0.660804631    2.886016635
   15.075075075    0.650932824    0.650811491    3.195128496
   15.095095095    0.508896748    0.508789746    2.602760805
   15.115115115    0.451359448    0.451245918    2.233257449
   15.135135135    0.496824223    0.496726448    1.999513572
   15.155155155    0.772566942    0.772444894    1.453042113
   15.175175175    1.135806918    1.135673197    1.149153713
   15.195195195    0.798131113    0.798064236    1.006042923
   15.215215215    0.555931239    0.555897083    1.114328452
   15.235235235    0.589149624    0.589129024    1.211104427
   15.255255255    0.559188178    0.559122148    1.284412743
   15.275275275    0.436182334    0.436159472    1.703716021
   15.295295295    0.481960432    0.482064971    1.849571513
   15.315315315    0.572465558    0.572685075    1.777852769
   15.335335335    0.478282092    0.477952525    2.396895659
   15.355355355    0.461672540    0.460814641    2.274991114
   15.375375375    0.562340305    0.560815793    1.789439556
   15.395395395    0.617926610    0.616692537    1.347675750
   15.415415415    0.764127881    0.762928696    1.140435645
   15.435435435    1.231676843    1.229904559    1.051598657
   15.455455455    1.491123400    1.490639512    1.014081770
   15.475475475    0.986560227    0.986606247    1.216306633
   15.495495495    0.771818878    0.771537969    1.550963969
   15.515515516    0.894369641    0.893789948    1.943796000
   15.535535536    1.125220494    1.124512020    3.182612973
   15.555555556    1.519620980    1.520032949    5.068609874
   15.575575576    1.594083270    1.595945154    3.892449540
   15.595595596    1.413042381    1.414102552    2.941523636
   15.615615616    0.864988163    0.865474610    2.825738631
   15.635635636    0.562535672    0.562787971    2.540818831
   15.655655656    0.472998826    0.473161034    2.870094718
   15.675675676    0.510353332    0.510461918    2.822094835
   15.695695696    0.734455435    0.734502228    2.531651376
   15.715715716    0.996969964    0.997274789    2.541531616
   15.735735736    0.712088778    0.712512342    2.087341939
   15.755755756    0.440968223    0.441119578    1.827121886
   15.775775776    0.366118213    0.366217727    1.509625954
   15.795795796    0.411519602    0.411607586    1.385242998
   15.815815816    0.355417955    0.355476054    1.495036658
   15.835835836    0.271428285    0.271457610    1.840514757
   15.855855856    0.256104497    0.256101583    2.313977048
   15.875875876    0.329614712    0.329566389    3.074882870
   15.895895896    0.505899275    0.505787111    3.129453621
   15.915915916    0.543420848    0.543383394    2.860940721
   15.935935936    0.413010271    0.413047827    3.939868273
   15.955955956    0.357851217    0.357854839    4.205947565
   15.975975976    0.379242414    0.379243676    3.779244306
   15.995995996    0.386811229    0.386761988    4.857817239
   16.016016016    0.507797920    0.507675067    4.206676902
   16.036036036    0.545982810    0.545895274    2.623073810
   16.056056056    0.443115368    0.443023973    2.244421650
   16.076076076    0.433194844    0.433092300    2.063030349
   16.096096096    0.472553366    0.472318243    1.854582980
   16.116116116    0.465419440    0.465100789    2.155789009
   16.136136136    0.406887840    0.406476973    1.713068168
   16.156156156    0.493968905    0.493173871    1.334395547
   16.176176176    0.684458453    0.682862710    1.540630128
   16.196196196    0.905192073    0.903654757    2.066961021
   16.216216216    0.850264484    0.851592911    2.263515383
   16.236236236    0.666923029    0.667102094    2.203412885
   16.256256256    0.566820294    0.567500648    2.095883712
   16.276276276    0.593741010    0.594820786    2.120150748
   16.296296296    0.873436610    0.875658012    2.034222396
   16.316316316    1.497472951    1.501134749    2.312386317
   16.336336336    1.763817460    1.764988938    2.390142083
   16.356356356    1.192127926    1.192057523    2.650005474
   16.376376376    0.846118061    0.846128502    2.203680147
   16.396396396    0.572593518    0.572688003    2.197424729
   16.416416416    0.462924890    0.463086661    2.802236249
   16.436436436    0.439031525    0.439269205    2.608961425
   16.456456456    0.499750815    0.500152732    2.672274540
   16.476476476    0.677843228    0.678613349    2.178133292
   16.496496496    1.019888845    1.021192164    2.174492875
   16.516516517    1.541951392    1.544131937    3.102124380
   16.536536537    1.639815352    1.643330972    4.275142301
   16.556556557    2.024803810    2.031499958    3.335358698
   16.576576577    3.137779424    3.134998713    2.859670185
   16.596596597    3.575019751    3.549074829    2.426803717
   16.616616617    2.646646077    2.647531218    1.657654752
   16.636636637    1.701792470    1.704369353    1.467909379
   16.656656657    1.335474272    1.336752921    1.661312778
   16.676676677    1.107048233    1.107672407    2.095448409
   16.696696697    0.871718506    0.871977677    2.267830636
   16.716716717    0.683435897    0.683448428    2.966934090
   16.736736737    0.628233678    0.628081054    4.187848336
   16.756756757    0.614760520    0.614467381    5.445185950
   16.776776777    0.703995997    0.703433305    4.299325015
   16.796796797    0.998361264    0.997313782    2.479566397
   16.816816817    1.784516106    1.782385684    1.336416517
   16.836836837    3.221031403    3.215707611    0.849966482
   16.856856857    2.868352552    2.863109433    0.655687030
   16.876876877    1.960426999    1.958500115    0.572846179
   16.896896897    1.486387481    1.489208978    0.472395871
   16.916916917    1.539404970    1.546108835    0.439527924
   16.936936937    1.956092490    1.963314830    0.470702577
   16.956956957    2.890223596    2.897395534    0.517626343
   16.976976977    2.637988951    2.639540957    0.495315407
   16.996996997    2.055465154    2.055881365    0.520688720
   17.017017017    1.770256971    1.770232470    0.435374124
   17.037037037    1.774258322    1.774469156    0.421585810
   17.057057057    2.665095976    2.665328570    0.476977120
   17.077077077    3.439774168    3.439747014    0.660173911
   17.097097097    2.100174607    2.101349405    0.614086298
   17.117117117    1.278077945    1.278707611    0.588672452
   17.137137137    1.045484716    1.045882893    0.717828090
   17.157157157    1.113228920    1.113619112    0.861633485
   17.177177177    1.294206502    1.294737912    0.798988717
   17.197197197    1.173064947    1.173684434    0.603260872
   17.217217217    1.266273693    1.266965940    0.471369318
   17.237237237    1.134191253    1.134625303    0.398350211
   17.257257257    0.855234792    0.855495832    0.341499565
   17.277277277    0.811501139    0.811680861    0.396773169
   17.297297297    0.852958131    0.852972888    0.450083293
   17.317317317    1.077856453    1.077603106    0.332929180
   17.337337337    1.224590158    1.224390433    0.272823768
   17.357357357    1.286418010    1.286385605    0.296164821
   17.377377377    1.299328355    1.300451151    0.285398300
   17.397397397    1.326284861    1.330151241    0.305849698
   17.417417417    1.665122011    1.673023334    0.410166193
   17.437437437    2.782484480    2.794494765    0.593973630
   17.457457457    4.581266325    4.589594306    0.517688323
   17.477477477    4.102703032    4.099429420    0.301994133
   17.497497497    2.721513862    2.717101727    0.226808217
   17.517517518    1.944671564    1.941538914    0.246255754
   17.537537538    1.491536845    1.488734144    0.327430507
   17.557557558    0.982849199    0.981399146    0.337594868
   17.577577578    0.782680633    0.781928213    0.278784471
   17.597597598    0.788771463    0.788409470    0.254687608
   17.617617618    0.868856273    0.868626140    0.219642636
   17.637637638    1.039366464    1.038603370    0.216175115
   17.657657658    1.207263784    1.206433981    0.209085200
   17.677677678    1.720128960    1.719917479    0.171540487
   17.697697698    3.044074254    3.044392070    0.160288523
   17.717717718    3.900983509    3.904032647    0.211771887
   17.737737738    2.396827820    2.397215938    0.300973391
   17.757757758    1.305495475    1.305109072    0.242308995
   17.777777778    0.839125359    0.838995561    0.180991203
   17.797797798    0.678869592    0.679093605    0.172851132
   17.817817818    0.663905479    0.664506451    0.182345894
   17.837837838    0.697139086    0.697435249    0.195112139
   17.857857858    0.880366419    0.880652637    0.258145332
   17.877877878    0.923435331    0.923545888    0.286416595
   17.897897898    0.890308257    0.890408510    0.297902866
   17.917917918    1.201132950    1.201299085    0.352984323
   17.937937938    1.604985754    1.604956269    0.428617287
   17.957957958    1.544313842    1.544223023    0.280584313
   17.977977978    1.498807505    1.498765449    0.186750787
   17.997997998    2.163073750    2.162989280    0.160325806
   18.018018018    2.855745270    2.856159415    0.178496105
   18.038038038    2.243502756    2.244038057    0.244612875
   18.058058058    1.760937822    1.761418716    0.332866214
   18.078078078    1.554960631    1.555200898    0.437596616
   18.098098098    1.432390784    1.432469118    0.638531228
   18.118118118    1.753089733    1.753089351    0.477138562
   18.138138138    2.266365191    2.266192816    0.301135161
   18.158158158    3.346625232    3.346255001    0.247726547
   18.178178178    5.319221149    5.319457630    0.277491903
   18.198198198    4.862955711    4.865116765    0.390913701
   18.218218218    2.964455927    2.966181724    0.465718728
   18.238238238    1.767232363    1.768170193    0.644157324
   18.258258258    1.295444256    1.296147918    0.884643539
   18.278278278    1.229028885    1.229712669    0.839128948
   18.298298298    1.130953038    1.131397951    0.747608947
   18.318318318    0.998027484    0.998276640    0.598077314
   18.338338338    1.176111562    1.176162905    0.542213111
   18.358358358    1.682517619    1.682539458    0.582320365
   18.378378378    2.068772207    2.069035136    0.790122523
   18.398398398    2.115556548    2.115534780    1.372992020
   18.418418418    2.166879489    2.166026244    1.811848665
   18.438438438    1.732505234    1.730973097    1.729856382
   18.458458458    1.521001075    1.519882592    2.017919440
   18.478478478    1.383432236    1.388321634    1.344843051
   18.498498498    1.742010885    1.752824154    0.795870565
   18.518518519    2.046816672    2.064733183    0.627895024
   18.538538539    2.174549910    2.188690003    0.745845004
   18.558558559    2.272854956    2.277116116    1.064033016
   18.578578579    2.704785956    2.703194180    0.849981156
   18.598598599    2.523470053    2.518224193    0.499894671
   18.618618619    2.046505929    2.041525186    0.340589838
   18.638638639    1.480683872    1.478027269    0.308359800
   18.658658659    1.322015676    1.320419252    0.345495350
   18.678678679    1.134384653    1.133395594    0.357233427
   18.698698699    1.093786058    1.093375712    0.438033105
   18.718718719    1.101787329    1.101633831    0.525027710
   18.738738739    1.051971801    1.051933107    0.551758667
   18.758758759    1.072380915    1.072408322    0.644027116
   18.778778779    1.293106930    1.293332322    0.720596017
   18.798798799    1.863771271    1.864457936    0.695721619
   18.818818819    2.856513448    2.857524644    0.467461110
   18.838838839    4.000238746    4.000203917    0.288953649
   18.858858859    3.862316701    3.861644034    0.193883692
   18.878878879    4.075743905    4.074862272    0.157894430
   18.898898899    4.410117570    4.409966235    0.158262345
   18.918918919    4.573096523    4.571873023    0.161383851
   18.938938939    3.390572681    3.390845649    0.196172276
   18.958958959    2.432608752    2.433767482    0.258590543
   18.978978979    2.065208266    2.066741673    0.239351180
   18.998998999    1.985136615    1.987356601    0.236714142
   19.019019019    1.972211360    1.975254442    0.238252984
   19.039039039    2.094733714    2.096820873    0.242979410
   19.059059059    2.246854742    2.246820808    0.207866825
   19.079079079    2.809728829    2.809417678    0.157230796
   19.099099099    4.244297245    4.243073065    0.110047050
   19.119119119    3.315598956    3.313330833    0.089311382
   19.139139139    1.898551165    1.897408048    0.088929213
   19.159159159    1.516394021    1.515730139    0.106060776
   19.179179179    1.658475632    1.656996626    0.148701746
   19.199199199    1.627569965    1.625146442    0.223264023
   19.219219219    1.846941699    1.847154559    0.277241093
   19.239239239    1.931632378    1.932217532    0.238312787
   19.259259259    1.955478074    1.955849129    0.164493280
   19.279279279    2.653129781    2.651968323    0.151449726
   19.299299299    4.148703359    4.146288152    0.154571822
   19.319319319    5.773233581    5.770547274    0.197471237
   19.339339339    4.385739945    4.382975261    0.301021966
   19.359359359    2.641209636    2.639135284    0.275508290
   19.379379379    1.660789478    1.659502492    0.217813258
   19.399399399    1.418866515    1.418056397    0.247731314
   19.419419419    1.562598481    1.562079526    0.394179991
   19.439439439    1.369683501    1.369376133    0.749589267
   19.459459459    1.034979811    1.034777218    1.019964709
   19.479479479    0.721646455    0.721523891    0.672409972
   19.499499499    0.574944492    0.574920884    0.383372632
   19.519519520    0.524199945    0.524211782    0.294973113
   19.539539540    0.537454220    0.537484383    0.302408414
   19.559559560    0.679216987    0.679151667    0.320901388
   19.579579580    1.044499931    1.044111447    0.407454352
   19.599599600    1.346615242    1.345824407    0.344442230
   19.619619620    1.200240588    1.199677831    0.273238127
   19.639639640    0.897560137    0.897532189    0.201338108
   19.659659660    0.733392763    0.733794121    0.193297772
   19.679679680    0.782070301    0.782774641    0.209093634
   19.699699700    1.000966417    1.001716816    0.224232826
   19.719719720    1.173869261    1.175255321    0.241167041
   19.739739740    1.370045743    1.371363969    0.194631753
   19.759759760    1.377603471    1.378846693    0.163321237
   19.779779780    1.553437088    1.554670026    0.180656018
   19.799799800    2.176920151    2.179227360    0.271991748
   19.819819820    2.371340839    2.376693227    0.382566037
   19.839839840    1.490665642    1.494721118    0.291535733
   19.859859860    0.994387447    0.996396892    0.214284808
   19.879879880    0.951348545    0.952942139    0.219625904
   19.899899900    0.969503358    0.970860652    0.233471650
   19.919919920    1.009849972    1.011843000    0.259487894
   19.939939940    0.996736648    0.998644243    0.259610545
   19.959959960    1.112627696    1.114446411    0.317568154
   19.979979980    1.350836392    1.353015073    0.505471554
   20.000000000    1.765553376    1.768689377    0.984471478
