# energy grid [eV]     epsi_x  epsi_y  epsi_z
#
    0.000000000    0.000000000    0.000000000    0.000000000
    0.020020020    0.000025552    0.000025552    0.000005946
    0.040040040    0.000051107    0.000051107    0.000011893
    0.060060060    0.000076670    0.000076670    0.000017840
    0.080080080    0.000102244    0.000102243    0.000023789
    0.100100100    0.000127832    0.000127831    0.000029740
    0.120120120    0.000153439    0.000153438    0.000035692
    0.140140140    0.000179068    0.000179066    0.000041647
    0.160160160    0.000204722    0.000204720    0.000047605
    0.180180180    0.000230406    0.000230404    0.000053567
    0.200200200    0.000256122    0.000256120    0.000059532
    0.220220220    0.000281876    0.000281873    0.000065501
    0.240240240    0.000307670    0.000307667    0.000071475
    0.260260260    0.000333508    0.000333505    0.000077454
    0.280280280    0.000359394    0.000359391    0.000083439
    0.300300300    0.000385332    0.000385329    0.000089429
    0.320320320    0.000411326    0.000411322    0.000095426
    0.340340340    0.000437379    0.000437375    0.000101430
    0.360360360    0.000463495    0.000463491    0.000107441
    0.380380380    0.000489679    0.000489674    0.000113460
    0.400400400    0.000515933    0.000515929    0.000119486
    0.420420420    0.000542263    0.000542258    0.000125522
    0.440440440    0.000568672    0.000568666    0.000131566
    0.460460460    0.000595163    0.000595158    0.000137620
    0.480480480    0.000621742    0.000621736    0.000143683
    0.500500501    0.000648411    0.000648406    0.000149757
    0.520520521    0.000675176    0.000675170    0.000155842
    0.540540541    0.000702041    0.000702034    0.000161938
    0.560560561    0.000729008    0.000729002    0.000168046
    0.580580581    0.000756084    0.000756077    0.000174166
    0.600600601    0.000783272    0.000783265    0.000180298
    0.620620621    0.000810576    0.000810568    0.000186444
    0.640640641    0.000838000    0.000837993    0.000192604
    0.660660661    0.000865550    0.000865543    0.000198777
    0.680680681    0.000893230    0.000893222    0.000204965
    0.700700701    0.000921044    0.000921036    0.000211168
    0.720720721    0.000948997    0.000948988    0.000217387
    0.740740741    0.000977093    0.000977084    0.000223622
    0.760760761    0.001005337    0.001005328    0.000229874
    0.780780781    0.001033734    0.001033725    0.000236142
    0.800800801    0.001062290    0.001062280    0.000242428
    0.820820821    0.001091007    0.001090998    0.000248733
    0.840840841    0.001119893    0.001119883    0.000255056
    0.860860861    0.001148951    0.001148941    0.000261398
    0.880880881    0.001178188    0.001178177    0.000267760
    0.900900901    0.001207607    0.001207596    0.000274142
    0.920920921    0.001237215    0.001237204    0.000280545
    0.940940941    0.001267017    0.001267006    0.000286969
    0.960960961    0.001297019    0.001297007    0.000293416
    0.980980981    0.001327225    0.001327213    0.000299884
    1.001001001    0.001357642    0.001357629    0.000306376
    1.021021021    0.001388275    0.001388262    0.000312892
    1.041041041    0.001419130    0.001419118    0.000319432
    1.061061061    0.001450214    0.001450201    0.000325997
    1.081081081    0.001481532    0.001481519    0.000332588
    1.101101101    0.001513091    0.001513077    0.000339204
    1.121121121    0.001544896    0.001544882    0.000345848
    1.141141141    0.001576955    0.001576941    0.000352518
    1.161161161    0.001609274    0.001609259    0.000359217
    1.181181181    0.001641859    0.001641844    0.000365945
    1.201201201    0.001674718    0.001674702    0.000372702
    1.221221221    0.001707856    0.001707841    0.000379489
    1.241241241    0.001741283    0.001741267    0.000386307
    1.261261261    0.001775004    0.001774987    0.000393156
    1.281281281    0.001809027    0.001809010    0.000400038
    1.301301301    0.001843359    0.001843342    0.000406953
    1.321321321    0.001878009    0.001877992    0.000413901
    1.341341341    0.001912984    0.001912967    0.000420883
    1.361361361    0.001948293    0.001948275    0.000427901
    1.381381381    0.001983943    0.001983925    0.000434955
    1.401401401    0.002019943    0.002019924    0.000442045
    1.421421421    0.002056301    0.002056282    0.000449173
    1.441441441    0.002093027    0.002093008    0.000456340
    1.461461461    0.002130129    0.002130109    0.000463546
    1.481481481    0.002167616    0.002167596    0.000470792
    1.501501502    0.002205499    0.002205479    0.000478078
    1.521521522    0.002243786    0.002243765    0.000485407
    1.541541542    0.002282488    0.002282467    0.000492778
    1.561561562    0.002321614    0.002321593    0.000500193
    1.581581582    0.002361175    0.002361154    0.000507653
    1.601601602    0.002401182    0.002401160    0.000515159
    1.621621622    0.002441646    0.002441623    0.000522710
    1.641641642    0.002482577    0.002482554    0.000530310
    1.661661662    0.002523987    0.002523964    0.000537958
    1.681681682    0.002565889    0.002565865    0.000545656
    1.701701702    0.002608293    0.002608269    0.000553404
    1.721721722    0.002651212    0.002651188    0.000561205
    1.741741742    0.002694660    0.002694635    0.000569058
    1.761761762    0.002738649    0.002738623    0.000576965
    1.781781782    0.002783192    0.002783166    0.000584928
    1.801801802    0.002828303    0.002828277    0.000592947
    1.821821822    0.002873996    0.002873970    0.000601024
    1.841841842    0.002920286    0.002920259    0.000609159
    1.861861862    0.002967188    0.002967161    0.000617355
    1.881881882    0.003014717    0.003014689    0.000625612
    1.901901902    0.003062889    0.003062861    0.000633933
    1.921921922    0.003111720    0.003111691    0.000642317
    1.941941942    0.003161226    0.003161197    0.000650767
    1.961961962    0.003211425    0.003211395    0.000659285
    1.981981982    0.003262335    0.003262304    0.000667871
    2.002002002    0.003313973    0.003313942    0.000676527
    2.022022022    0.003366359    0.003366327    0.000685254
    2.042042042    0.003419511    0.003419479    0.000694055
    2.062062062    0.003473450    0.003473417    0.000702931
    2.082082082    0.003528196    0.003528163    0.000711884
    2.102102102    0.003583769    0.003583736    0.000720915
    2.122122122    0.003640193    0.003640159    0.000730026
    2.142142142    0.003697489    0.003697455    0.000739219
    2.162162162    0.003755681    0.003755645    0.000748496
    2.182182182    0.003814791    0.003814756    0.000757859
    2.202202202    0.003874846    0.003874810    0.000767310
    2.222222222    0.003935870    0.003935833    0.000776850
    2.242242242    0.003997890    0.003997852    0.000786483
    2.262262262    0.004060932    0.004060894    0.000796209
    2.282282282    0.004125026    0.004124987    0.000806033
    2.302302302    0.004190199    0.004190160    0.000815954
    2.322322322    0.004256482    0.004256442    0.000825977
    2.342342342    0.004323906    0.004323865    0.000836104
    2.362362362    0.004392502    0.004392461    0.000846336
    2.382382382    0.004462305    0.004462263    0.000856677
    2.402402402    0.004533348    0.004533305    0.000867130
    2.422422422    0.004605667    0.004605623    0.000877697
    2.442442442    0.004679298    0.004679254    0.000888380
    2.462462462    0.004754281    0.004754236    0.000899184
    2.482482482    0.004830653    0.004830607    0.000910111
    2.502502503    0.004908457    0.004908410    0.000921164
    2.522522523    0.004987734    0.004987687    0.000932346
    2.542542543    0.005068529    0.005068481    0.000943661
    2.562562563    0.005150888    0.005150839    0.000955112
    2.582582583    0.005234858    0.005234808    0.000966704
    2.602602603    0.005320487    0.005320437    0.000978439
    2.622622623    0.005407828    0.005407777    0.000990321
    2.642642643    0.005496934    0.005496881    0.001002356
    2.662662663    0.005587859    0.005587806    0.001014545
    2.682682683    0.005680662    0.005680607    0.001026895
    2.702702703    0.005775401    0.005775346    0.001039410
    2.722722723    0.005872140    0.005872084    0.001052093
    2.742742743    0.005970943    0.005970886    0.001064951
    2.762762763    0.006071877    0.006071819    0.001077988
    2.782782783    0.006175013    0.006174954    0.001091208
    2.802802803    0.006280424    0.006280364    0.001104619
    2.822822823    0.006388187    0.006388125    0.001118225
    2.842842843    0.006498380    0.006498317    0.001132031
    2.862862863    0.006611088    0.006611023    0.001146045
    2.882882883    0.006726396    0.006726331    0.001160273
    2.902902903    0.006844397    0.006844330    0.001174721
    2.922922923    0.006965184    0.006965116    0.001189395
    2.942942943    0.007088857    0.007088787    0.001204304
    2.962962963    0.007215519    0.007215448    0.001219455
    2.982982983    0.007345279    0.007345207    0.001234855
    3.003003003    0.007478250    0.007478177    0.001250513
    3.023023023    0.007614553    0.007614478    0.001266437
    3.043043043    0.007754311    0.007754235    0.001282636
    3.063063063    0.007897655    0.007897577    0.001299120
    3.083083083    0.008044723    0.008044644    0.001315898
    3.103103103    0.008195660    0.008195579    0.001332981
    3.123123123    0.008350616    0.008350533    0.001350378
    3.143143143    0.008509752    0.008509667    0.001368103
    3.163163163    0.008673234    0.008673148    0.001386165
    3.183183183    0.008841240    0.008841152    0.001404579
    3.203203203    0.009013955    0.009013865    0.001423355
    3.223223223    0.009191576    0.009191484    0.001442510
    3.243243243    0.009374309    0.009374215    0.001462056
    3.263263263    0.009562372    0.009562276    0.001482009
    3.283283283    0.009755996    0.009755897    0.001502385
    3.303303303    0.009955424    0.009955323    0.001523200
    3.323323323    0.010160915    0.010160812    0.001544473
    3.343343343    0.010372741    0.010372636    0.001566222
    3.363363363    0.010591191    0.010591084    0.001588467
    3.383383383    0.010816573    0.010816463    0.001611229
    3.403403403    0.011049212    0.011049100    0.001634530
    3.423423423    0.011289454    0.011289339    0.001658393
    3.443443443    0.011537667    0.011537549    0.001682843
    3.463463463    0.011794243    0.011794121    0.001707908
    3.483483483    0.012059598    0.012059474    0.001733614
    3.503503504    0.012334178    0.012334051    0.001759991
    3.523523524    0.012618459    0.012618328    0.001787072
    3.543543544    0.012912949    0.012912814    0.001814889
    3.563563564    0.013218190    0.013218052    0.001843479
    3.583583584    0.013534766    0.013534625    0.001872881
    3.603603604    0.013863303    0.013863158    0.001903135
    3.623623624    0.014204470    0.014204321    0.001934285
    3.643643644    0.014558992    0.014558838    0.001966379
    3.663663664    0.014927644    0.014927487    0.001999466
    3.683683684    0.015311267    0.015311105    0.002033600
    3.703703704    0.015710767    0.015710600    0.002068841
    3.723723724    0.016127123    0.016126952    0.002105251
    3.743743744    0.016561400    0.016561223    0.002142896
    3.763763764    0.017014751    0.017014568    0.002181850
    3.783783784    0.017488429    0.017488241    0.002222193
    3.803803804    0.017983803    0.017983609    0.002264008
    3.823823824    0.018502364    0.018502164    0.002307389
    3.843843844    0.019045745    0.019045538    0.002352436
    3.863863864    0.019615735    0.019615522    0.002399259
    3.883883884    0.020214300    0.020214080    0.002447977
    3.903903904    0.020843607    0.020843379    0.002498720
    3.923923924    0.021506045    0.021505809    0.002551631
    3.943943944    0.022204261    0.022204017    0.002606867
    3.963963964    0.022941195    0.022940942    0.002664599
    3.983983984    0.023720117    0.023719854    0.002725016
    4.004004004    0.024544681    0.024544409    0.002788329
    4.024024024    0.025418983    0.025418700    0.002854769
    4.044044044    0.026347627    0.026347332    0.002924592
    4.064064064    0.027335810    0.027335504    0.002998084
    4.084084084    0.028389424    0.028389105    0.003075566
    4.104104104    0.029515173    0.029514841    0.003157393
    4.124124124    0.030720724    0.030720377    0.003243968
    4.144144144    0.032014886    0.032014523    0.003335743
    4.164164164    0.033407833    0.033407454    0.003433230
    4.184184184    0.034911387    0.034910989    0.003537007
    4.204204204    0.036539364    0.036538947    0.003647738
    4.224224224    0.038308023    0.038307584    0.003766178
    4.244244244    0.040236634    0.040236173    0.003893198
    4.264264264    0.042348220    0.042347733    0.004029803
    4.284284284    0.044670520    0.044670006    0.004177160
    4.304304304    0.047237281    0.047236736    0.004336632
    4.324324324    0.050089982    0.050089403    0.004509818
    4.344344344    0.053280204    0.053279586    0.004698608
    4.364364364    0.056872906    0.056872245    0.004905253
    4.384384384    0.060951082    0.060950371    0.005132449
    4.404404404    0.065622469    0.065621701    0.005383455
    4.424424424    0.071029475    0.071028640    0.005662245
    4.444444444    0.077364235    0.077363318    0.005973707
    4.464464464    0.084892102    0.084891087    0.006323925
    4.484484484    0.093989584    0.093988443    0.006720550
    4.504504505    0.105207905    0.105206601    0.007173338
    4.524524525    0.119384385    0.119382860    0.007694905
    4.544544545    0.137847875    0.137846033    0.008301827
    4.564564565    0.162821693    0.162819370    0.009016291
    4.584584585    0.198274218    0.198271108    0.009868613
    4.604604605    0.251882164    0.251877646    0.010901220
    4.624624625    0.340080579    0.340073242    0.012175158
    4.644644645    0.502797991    0.502784172    0.013781167
    4.664664665    0.851316569    0.851285519    0.015859452
    4.684684685    1.686026392    1.685953244    0.018637014
    4.704704705    2.757112649    2.757081784    0.022503033
    4.724724725    2.144676858    2.144770788    0.028174130
    4.744744745    1.701257155    1.701289154    0.037094792
    4.764764765    1.141685182    1.141654589    0.052531574
    4.784784785    0.892817725    0.892834563    0.082971654
    4.804804805    1.039340423    1.039424111    0.152806885
    4.824824825    1.605010938    1.605158548    0.297497647
    4.844844845    1.649957650    1.649928686    0.312796817
    4.864864865    1.341106235    1.341109191    0.240321335
    4.884884885    1.680932684    1.681001036    0.309557732
    4.904904905    1.827940335    1.827869490    0.329727069
    4.924924925    1.318766108    1.318664017    0.192943395
    4.944944945    1.244912415    1.244789479    0.135851451
    4.964964965    1.630028418    1.629800498    0.141897247
    4.984984985    2.767808801    2.767287292    0.215721199
    5.005005005    5.231011630    5.230238343    0.381489933
    5.025025025    7.141963753    7.141747637    0.441696280
    5.045045045    6.249661910    6.250188740    0.353420127
    5.065065065    3.573962407    3.574380624    0.183814483
    5.085085085    2.011237829    2.011393840    0.101861849
    5.105105105    1.451778091    1.451811251    0.066636496
    5.125125125    1.412494056    1.412436682    0.049681361
    5.145145145    1.928524149    1.928310290    0.041229871
    5.165165165    3.372217771    3.371834831    0.038021370
    5.185185185    3.570919024    3.571211427    0.035426611
    5.205205205    1.955384460    1.955617428    0.031920294
    5.225225225    1.210278294    1.210359738    0.030948168
    5.245245245    1.003320351    1.003331937    0.032244810
    5.265265265    1.141394768    1.141360831    0.036423768
    5.285285285    1.467552148    1.467718201    0.041421809
    5.305305305    1.415888199    1.415960729    0.041787788
    5.325325325    1.020021134    1.019951872    0.045113536
    5.345345345    0.837648423    0.837597436    0.052540523
    5.365365365    0.841784256    0.841728954    0.064810749
    5.385385385    0.969638904    0.969560139    0.084842971
    5.405405405    1.245900918    1.245773420    0.119630048
    5.425425425    1.794289884    1.794059345    0.186887005
    5.445445445    2.974080492    2.973603554    0.336084814
    5.465465465    5.574556606    5.573445597    0.656088094
    5.485485485    9.389365124    9.387369083    0.940799843
    5.505505506   12.247721275   12.247008987    1.022672509
    5.525525526    9.696815841    9.698891723    0.752587187
    5.545545546    5.122255547    5.123420559    0.403834173
    5.565565566    3.334083030    3.334366643    0.270583166
    5.585585586    3.210114910    3.209795361    0.264269127
    5.605605606    4.504543616    4.503747384    0.373597685
    5.625625626    5.413140512    5.413614224    0.511913442
    5.645645646    5.493561460    5.493537887    0.597502736
    5.665665666    4.641614735    4.641937175    0.406244328
    5.685685686    3.498625575    3.498841549    0.228241777
    5.705705706    2.416176869    2.416501114    0.144010680
    5.725725726    1.642447852    1.642559307    0.104230756
    5.745745746    1.405648616    1.405616831    0.089783942
    5.765765766    1.503033713    1.502862082    0.092093695
    5.785785786    1.995740262    1.995302153    0.115280546
    5.805805806    3.329589343    3.328501604    0.182648379
    5.825825826    6.158963089    6.157360930    0.326877536
    5.845845846    7.833303767    7.833895950    0.411669412
    5.865865866    4.942353555    4.943742072    0.258226542
    5.885885886    3.254466638    3.254807720    0.163309031
    5.905905906    3.394928126    3.394496384    0.156286539
    5.925925926    5.495562060    5.494031164    0.232606189
    5.945945946    8.429833941    8.429580347    0.361849221
    5.965965966    5.690731111    5.692477187    0.249356378
    5.985985986    2.840900323    2.841683017    0.127914412
    6.006006006    1.647927376    1.648251916    0.077332918
    6.026026026    1.132987920    1.133140585    0.055023215
    6.046046046    0.896216623    0.896293366    0.044030169
    6.066066066    0.810431535    0.810466746    0.038531534
    6.086086086    0.857921981    0.857922704    0.036476441
    6.106106106    1.084626903    1.084523816    0.037611053
    6.126126126    1.655931259    1.655662131    0.043384709
    6.146146146    2.298685757    2.298710736    0.051964819
    6.166166166    1.703150630    1.703373791    0.055534652
    6.186186186    1.379266709    1.379190136    0.069341704
    6.206206206    1.562710427    1.562411723    0.107024908
    6.226226226    2.530803436    2.530131019    0.201012570
    6.246246246    3.810006097    3.810001482    0.316224675
    6.266266266    3.019084496    3.019529054    0.247047931
    6.286286286    3.096600517    3.096294547    0.248708215
    6.306306306    4.043641827    4.043713799    0.320639591
    6.326326326    2.886196545    2.886763530    0.204974366
    6.346346346    2.233497110    2.233648351    0.110810068
    6.366366366    1.757959146    1.758220554    0.073511302
    6.386386386    1.139272471    1.139409529    0.059369491
    6.406406406    0.922184928    0.922224827    0.056697418
    6.426426426    0.979867065    0.979849547    0.063646908
    6.446446446    1.350022148    1.349897869    0.085582916
    6.466466466    2.136083782    2.135470977    0.142224116
    6.486486486    3.584084312    3.583287805    0.258096005
    6.506506507    3.694797861    3.695374691    0.286849227
    6.526526527    2.603939733    2.604356082    0.257161881
    6.546546547    2.466430043    2.466570645    0.306390202
    6.566566567    1.994379825    1.994470851    0.212435123
    6.586586587    1.705769632    1.705929740    0.132049594
    6.606606607    1.132511358    1.132748947    0.090598199
    6.626626627    0.858968458    0.859093137    0.080457353
    6.646646647    0.709489255    0.709509950    0.103344328
    6.666666667    0.656783081    0.656807785    0.149469255
    6.686686687    0.520527156    0.520498559    0.111881878
    6.706706707    0.400833144    0.400802105    0.070981368
    6.726726727    0.368985718    0.368965061    0.059622392
    6.746746747    0.414846453    0.414818945    0.066547035
    6.766766767    0.584505892    0.584446551    0.097934767
    6.786786787    1.038542011    1.038410702    0.183645879
    6.806806807    1.499594917    1.499586000    0.267322283
    6.826826827    1.049625269    1.049655341    0.163856314
    6.846846847    0.900857731    0.900758358    0.096771206
    6.866866867    0.890397526    0.890466923    0.071603859
    6.886886887    0.545671029    0.545771608    0.048617055
    6.906906907    0.358447320    0.358492805    0.036905529
    6.926926927    0.297077902    0.297108234    0.032468761
    6.946946947    0.305341035    0.305365918    0.032365410
    6.966966967    0.328391959    0.328392138    0.036805807
    6.986986987    0.387868512    0.387922066    0.049654615
    7.007007007    0.517334555    0.517359384    0.083452133
    7.027027027    0.546299000    0.546266872    0.142947349
    7.047047047    0.444330509    0.444266052    0.115390146
    7.067067067    0.363664337    0.363622965    0.069041999
    7.087087087    0.387272920    0.387235225    0.056037244
    7.107107107    0.512357444    0.512300272    0.061739384
    7.127127127    0.805599918    0.805433993    0.079292395
    7.147147147    1.448241015    1.447826874    0.132864852
    7.167167167    2.341800295    2.341641674    0.211418884
    7.187187187    2.071264011    2.071544208    0.156437419
    7.207207207    1.880748214    1.880941630    0.095631831
    7.227227227    1.373351604    1.373560624    0.065531967
    7.247247247    0.938135833    0.938146607    0.055655142
    7.267267267    0.880070609    0.879994902    0.063875487
    7.287287287    1.237030763    1.236797075    0.099664239
    7.307307307    2.238934338    2.238498885    0.185484945
    7.327327327    2.806410000    2.806487409    0.195121680
    7.347347347    2.137245379    2.137595150    0.107111207
    7.367367367    1.134111203    1.134361757    0.058283579
    7.387387387    0.626610333    0.626719376    0.037645905
    7.407407407    0.414376470    0.414434013    0.027948875
    7.427427427    0.330401814    0.330447588    0.022833384
    7.447447447    0.319107759    0.319141195    0.020035466
    7.467467467    0.281181285    0.281180134    0.018467137
    7.487487487    0.245367640    0.245371156    0.017142419
    7.507507508    0.202456673    0.202451373    0.016382635
    7.527527528    0.181557831    0.181567391    0.016324573
    7.547547548    0.199505934    0.199533106    0.017210341
    7.567567568    0.280248427    0.280306883    0.020048521
    7.587587588    0.424017525    0.424086306    0.025766830
    7.607607608    0.354206773    0.354303703    0.024460251
    7.627627628    0.223168563    0.223217630    0.020233518
    7.647647648    0.175301054    0.175322654    0.019300059
    7.667667668    0.171011760    0.171023088    0.020322611
    7.687687688    0.199419492    0.199427118    0.023064741
    7.707707708    0.250598020    0.250575097    0.028485155
    7.727727728    0.304011391    0.303952382    0.039623198
    7.747747748    0.463090023    0.462970359    0.065543745
    7.767767768    0.816898730    0.816693314    0.127330618
    7.787787788    1.068934886    1.068954601    0.165741941
    7.807807808    0.864272203    0.864285584    0.096426625
    7.827827828    1.045221578    1.045127507    0.058805023
    7.847847848    1.023332119    1.023440361    0.045917971
    7.867867868    0.685060130    0.685091776    0.044519101
    7.887887888    0.629322537    0.629242919    0.058351123
    7.907907908    0.628567695    0.628628644    0.072611629
    7.927927928    0.412370691    0.412450529    0.053810400
    7.947947948    0.293181264    0.293220195    0.037160244
    7.967967968    0.282980998    0.283030690    0.031354685
    7.987987988    0.382800094    0.382886108    0.030657782
    8.008008008    0.447981132    0.447942633    0.033003060
    8.028028028    0.321882266    0.321821649    0.038447091
    8.048048048    0.280252996    0.280217509    0.049258021
    8.068068068    0.337367184    0.337327204    0.071384888
    8.088088088    0.539122495    0.539040673    0.121983791
    8.108108108    1.050068207    1.049906764    0.240499988
    8.128128128    1.492162877    1.492201374    0.353516333
    8.148148148    1.066696577    1.066858953    0.302358525
    8.168168168    0.552804051    0.552873072    0.164686821
    8.188188188    0.309156778    0.309185995    0.089722927
    8.208208208    0.205005320    0.205019957    0.058534811
    8.228228228    0.155917085    0.155925785    0.044195587
    8.248248248    0.132616733    0.132623137    0.037260574
    8.268268268    0.125369634    0.125376138    0.034587808
    8.288288288    0.133680003    0.133689989    0.035916651
    8.308308308    0.167600949    0.167622895    0.043662257
    8.328328328    0.258136033    0.258186537    0.052189655
    8.348348348    0.386265220    0.386261312    0.047319899
    8.368368368    0.358513583    0.358427124    0.050448823
    8.388388388    0.424155670    0.424059260    0.073461309
    8.408408408    0.581243215    0.581230040    0.104770106
    8.428428428    0.412029851    0.412106643    0.074494836
    8.448448448    0.298493774    0.298545523    0.048514947
    8.468468468    0.274808669    0.274803685    0.039136906
    8.488488488    0.235103728    0.235065400    0.036953815
    8.508508509    0.261224005    0.261183266    0.039811103
    8.528528529    0.409680313    0.409602160    0.049947788
    8.548548549    0.730859297    0.730759575    0.071427467
    8.568568569    0.810554043    0.810606570    0.084255236
    8.588588589    0.496318208    0.496403291    0.078059693
    8.608608609    0.316610596    0.316648778    0.092603548
    8.628628629    0.316072207    0.316094944    0.155412642
    8.648648649    0.382069977    0.382079399    0.234067282
    8.668668669    0.270856400    0.270873601    0.152384075
    8.688688689    0.203048350    0.203105187    0.084328996
    8.708708709    0.202703719    0.202740585    0.057198192
    8.728728729    0.177689378    0.177728538    0.045659211
    8.748748749    0.157436800    0.157488582    0.040347695
    8.768768769    0.127891688    0.127911615    0.038002242
    8.788788789    0.130690411    0.130704255    0.037376652
    8.808808809    0.137859539    0.137846934    0.038019874
    8.828828829    0.120095097    0.120073625    0.039924756
    8.848848849    0.122793574    0.122767367    0.043549355
    8.868868869    0.149630032    0.149586775    0.050250806
    8.888888889    0.213281190    0.213196027    0.062974758
    8.908908909    0.347935108    0.347770049    0.086219616
    8.928928929    0.588629100    0.588410885    0.137137482
    8.948948949    0.987255505    0.987072891    0.179397673
    8.968968969    1.141942647    1.141854183    0.183492485
    8.988988989    0.932644123    0.932533424    0.175692205
    9.009009009    0.491265865    0.491212321    0.111469527
    9.029029029    0.274661937    0.274634708    0.078341206
    9.049049049    0.186419520    0.186407942    0.065337412
    9.069069069    0.152374020    0.152374742    0.060489241
    9.089089089    0.152503918    0.152522196    0.059384092
    9.109109109    0.195599857    0.195651681    0.060531020
    9.129129129    0.268272426    0.268341959    0.063697196
    9.149149149    0.296826755    0.296874615    0.069647781
    9.169169169    0.225938919    0.225900059    0.076380247
    9.189189189    0.187081539    0.187059493    0.077734414
    9.209209209    0.220210323    0.220204091    0.081777310
    9.229229229    0.356184814    0.356184386    0.090264676
    9.249249249    0.612372144    0.612386301    0.102623378
    9.269269269    0.625905163    0.626012236    0.111848890
    9.289289289    0.528096277    0.528089962    0.123986243
    9.309309309    0.315002168    0.314956866    0.143393237
    9.329329329    0.205075108    0.205056320    0.175631755
    9.349349349    0.177309936    0.177301376    0.233337103
    9.369369369    0.200470894    0.200457849    0.287603403
    9.389389389    0.279855173    0.279820465    0.338070743
    9.409409409    0.477815376    0.477769650    0.472257582
    9.429429429    0.502584425    0.502655715    0.589653857
    9.449449449    0.342821001    0.342895103    0.744040011
    9.469469469    0.356186892    0.356278470    1.148977157
    9.489489489    0.504166160    0.504247065    1.795238378
    9.509509510    0.518821451    0.518801965    2.213721938
    9.529529530    0.340475360    0.340467350    1.762560944
    9.549549550    0.306197387    0.306188973    2.127021969
    9.569569570    0.361418087    0.361421390    2.886245848
    9.589589590    0.323806688    0.323827324    2.958968795
    9.609609610    0.226175796    0.226203853    2.452186803
    9.629629630    0.181122073    0.181144326    2.096272241
    9.649649650    0.200669647    0.200704860    2.062165858
    9.669669670    0.291912967    0.291977244    2.951343557
    9.689689690    0.484360128    0.484468958    3.264174781
    9.709709710    0.537939761    0.537837572    1.931217262
    9.729729730    0.305105187    0.305003436    1.339218103
    9.749749750    0.184128483    0.184083867    1.335318191
    9.769769770    0.149141440    0.149116912    1.881191575
    9.789789790    0.133021947    0.132998851    3.185296546
    9.809809810    0.137953793    0.137930819    4.342692674
    9.829829830    0.201384999    0.201348056    4.282076177
    9.849849850    0.283560901    0.283560684    2.672780195
    9.869869870    0.194179322    0.194210246    2.051849319
    9.889889890    0.126811567    0.126827340    2.245154824
    9.909909910    0.117175290    0.117190367    1.687308548
    9.929929930    0.157053935    0.157078490    1.202005584
    9.949949950    0.215304547    0.215298242    1.180302152
    9.969969970    0.162650696    0.162645576    1.560247908
    9.989989990    0.105771658    0.105771957    2.692320681
   10.010010010    0.090238232    0.090240872    4.197818959
   10.030030030    0.101712152    0.101719611    4.085465708
   10.050050050    0.134528324    0.134537864    2.538506323
   10.070070070    0.167591610    0.167585181    1.490891666
   10.090090090    0.181447317    0.181424193    1.172316447
   10.110110110    0.251355551    0.251335702    1.234895627
   10.130130130    0.282313253    0.282297725    1.633493684
   10.150150150    0.286891219    0.286882955    2.305658587
   10.170170170    0.207984119    0.207989283    1.823679901
   10.190190190    0.166978118    0.166978972    1.164965578
   10.210210210    0.189885527    0.189887980    0.981516608
   10.230230230    0.223787232    0.223802750    1.012038859
   10.250250250    0.196156838    0.196153007    1.277228714
   10.270270270    0.133485401    0.133468551    1.992823295
   10.290290290    0.104749186    0.104743279    3.709007941
   10.310310310    0.107992400    0.107992716    6.754782114
   10.330330330    0.138240236    0.138244966    6.419066432
   10.350350350    0.182011922    0.182002656    4.265072642
   10.370370370    0.225763497    0.225777535    3.298393465
   10.390390390    0.341189213    0.341242665    2.295947384
   10.410410410    0.533982922    0.533984998    1.786966245
   10.430430430    0.493708540    0.493580100    1.658325346
   10.450450450    0.431066418    0.430958062    1.268509267
   10.470470470    0.391893037    0.391875294    1.033535462
   10.490490490    0.269747021    0.269748506    1.044513482
   10.510510511    0.232488983    0.232497130    1.238472370
   10.530530531    0.169256742    0.169270221    1.717583249
   10.550550551    0.131768553    0.131784920    2.989357735
   10.570570571    0.137501594    0.137529919    3.312192456
   10.590590591    0.147566691    0.147582140    2.085140120
   10.610610611    0.139154808    0.139178755    1.629889251
   10.630630631    0.168238207    0.168294468    1.746068598
   10.650650651    0.268316856    0.268446062    2.266346271
   10.670670671    0.475198586    0.475389471    4.026083752
   10.690690691    0.504682638    0.504780165    5.691627115
   10.710710711    0.482796751    0.482907872    3.934457373
   10.730730731    0.589680836    0.589721834    2.529520675
   10.750750751    0.426243957    0.426179966    1.573982012
   10.770770771    0.243804505    0.243771314    1.164931408
   10.790790791    0.172614810    0.172604030    1.117544972
   10.810810811    0.165963905    0.165961194    1.148686199
   10.830830831    0.218076897    0.218076828    0.924871070
   10.850850851    0.301880073    0.301843332    0.859178760
   10.870870871    0.268511540    0.268467311    0.975956054
   10.890890891    0.184326387    0.184319672    1.147125937
   10.910910911    0.122715206    0.122715108    1.434175448
   10.930930931    0.099529416    0.099529265    1.558189347
   10.950950951    0.094427215    0.094429588    1.414484468
   10.970970971    0.106096468    0.106105713    1.340364719
   10.990990991    0.121122523    0.121124503    1.088340918
   11.011011011    0.101673575    0.101671660    1.100079821
   11.031031031    0.098005992    0.098012070    1.543571487
   11.051051051    0.120435538    0.120454210    2.522222739
   11.071071071    0.174515588    0.174544677    3.875023632
   11.091091091    0.191125318    0.191081764    3.684829704
   11.111111111    0.190305013    0.190259259    2.390056372
   11.131131131    0.191446466    0.191436242    1.904522197
   11.151151151    0.178806899    0.178814701    2.213090921
   11.171171171    0.210337568    0.210364470    2.394097398
   11.191191191    0.339625290    0.339696428    2.852793774
   11.211211211    0.433575064    0.433555417    3.424746450
   11.231231231    0.278184807    0.278165868    3.906507664
   11.251251251    0.202893424    0.202932855    4.015021425
   11.271271271    0.185616408    0.185679859    2.644659921
   11.291291291    0.207932936    0.208042279    2.068277613
   11.311311311    0.315194352    0.315423696    1.853953116
   11.331331331    0.566029706    0.566491606    1.636323135
   11.351351351    0.615824746    0.616183679    1.135483318
   11.371371371    0.397126606    0.397273494    0.834273888
   11.391391391    0.353181334    0.353259274    0.766565180
   11.411411411    0.470500023    0.470530596    0.778600773
   11.431431431    0.439028001    0.438981682    0.827239735
   11.451451451    0.317746359    0.317686594    1.008087910
   11.471471471    0.243017960    0.242911521    1.166477816
   11.491491491    0.237578286    0.237384928    1.245585955
   11.511511512    0.308459463    0.308045423    1.278596292
   11.531531532    0.380539661    0.380176456    1.180727426
   11.551551552    0.457191857    0.457011160    0.934311170
   11.571571572    0.296847016    0.296758415    0.841261970
   11.591591592    0.187284239    0.187233818    0.949193457
   11.611611612    0.154016382    0.153982425    1.047487926
   11.631631632    0.165455737    0.165427524    0.997692906
   11.651651652    0.234161294    0.234128630    0.738003908
   11.671671672    0.371053822    0.371027041    0.658450461
   11.691691692    0.347528875    0.347536617    0.855311458
   11.711711712    0.321434956    0.321431378    1.198990517
   11.731731732    0.451427238    0.451404972    1.091622329
   11.751751752    0.450236094    0.450217248    0.986775242
   11.771771772    0.278994009    0.278985714    0.800252395
   11.791791792    0.227897798    0.227892526    0.781123203
   11.811811812    0.259894837    0.259840060    0.970062436
   11.831831832    0.287254415    0.287078526    1.377918810
   11.851851852    0.329781358    0.329525350    1.533069620
   11.871871872    0.275532099    0.275381324    2.213950128
   11.891891892    0.265912641    0.265855896    2.543395642
   11.911911912    0.338136728    0.338127994    1.815343383
   11.931931932    0.417370720    0.417393323    1.736047786
   11.951951952    0.344583005    0.344600462    2.341971276
   11.971971972    0.279060815    0.279050338    2.394053803
   11.991991992    0.244258715    0.244266554    2.366986482
   12.012012012    0.292614286    0.292647805    3.156460599
   12.032032032    0.400497422    0.400524164    3.389778404
   12.052052052    0.355860729    0.355796826    2.708511996
   12.072072072    0.233201496    0.233176168    2.466862427
   12.092092092    0.166740027    0.166733690    2.155835902
   12.112112112    0.149128345    0.149131170    1.458086702
   12.132132132    0.159248697    0.159258822    0.989319942
   12.152152152    0.194535611    0.194550512    0.870874476
   12.172172172    0.259384469    0.259409244    0.896901331
   12.192192192    0.406730836    0.406774797    0.849164208
   12.212212212    0.672127811    0.672160588    0.785138970
   12.232232232    0.875643414    0.875768594    0.543518534
   12.252252252    1.173873583    1.174073875    0.395004553
   12.272272272    1.089391187    1.089610411    0.388094576
   12.292292292    0.645384366    0.645801467    0.402856410
   12.312312312    0.401528115    0.401762551    0.289754233
   12.332332332    0.336261943    0.336389055    0.219583543
   12.352352352    0.389923198    0.389996912    0.195466424
   12.372372372    0.338720363    0.338720285    0.197695940
   12.392392392    0.251212005    0.251232757    0.228953522
   12.412412412    0.240914172    0.240963959    0.264864943
   12.432432432    0.298345155    0.298437628    0.262612988
   12.452452452    0.342448844    0.342549457    0.236424872
   12.472472472    0.294934095    0.294980613    0.231722324
   12.492492492    0.277123038    0.277147738    0.274761400
   12.512512513    0.346403788    0.346412611    0.389695570
   12.532532533    0.424054240    0.424049836    0.533800572
   12.552552553    0.558237018    0.558301793    0.704644807
   12.572572573    0.940442043    0.940612977    0.838882667
   12.592592593    1.160396471    1.160345274    0.745629796
   12.612612613    0.760960047    0.760835351    0.861846508
   12.632632633    0.560782511    0.560702740    0.919828668
   12.652652653    0.566098551    0.566087200    0.969523164
   12.672672673    0.665497548    0.665490900    0.972752663
   12.692692693    0.585315443    0.585279248    1.080650539
   12.712712713    0.620024110    0.620013484    1.510857353
   12.732732733    0.761078997    0.761066893    1.388448349
   12.752752753    0.659434605    0.659445077    1.149479454
   12.772772773    0.561044454    0.561000419    0.990423117
   12.792792793    0.464533503    0.464377316    1.101839844
   12.812812813    0.396502912    0.396424417    1.403439194
   12.832832833    0.431476752    0.431433257    1.427179804
   12.852852853    0.531397892    0.531363235    1.397135091
   12.872872873    0.542011645    0.541988009    1.461601286
   12.892892893    0.539031517    0.539012969    1.646572849
   12.912912913    0.739361302    0.739331870    1.837828301
   12.932932933    1.097621968    1.097544801    2.028882134
   12.952952953    1.115468838    1.115399561    2.017210205
   12.972972973    1.410755642    1.410708085    1.382952729
   12.992992993    1.872709392    1.872687001    1.048939960
   13.013013013    1.923326877    1.923332827    1.010250435
   13.033033033    1.768769769    1.768846964    1.036848771
   13.053053053    1.591409272    1.591579520    1.038779871
   13.073073073    1.144232388    1.144141569    1.357824847
   13.093093093    1.072143332    1.072099623    1.972770272
   13.113113113    1.153205940    1.153018943    1.857278724
   13.133133133    1.251945348    1.251663624    1.873669856
   13.153153153    1.489611301    1.489565616    1.809023657
   13.173173173    1.992257744    1.992600044    2.069808928
   13.193193193    2.674593961    2.675406809    2.257182869
   13.213213213    2.867735654    2.868421774    2.581855748
   13.233233233    2.699560547    2.699783109    3.120100054
   13.253253253    3.698028399    3.698631146    2.619298441
   13.273273273    4.442759229    4.443318494    1.998486240
   13.293293293    3.261143894    3.261050477    2.294251034
   13.313313313    2.780668573    2.779587820    3.593496252
   13.333333333    2.651389788    2.649368302    3.499955550
   13.353353353    2.358490271    2.356782485    2.112411685
   13.373373373    2.193345663    2.192335383    1.652696279
   13.393393393    2.737173204    2.736320503    1.871754653
   13.413413413    3.457071871    3.455864414    2.736453288
   13.433433433    3.003467728    3.002590207    3.094187881
   13.453453453    2.997529783    2.996836831    2.887258259
   13.473473473    3.359431146    3.359676462    3.152033390
   13.493493493    3.254960705    3.255134854    4.129162408
   13.513513514    3.588548425    3.588523994    4.101023128
   13.533533534    3.691881580    3.691906808    2.955798917
   13.553553554    5.556893307    5.557084925    3.034002044
   13.573573574    7.823356889    7.822455778    3.161503360
   13.593593594    7.172416928    7.171095923    2.855961179
   13.613613614    5.064219783    5.062472888    2.822912600
   13.633633634    3.423421460    3.422387705    3.081288837
   13.653653654    2.528556587    2.528281352    3.321592367
   13.673673674    2.410700527    2.411261597    3.529939628
   13.693693694    2.968627824    2.969012680    2.752363083
   13.713713714    2.573473741    2.573671172    2.347038033
   13.733733734    2.042822885    2.043141827    2.204235160
   13.753753754    2.269465441    2.269569425    2.026187521
   13.773773774    2.708356214    2.708309765    1.697945941
   13.793793794    3.060530471    3.061387521    1.672443293
   13.813813814    3.888238799    3.889078225    2.098932680
   13.833833834    3.254324272    3.254575747    2.608171194
   13.853853854    2.158680281    2.158147909    2.739715459
   13.873873874    1.791775357    1.790410544    2.320570844
   13.893893894    1.909823159    1.908938213    2.485408053
   13.913913914    2.746193407    2.745597315    2.836863700
   13.933933934    3.501299633    3.500294593    2.216762671
   13.953953954    2.784375717    2.783928467    1.704876171
   13.973973974    2.331235642    2.330810602    1.865463304
   13.993993994    2.417658932    2.417385507    2.587257591
   14.014014014    2.872896441    2.872758516    3.068659817
   14.034034034    2.835598572    2.836086217    3.562019250
   14.054054054    3.070197304    3.071586598    3.195859131
   14.074074074    2.793532578    2.793729867    2.766629322
   14.094094094    2.098208922    2.098610786    2.321192021
   14.114114114    2.064272405    2.064633964    2.741371531
   14.134134134    2.525722101    2.525571867    3.430532051
   14.154154154    3.991525287    3.990831152    2.283141077
   14.174174174    4.903345323    4.901648198    1.393248911
   14.194194194    4.527519598    4.526022607    1.179826596
   14.214214214    5.210472223    5.207938075    1.251147286
   14.234234234    5.402084837    5.396973906    1.049695292
   14.254254254    5.677143053    5.683215223    0.918588179
   14.274274274    5.602045809    5.605378810    0.813456593
   14.294294294    5.703529200    5.704946128    0.757940453
   14.314314314    5.194087715    5.194702096    0.600073390
   14.334334334    4.172864077    4.172956970    0.580068997
   14.354354354    2.481745764    2.481875144    0.706427342
   14.374374374    1.583535063    1.584074397    0.807607310
   14.394394394    1.216191323    1.216904084    0.773514459
   14.414414414    1.043574115    1.043998313    0.520837457
   14.434434434    0.986378855    0.986679340    0.404748512
   14.454454454    1.104903741    1.105222246    0.448709132
   14.474474474    1.567704865    1.568188828    0.666871682
   14.494494494    2.623645906    2.624514538    0.789869579
   14.514514515    3.549829123    3.551011222    0.721253190
   14.534534535    4.053353418    4.054344177    0.732394925
   14.554554555    4.137007128    4.137343799    0.727805161
   14.574574575    2.411870501    2.412124576    0.552156184
   14.594594595    1.591394373    1.591852091    0.448553337
   14.614614615    1.553692599    1.554747972    0.456667269
   14.634634635    1.637258705    1.639130482    0.451516093
   14.654654655    1.254381312    1.255882038    0.364231820
   14.674674675    1.096215105    1.096328816    0.362556753
   14.694694695    1.100811232    1.097818249    0.413571372
   14.714714715    1.046030320    1.044592087    0.425207148
   14.734734735    1.289014368    1.288074367    0.392899023
   14.754754755    1.863415466    1.862556292    0.366289659
   14.774774775    2.049376469    2.049141620    0.429795309
   14.794794795    1.624775660    1.624735828    0.527154882
   14.814814815    1.697077525    1.697352815    0.593942709
   14.834834835    2.593205448    2.593895408    0.557191570
   14.854854855    3.436203259    3.437470505    0.437717500
   14.874874875    3.462214820    3.464381177    0.313115427
   14.894894895    2.742258293    2.743670290    0.325796060
   14.914914915    2.120049055    2.121448500    0.390583508
   14.934934935    1.555232138    1.556906515    0.341018508
   14.954954955    1.217567974    1.218263751    0.339229712
   14.974974975    1.303483611    1.303845280    0.366099022
   14.994994995    1.170386683    1.171213328    0.387629629
   15.015015015    1.050929770    1.051450938    0.424602066
   15.035035035    1.335659420    1.336096523    0.422341281
   15.055055055    1.512499093    1.512754070    0.345651179
   15.075075075    1.508230856    1.508590600    0.305965507
   15.095095095    1.941885997    1.942385944    0.317669492
   15.115115115    2.157561751    2.157922527    0.370513048
   15.135135135    1.580023254    1.579967249    0.350703752
   15.155155155    1.017045507    1.017080248    0.415787641
   15.175175175    0.878798451    0.878893757    0.540371910
   15.195195195    1.094828680    1.094985584    0.802375756
   15.215215215    1.650512305    1.650694042    0.878369750
   15.235235235    1.688251547    1.688305825    0.824777822
   15.255255255    1.718925778    1.719074651    0.753269761
   15.275275275    2.289620504    2.289728670    0.558336831
   15.295295295    1.930932401    1.930750150    0.539855904
   15.315315315    1.691528139    1.691488230    0.552102830
   15.335335335    1.991223908    1.994064476    0.414051202
   15.355355355    1.653375943    1.657500450    0.408743863
   15.375375375    1.249691921    1.251921676    0.481800233
   15.395395395    1.093969814    1.094157462    0.613494754
   15.415415415    0.796372201    0.796442080    0.831904609
   15.435435435    0.640940538    0.641090603    0.950552714
   15.455455455    0.670510944    0.670704633    0.833088313
   15.475475475    0.953513359    0.953887259    0.531345034
   15.495495495    1.294893142    1.295312016    0.401995789
   15.515515516    1.048067531    1.048184425    0.291848946
   15.535535536    0.817084167    0.816970864    0.212383671
   15.555555556    0.652118003    0.651741741    0.193054952
   15.575575576    0.605734992    0.605200652    0.232967144
   15.595595596    0.546473637    0.546215328    0.310017009
   15.615615616    0.562402684    0.562324601    0.318454679
   15.635635636    0.756043724    0.756070832    0.368417724
   15.655655656    1.192688596    1.192829797    0.330693086
   15.675675676    1.703995786    1.704022826    0.313875163
   15.695695696    1.352887638    1.352873897    0.335496365
   15.715715716    0.905850639    0.905867488    0.316266740
   15.735735736    0.789452150    0.789399051    0.343014627
   15.755755756    0.955485258    0.955466150    0.382436499
   15.775775776    1.455918917    1.456055073    0.479517887
   15.795795796    1.726123428    1.726130868    0.633444016
   15.815815816    1.777426929    1.777586628    0.668879667
   15.835835836    2.595310557    2.595611975    0.528172502
   15.855855856    3.840910841    3.841152544    0.400684540
   15.875875876    2.740845469    2.740873384    0.318670221
   15.895895896    1.849368904    1.849497966    0.317854629
   15.915915916    1.839503126    1.839660515    0.348694568
   15.935935936    2.396423925    2.396396823    0.251576564
   15.955955956    2.699459889    2.699087998    0.225860071
   15.975975976    2.339796434    2.339338407    0.252545602
   15.995995996    1.949919096    1.949740301    0.193409990
   16.016016016    1.506561375    1.506465382    0.149807082
   16.036036036    1.686096472    1.686049882    0.159325471
   16.056056056    1.903811556    1.903688962    0.200552997
   16.076076076    1.669887282    1.669748463    0.208430718
   16.096096096    1.402011847    1.402155630    0.255764633
   16.116116116    1.461469227    1.461520070    0.258447866
   16.136136136    1.123058983    1.122859433    0.225276603
   16.156156156    0.806984892    0.806740202    0.296568327
   16.176176176    0.725048153    0.724566555    0.439256006
   16.196196196    0.785907763    0.784409339    0.393851672
   16.216216216    1.015051569    1.012297704    0.340694620
   16.236236236    1.148171843    1.146313400    0.322733914
   16.256256256    0.965592056    0.962815051    0.333365629
   16.276276276    0.619527387    0.618092781    0.337181269
   16.296296296    0.463918991    0.463239976    0.358314598
   16.316316316    0.456382434    0.456028525    0.354333649
   16.336336336    0.559132757    0.558957926    0.331830567
   16.356356356    0.828759866    0.828664717    0.293705356
   16.376376376    1.171398815    1.171261290    0.290190071
   16.396396396    1.673293434    1.673280642    0.360758136
   16.416416416    1.283436353    1.283602687    0.295403170
   16.436436436    0.709133461    0.709213728    0.278169270
   16.456456456    0.436936011    0.436992715    0.261920636
   16.476476476    0.336199958    0.336276506    0.275559076
   16.496496496    0.307343199    0.307430197    0.364760373
   16.516516517    0.333447544    0.333449116    0.308558999
   16.536536537    0.364734036    0.364808517    0.199163014
   16.556556557    0.296807862    0.297354603    0.164517076
   16.576576577    0.264170988    0.265699179    0.174843565
   16.596596597    0.279642727    0.281702437    0.145900699
   16.616616617    0.320228605    0.321231510    0.146249330
   16.636636637    0.428130046    0.428572550    0.196047977
   16.656656657    0.562479467    0.562695878    0.282626766
   16.676676677    0.696786827    0.696956754    0.305355727
   16.696696697    0.924543623    0.924770941    0.317224322
   16.716716717    1.398838992    1.399104533    0.302457041
   16.736736737    1.488629783    1.488648867    0.217734831
   16.756756757    1.000980956    1.000907468    0.141286682
   16.776776777    0.547549770    0.547550434    0.094872729
   16.796796797    0.346563762    0.346578038    0.065802331
   16.816816817    0.272090173    0.272207183    0.048863182
   16.836836837    0.270217293    0.270548282    0.041389338
   16.856856857    0.343155234    0.343937872    0.040075940
   16.876876877    0.477713375    0.479029316    0.040951373
   16.896896897    0.669286211    0.668588640    0.038966620
   16.916916917    0.611966084    0.608654784    0.041981028
   16.936936937    0.443611177    0.442086682    0.050622621
   16.956956957    0.337172723    0.336481899    0.058820361
   16.976976977    0.358644200    0.358225483    0.060063872
   16.996996997    0.450339017    0.450045450    0.065270380
   17.017017017    0.532683982    0.532575168    0.058079807
   17.037037037    0.562381460    0.562321264    0.062961312
   17.057057057    0.367317653    0.367298681    0.079862672
   17.077077077    0.265208286    0.265256415    0.109292975
   17.097097097    0.257025956    0.257032734    0.094986706
   17.117117117    0.330178997    0.330173103    0.100843337
   17.137137137    0.492346780    0.492369240    0.124228013
   17.157157157    0.672314064    0.672342843    0.134012959
   17.177177177    0.626297113    0.626281043    0.106728617
   17.197197197    0.671319772    0.671277374    0.081730051
   17.217217217    0.675322640    0.675136542    0.068392723
   17.237237237    0.642554274    0.642479813    0.061658251
   17.257257257    0.865949514    0.866051925    0.058309467
   17.277277277    1.154437172    1.154481668    0.073414479
   17.297297297    1.169771518    1.169679718    0.078781437
   17.317317317    0.870899465    0.870700283    0.058573819
   17.337337337    0.786954696    0.786671089    0.053013917
   17.357357357    0.729007892    0.728276716    0.061700913
   17.377377377    0.700369992    0.698626836    0.061891288
   17.397397397    0.578941232    0.576121748    0.072865353
   17.417417417    0.379711194    0.378383962    0.102750751
   17.437437437    0.260157220    0.259777143    0.134071228
   17.457457457    0.214059369    0.213838557    0.094748170
   17.477477477    0.210655340    0.210434208    0.058673731
   17.497497497    0.227156073    0.226932374    0.049792413
   17.517517518    0.261151362    0.260931165    0.059993902
   17.537537538    0.270967587    0.270817126    0.081813286
   17.557557558    0.313432538    0.313398917    0.078915587
   17.577577578    0.485554616    0.485659445    0.066373672
   17.597597598    0.801085040    0.801464371    0.062285064
   17.617617618    1.049407393    1.049545438    0.055845516
   17.637637638    0.962122137    0.962829383    0.057670852
   17.657657658    0.775196024    0.775414318    0.056692070
   17.677677678    0.479758411    0.479576385    0.048442439
   17.697697698    0.307576706    0.307449593    0.049290801
   17.717717718    0.235815223    0.235660391    0.070309908
   17.737737738    0.215427311    0.215268917    0.095344516
   17.757757758    0.226131694    0.226038921    0.072193675
   17.777777778    0.282194933    0.282196642    0.057592494
   17.797797798    0.428130550    0.428356908    0.059215690
   17.817817818    0.695729214    0.695764361    0.065934224
   17.837837838    1.052969787    1.052461861    0.075870504
   17.857857858    1.084987224    1.084580836    0.104149841
   17.877877878    1.043487366    1.043282289    0.113218655
   17.897897898    1.105614601    1.105510848    0.119431304
   17.917917918    0.744352249    0.744298483    0.145951072
   17.937937938    0.595798620    0.595830988    0.150229816
   17.957957958    0.644667716    0.644698324    0.094672133
   17.977977978    0.605528954    0.605491980    0.070609433
   17.997997998    0.414482425    0.414445816    0.069291597
   18.018018018    0.350146806    0.350094578    0.088443853
   18.038038038    0.399221023    0.399168671    0.135506418
   18.058058058    0.522251180    0.522150119    0.189958234
   18.078078078    0.614715719    0.614623209    0.254533286
   18.098098098    0.690232727    0.690182563    0.279929102
   18.118118118    0.497723218    0.497679744    0.172736774
   18.138138138    0.368098301    0.368066264    0.126872075
   18.158158158    0.251101718    0.251072319    0.127557586
   18.178178178    0.187611452    0.187596275    0.176110237
   18.198198198    0.165819463    0.165810121    0.275740883
   18.218218218    0.156814619    0.156810863    0.335510490
   18.238238238    0.174454476    0.174465278    0.470299224
   18.258258258    0.224954019    0.224995045    0.414155559
   18.278278278    0.315672377    0.315698102    0.343186364
   18.298298298    0.366415361    0.366416108    0.283007873
   18.318318318    0.534635343    0.534667609    0.262684876
   18.338338338    0.742998514    0.743092081    0.298754632
   18.358358358    0.582298799    0.582368451    0.420407936
   18.378378378    0.459634363    0.459655603    0.661367648
   18.398398398    0.424964111    0.425064389    0.598713354
   18.418418418    0.372744615    0.373003081    0.377819559
   18.438438438    0.396195039    0.396951438    0.331975063
   18.458458458    0.458496117    0.460516436    0.244922640
   18.478478478    0.598368105    0.600206455    0.153861237
   18.498498498    0.558057419    0.555391926    0.120257567
   18.518518519    0.469135852    0.465790188    0.127627503
   18.538538539    0.430547580    0.426768092    0.182248557
   18.558558559    0.418517356    0.416823561    0.206212662
   18.578578579    0.333064353    0.332291141    0.129481484
   18.598598599    0.304028507    0.303655389    0.086141177
   18.618618619    0.273763074    0.273518221    0.070073092
   18.638638639    0.313120017    0.312910677    0.074950532
   18.658658659    0.380503931    0.380324768    0.092225877
   18.678678679    0.449725703    0.449579890    0.103473899
   18.698698699    0.602520138    0.602376339    0.135211307
   18.718718719    0.706746539    0.706491090    0.155067795
   18.738738739    0.869654576    0.869400916    0.161116085
   18.758758759    0.926912238    0.926973455    0.179061674
   18.778778779    0.629850245    0.629964332    0.173071770
   18.798798799    0.396633061    0.396675401    0.140419314
   18.818818819    0.281482804    0.281523714    0.090267252
   18.838838839    0.244090217    0.244131137    0.060785533
   18.858858859    0.257741863    0.257773726    0.045465320
   18.878878879    0.243584933    0.243630191    0.041020388
   18.898898899    0.215822149    0.215819714    0.044622065
   18.918918919    0.180998885    0.181016768    0.048502119
   18.938938939    0.166755640    0.166808243    0.063209898
   18.958958959    0.186933659    0.186978721    0.081786796
   18.978978979    0.225650349    0.225660968    0.074598092
   18.998998999    0.275253841    0.275206955    0.075067495
   19.019019019    0.306027737    0.305657183    0.075726758
   19.039039039    0.352818080    0.352121881    0.076692572
   19.059059059    0.359046473    0.358596162    0.064258742
   19.079079079    0.339819407    0.339704924    0.049518986
   19.099099099    0.211736862    0.211682516    0.036579985
   19.119119119    0.150085797    0.150017162    0.031886284
   19.139139139    0.148292321    0.148193863    0.034159075
   19.159159159    0.201993842    0.201806640    0.043800765
   19.179179179    0.265683894    0.265327609    0.065544836
   19.199199199    0.299760957    0.299819284    0.099362555
   19.219219219    0.357179966    0.357286869    0.114817585
   19.239239239    0.349718351    0.349531511    0.090721256
   19.259259259    0.427243994    0.426871545    0.066154631
   19.279279279    0.373945068    0.374036650    0.066003082
   19.299299299    0.240111246    0.240237487    0.072837921
   19.319319319    0.152309015    0.152347013    0.102023569
   19.339339339    0.110918441    0.110921926    0.151681307
   19.359359359    0.090614056    0.090607183    0.126669181
   19.379379379    0.084604346    0.084600884    0.111710606
   19.399399399    0.101126148    0.101138937    0.151830024
   19.419419419    0.117338402    0.117372437    0.282608671
   19.439439439    0.102328407    0.102353544    0.423429215
   19.459459459    0.084120559    0.084139733    0.292474653
   19.479479479    0.071214347    0.071231428    0.160538523
   19.499499499    0.071718960    0.071744012    0.106310706
   19.519519520    0.081186826    0.081216425    0.096188670
   19.539539540    0.106596058    0.106633658    0.107771376
   19.559559560    0.169788023    0.169804605    0.121466313
   19.579579580    0.263413477    0.263398733    0.145853675
   19.599599600    0.231720817    0.231764550    0.113342799
   19.619619620    0.186111561    0.186224191    0.091510908
   19.639639640    0.152594950    0.152765276    0.072069265
   19.659659660    0.163509857    0.163799713    0.075677582
   19.679679680    0.224387820    0.224798615    0.084691181
   19.699699700    0.299938262    0.300438462    0.094221725
   19.719719720    0.327671779    0.328096268    0.099023986
   19.739739740    0.323366050    0.323636810    0.080738533
   19.759759760    0.316841417    0.317096804    0.073649752
   19.779779780    0.360770973    0.361084703    0.090984869
   19.799799800    0.310291913    0.310516098    0.146065718
   19.819819820    0.202182227    0.202305228    0.176805468
   19.839839840    0.139404721    0.139454867    0.122254458
   19.859859860    0.132193067    0.132196964    0.099638298
   19.879879880    0.161248886    0.161266412    0.112439124
   19.899899900    0.182996406    0.183016002    0.128212250
   19.919919920    0.199524936    0.199636791    0.150731816
   19.939939940    0.220751991    0.220784915    0.168239803
   19.959959960    0.264878266    0.264853822    0.250506565
   19.979979980    0.297699138    0.297663540    0.465603648
   20.000000000    0.297717534    0.297663833    0.563885817
