# energy grid [eV]     epsr_x  epsr_y  epsr_z
# plasmon frequences [eV]:    11.104982477   11.104870079    9.357504655
    0.000000000    2.237928056    2.237900585    1.637266279
    0.020020020    2.237938286    2.237910815    1.637268660
    0.040040040    2.237968978    2.237941506    1.637275802
    0.060060060    2.238020136    2.237992664    1.637287707
    0.080080080    2.238091767    2.238064294    1.637304375
    0.100100100    2.238183882    2.238156408    1.637325807
    0.120120120    2.238296493    2.238269019    1.637352005
    0.140140140    2.238429618    2.238402142    1.637382970
    0.160160160    2.238583274    2.238555797    1.637418705
    0.180180180    2.238757484    2.238730006    1.637459213
    0.200200200    2.238952274    2.238924793    1.637504496
    0.220220220    2.239167670    2.239140187    1.637554557
    0.240240240    2.239403704    2.239376219    1.637609400
    0.260260260    2.239660409    2.239632922    1.637669029
    0.280280280    2.239937824    2.239910334    1.637733448
    0.300300300    2.240235987    2.240208494    1.637802661
    0.320320320    2.240554941    2.240527446    1.637876674
    0.340340340    2.240894733    2.240867235    1.637955493
    0.360360360    2.241255412    2.241227911    1.638039121
    0.380380380    2.241637030    2.241609525    1.638127566
    0.400400400    2.242039642    2.242012134    1.638220833
    0.420420420    2.242463307    2.242435795    1.638318931
    0.440440440    2.242908087    2.242880570    1.638421864
    0.460460460    2.243374046    2.243346525    1.638529641
    0.480480480    2.243861252    2.243833727    1.638642270
    0.500500501    2.244369777    2.244342247    1.638759759
    0.520520521    2.244899695    2.244872160    1.638882115
    0.540540541    2.245451084    2.245423545    1.639009349
    0.560560561    2.246024026    2.245996481    1.639141469
    0.580580581    2.246618604    2.246591054    1.639278484
    0.600600601    2.247234908    2.247207352    1.639420406
    0.620620621    2.247873028    2.247845466    1.639567243
    0.640640641    2.248533059    2.248505491    1.639719007
    0.660660661    2.249215100    2.249187526    1.639875709
    0.680680681    2.249919252    2.249891672    1.640037361
    0.700700701    2.250645623    2.250618036    1.640203974
    0.720720721    2.251394319    2.251366726    1.640375560
    0.740740741    2.252165456    2.252137855    1.640552132
    0.760760761    2.252959149    2.252931541    1.640733704
    0.780780781    2.253775519    2.253747904    1.640920288
    0.800800801    2.254614691    2.254587068    1.641111900
    0.820820821    2.255476792    2.255449161    1.641308552
    0.840840841    2.256361955    2.256334316    1.641510259
    0.860860861    2.257270316    2.257242669    1.641717038
    0.880880881    2.258202017    2.258174361    1.641928903
    0.900900901    2.259157200    2.259129536    1.642145871
    0.920920921    2.260136016    2.260108343    1.642367957
    0.940940941    2.261138617    2.261110935    1.642595180
    0.960960961    2.262165160    2.262137469    1.642827555
    0.980980981    2.263215808    2.263188107    1.643065102
    1.001001001    2.264290727    2.264263015    1.643307838
    1.021021021    2.265390087    2.265362366    1.643555781
    1.041041041    2.266514064    2.266486333    1.643808952
    1.061061061    2.267662839    2.267635097    1.644067370
    1.081081081    2.268836597    2.268808845    1.644331056
    1.101101101    2.270035528    2.270007764    1.644600029
    1.121121121    2.271259826    2.271232052    1.644874311
    1.141141141    2.272509693    2.272481907    1.645153923
    1.161161161    2.273785333    2.273757536    1.645438889
    1.181181181    2.275086958    2.275059149    1.645729230
    1.201201201    2.276414783    2.276386961    1.646024970
    1.221221221    2.277769030    2.277741196    1.646326133
    1.241241241    2.279149926    2.279122079    1.646632743
    1.261261261    2.280557704    2.280529845    1.646944826
    1.281281281    2.281992604    2.281964731    1.647262405
    1.301301301    2.283454869    2.283426983    1.647585508
    1.321321321    2.284944752    2.284916852    1.647914162
    1.341341341    2.286462508    2.286434595    1.648248393
    1.361361361    2.288008402    2.287980474    1.648588229
    1.381381381    2.289582704    2.289554762    1.648933700
    1.401401401    2.291185690    2.291157733    1.649284833
    1.421421421    2.292817644    2.292789673    1.649641659
    1.441441441    2.294478857    2.294450871    1.650004208
    1.461461461    2.296169627    2.296141624    1.650372512
    1.481481481    2.297890257    2.297862239    1.650746601
    1.501501502    2.299641061    2.299613027    1.651126509
    1.521521522    2.301422359    2.301394308    1.651512268
    1.541541542    2.303234478    2.303206411    1.651903913
    1.561561562    2.305077755    2.305049671    1.652301478
    1.581581582    2.306952533    2.306924431    1.652704999
    1.601601602    2.308859165    2.308831046    1.653114511
    1.621621622    2.310798012    2.310769875    1.653530051
    1.641641642    2.312769444    2.312741289    1.653951658
    1.661661662    2.314773840    2.314745667    1.654379369
    1.681681682    2.316811588    2.316783397    1.654813224
    1.701701702    2.318883087    2.318854876    1.655253264
    1.721721722    2.320988743    2.320960513    1.655699528
    1.741741742    2.323128974    2.323100724    1.656152060
    1.761761762    2.325304208    2.325275938    1.656610902
    1.781781782    2.327514884    2.327486594    1.657076097
    1.801801802    2.329761451    2.329733140    1.657547691
    1.821821822    2.332044369    2.332016037    1.658025729
    1.841841842    2.334364110    2.334335757    1.658510258
    1.861861862    2.336721158    2.336692783    1.659001325
    1.881881882    2.339116009    2.339087611    1.659498980
    1.901901902    2.341549171    2.341520751    1.660003272
    1.921921922    2.344021164    2.343992721    1.660514251
    1.941941942    2.346532524    2.346504057    1.661031971
    1.961961962    2.349083797    2.349055307    1.661556483
    1.981981982    2.351675545    2.351647031    1.662087843
    2.002002002    2.354308345    2.354279807    1.662626106
    2.022022022    2.356982787    2.356954224    1.663171329
    2.042042042    2.359699477    2.359670888    1.663723569
    2.062062062    2.362459036    2.362430422    1.664282886
    2.082082082    2.365262103    2.365233463    1.664849342
    2.102102102    2.368109332    2.368080665    1.665422997
    2.122122122    2.371001393    2.370972700    1.666003915
    2.142142142    2.373938977    2.373910256    1.666592161
    2.162162162    2.376922791    2.376894042    1.667187802
    2.182182182    2.379953561    2.379924784    1.667790905
    2.202202202    2.383032033    2.383003227    1.668401540
    2.222222222    2.386158972    2.386130137    1.669019779
    2.242242242    2.389335165    2.389306300    1.669645693
    2.262262262    2.392561420    2.392532525    1.670279357
    2.282282282    2.395838567    2.395809641    1.670920849
    2.302302302    2.399167457    2.399138500    1.671570245
    2.322322322    2.402548968    2.402519979    1.672227625
    2.342342342    2.405984000    2.405954979    1.672893073
    2.362362362    2.409473479    2.409444425    1.673566671
    2.382382382    2.413018357    2.412989269    1.674248505
    2.402402402    2.416619612    2.416590491    1.674938664
    2.422422422    2.420278252    2.420249096    1.675637237
    2.442442442    2.423995313    2.423966122    1.676344318
    2.462462462    2.427771860    2.427742633    1.677060001
    2.482482482    2.431608990    2.431579727    1.677784383
    2.502502503    2.435507832    2.435478532    1.678517564
    2.522522523    2.439469548    2.439440211    1.679259647
    2.542542543    2.443495336    2.443465961    1.680010736
    2.562562563    2.447586428    2.447557014    1.680770939
    2.582582583    2.451744095    2.451714641    1.681540366
    2.602602603    2.455969646    2.455940151    1.682319132
    2.622622623    2.460264428    2.460234893    1.683107352
    2.642642643    2.464629834    2.464600257    1.683905146
    2.662662663    2.469067297    2.469037677    1.684712638
    2.682682683    2.473578296    2.473548634    1.685529953
    2.702702703    2.478164358    2.478134651    1.686357222
    2.722722723    2.482827057    2.482797306    1.687194578
    2.742742743    2.487568019    2.487538222    1.688042158
    2.762762763    2.492388923    2.492359080    1.688900104
    2.782782783    2.497291502    2.497261611    1.689768561
    2.802802803    2.502277547    2.502247608    1.690647678
    2.822822823    2.507348909    2.507318921    1.691537610
    2.842842843    2.512507501    2.512477464    1.692438514
    2.862862863    2.517755302    2.517725214    1.693350556
    2.882882883    2.523094358    2.523064218    1.694273902
    2.902902903    2.528526786    2.528496593    1.695208726
    2.922922923    2.534054778    2.534024531    1.696155208
    2.942942943    2.539680603    2.539650301    1.697113531
    2.962962963    2.545406610    2.545376253    1.698083887
    2.982982983    2.551235236    2.551204822    1.699066471
    3.003003003    2.557169003    2.557138531    1.700061486
    3.023023023    2.563210529    2.563179997    1.701069143
    3.043043043    2.569362528    2.569331936    1.702089658
    3.063063063    2.575627816    2.575597162    1.703123255
    3.083083083    2.582009318    2.581978601    1.704170164
    3.103103103    2.588510069    2.588479288    1.705230627
    3.123123123    2.595133225    2.595102379    1.706304890
    3.143143143    2.601882065    2.601851151    1.707393210
    3.163163163    2.608759997    2.608729016    1.708495854
    3.183183183    2.615770571    2.615739519    1.709613096
    3.203203203    2.622917477    2.622886353    1.710745223
    3.223223223    2.630204560    2.630173364    1.711892531
    3.243243243    2.637635826    2.637604556    1.713055328
    3.263263263    2.645215451    2.645184104    1.714233932
    3.283283283    2.652947789    2.652916364    1.715428676
    3.303303303    2.660837384    2.660805880    1.716639905
    3.323323323    2.668888980    2.668857395    1.717867977
    3.343343343    2.677107535    2.677075867    1.719113266
    3.363363363    2.685498229    2.685466476    1.720376160
    3.383383383    2.694066481    2.694034641    1.721657065
    3.403403403    2.702817963    2.702786033    1.722956402
    3.423423423    2.711758614    2.711726593    1.724274612
    3.443443443    2.720894659    2.720862544    1.725612154
    3.463463463    2.730232627    2.730200416    1.726969509
    3.483483483    2.739779367    2.739747058    1.728347179
    3.503503504    2.749542076    2.749509666    1.729745687
    3.523523524    2.759528316    2.759495802    1.731165585
    3.543543544    2.769746041    2.769713422    1.732607447
    3.563563564    2.780203627    2.780170899    1.734071877
    3.583583584    2.790909898    2.790877058    1.735559508
    3.603603604    2.801874159    2.801841205    1.737071004
    3.623623624    2.813106233    2.813073161    1.738607064
    3.643643644    2.824616500    2.824583307    1.740168424
    3.663663664    2.836415936    2.836382618    1.741755857
    3.683683684    2.848516161    2.848482716    1.743370178
    3.703703704    2.860929494    2.860895917    1.745012249
    3.723723724    2.873669003    2.873635290    1.746682976
    3.743743744    2.886748571    2.886714719    1.748383321
    3.763763764    2.900182964    2.900148968    1.750114300
    3.783783784    2.913987907    2.913953763    1.751876990
    3.803803804    2.928180169    2.928145873    1.753672533
    3.823823824    2.942777657    2.942743203    1.755502142
    3.843843844    2.957799522    2.957764905    1.757367107
    3.863863864    2.973266275    2.973231490    1.759268802
    3.883883884    2.989199920    2.989164962    1.761208691
    3.903903904    3.005624107    3.005588970    1.763188339
    3.923923924    3.022564294    3.022528971    1.765209417
    3.943943944    3.040047940    3.040012425    1.767273718
    3.963963964    3.058104722    3.058069008    1.769383165
    3.983983984    3.076766784    3.076730864    1.771539822
    4.004004004    3.096069013    3.096032879    1.773745914
    4.024024024    3.116049371    3.116013015    1.776003842
    4.044044044    3.136749265    3.136712678    1.778316198
    4.064064064    3.158213984    3.158177157    1.780685791
    4.084084084    3.180493203    3.180456125    1.783115672
    4.104104104    3.203641575    3.203604237    1.785609157
    4.124124124    3.227719430    3.227681821    1.788169864
    4.144144144    3.252793596    3.252755703    1.790801751
    4.164164164    3.278938381    3.278900192    1.793509155
    4.184184184    3.306236750    3.306198250    1.796296846
    4.204204204    3.334781741    3.334742916    1.799170083
    4.224224224    3.364678191    3.364639025    1.802134689
    4.244244244    3.396044848    3.396005323    1.805197125
    4.264264264    3.429016985    3.428977081    1.808364593
    4.284284284    3.463749659    3.463709356    1.811645151
    4.304304304    3.500421824    3.500381099    1.815047849
    4.324324324    3.539241576    3.539200402    1.818582903
    4.344344344    3.580452918    3.580411267    1.822261896
    4.364364364    3.624344623    3.624302463    1.826098030
    4.384384384    3.671261993    3.671219287    1.830106440
    4.404404404    3.721622731    3.721579438    1.834304584
    4.424424424    3.775938761    3.775894831    1.838712727
    4.444444444    3.834846800    3.834802177    1.843354569
    4.464464464    3.899152198    3.899106812    1.848258048
    4.484484484    3.969893335    3.969847101    1.853456382
    4.504504505    4.048438880    4.048391691    1.858989454
    4.524524525    4.136639220    4.136590934    1.864905657
    4.544544545    4.237070177    4.237020603    1.871264422
    4.564564565    4.353439135    4.353388004    1.878139706
    4.584584585    4.491283708    4.491230617    1.885624949
    4.604604605    4.659191555    4.659135881    1.893840235
    4.624624625    4.870804970    4.870745728    1.902942928
    4.644644645    5.146628566    5.146564416    1.913143921
    4.664664665    5.500287722    5.500219364    1.924733217
    4.684684685    5.757129681    5.757085029    1.938121621
    4.704704705    4.816199809    4.816265798    1.953910979
    4.724724725    3.800596266    3.800596571    1.973015675
    4.744744745    3.648659114    3.648535859    1.996870645
    4.764764765    3.705064011    3.705023229    2.027725012
    4.784784785    4.160448101    4.160439998    2.068422232
    4.804804805    4.641075299    4.641061468    2.114898357
    4.824824825    4.784225590    4.784081523    2.092989204
    4.844844845    4.283113768    4.282930103    1.928382480
    4.864864865    4.515143837    4.515043075    1.932310004
    4.884884885    4.827017855    4.826842007    1.952687521
    4.904904905    4.397946285    4.397687605    1.800218708
    4.924924925    4.581528738    4.581331510    1.774171786
    4.944944945    5.269798716    5.269569093    1.843415192
    4.964964965    6.117839421    6.117549951    1.921379722
    4.984984985    7.046165993    7.045895732    1.994046397
    5.005005005    7.012685891    7.013021367    1.968379264
    5.025025025    4.517897386    4.518654508    1.790588528
    5.045045045    1.214105838    1.214589363    1.613763317
    5.065065065    0.342812031    0.342702663    1.600232570
    5.085085085    1.195058509    1.194848612    1.657989514
    5.105105105    2.171560310    2.171360757    1.709163018
    5.125125125    3.058732683    3.058535675    1.749461987
    5.145145145    3.863781959    3.863613912    1.782395958
    5.165165165    3.886375736    3.886583273    1.809751676
    5.185185185    1.852559688    1.852890625    1.831589183
    5.205205205    1.530315671    1.530206823    1.854362089
    5.225225225    2.181171601    2.181020180    1.878000801
    5.245245245    2.838032645    2.837898626    1.901909488
    5.265265265    3.378868922    3.378804089    1.925822220
    5.285285285    3.512890286    3.512884163    1.946629731
    5.305305305    3.371978418    3.371659412    1.971132062
    5.325325325    3.579728352    3.579522513    2.002760347
    5.345345345    4.110627135    4.110441033    2.039678316
    5.365365365    4.704617489    4.704405150    2.083701760
    5.385385385    5.366083130    5.365827701    2.138361418
    5.405405405    6.154967238    6.154647683    2.209200945
    5.425425425    7.155252168    7.154836264    2.303909212
    5.445445445    8.421728976    8.421183406    2.420994639
    5.465465465    9.426784643    9.426240994    2.448211589
    5.485485485    8.406046362    8.406722032    2.185346605
    5.505505506    3.962684905    3.965115469    1.792150439
    5.525525526   -1.751222003   -1.749897833    1.416016597
    5.545545546   -1.827116166   -1.827710839    1.450044786
    5.565565566   -0.013347729   -0.014079025    1.605033128
    5.585585586    1.695822287    1.695224783    1.750172817
    5.605605606    2.584824078    2.585098598    1.842222690
    5.625625626    1.533575675    1.534042297    1.786970329
    5.645645646    0.636533722    0.636456270    1.592164862
    5.665665666   -0.554457108   -0.554255665    1.409144661
    5.685685686   -0.597855641   -0.597888455    1.450881583
    5.705705706   -0.411285224   -0.411522287    1.528109656
    5.725725726    0.466518130    0.466138329    1.603312862
    5.745745746    1.446627275    1.446222518    1.670672077
    5.765765766    2.439367204    2.438909413    1.734672763
    5.785785786    3.530636317    3.530093553    1.801377313
    5.805805806    4.665599553    4.665174130    1.868223278
    5.825825826    4.573575716    4.574533560    1.868890518
    5.845845846    0.974091597    0.976324804    1.687937659
    5.865865866   -1.078614290   -1.078753984    1.582202117
    5.885885886    0.119705647    0.118973379    1.644220967
    5.905905906    1.720806491    1.720083856    1.725215809
    5.925925926    2.733696486    2.733708209    1.784354845
    5.945945946   -0.238209848   -0.235651280    1.683148381
    5.965965966   -3.954440443   -3.954032885    1.527683309
    5.985985986   -3.518624174   -3.519080747    1.554107325
    6.006006006   -2.443889029   -2.444299728    1.606300923
    6.026026026   -1.559708639   -1.560025956    1.649828065
    6.046046046   -0.847284679   -0.847540704    1.685569513
    6.066066066   -0.231563396   -0.231786565    1.716535688
    6.086086086    0.341237885    0.341016688    1.745002163
    6.106106106    0.876256245    0.876019363    1.772614792
    6.126126126    1.282343225    1.282262466    1.799627166
    6.146146146    0.769985736    0.770239901    1.821644463
    6.166166166    0.435903471    0.435734614    1.848523824
    6.186186186    0.949466751    0.949139196    1.887780258
    6.206206206    1.666786101    1.666525042    1.935704377
    6.226226226    2.237622010    2.237660090    1.971189684
    6.246246246    1.240355655    1.241280818    1.872315569
    6.266266266    0.366983118    0.366879045    1.785354935
    6.286286286    0.882930551    0.882798296    1.820222753
    6.306306306   -0.065195176   -0.064433867    1.731557641
    6.326326326   -1.143635160   -1.143687861    1.631843618
    6.346346346   -0.857331707   -0.857456772    1.669310328
    6.366366366   -0.945771100   -0.945887426    1.720540871
    6.386386386   -0.531140587   -0.531382860    1.765543242
    6.406406406    0.074320723    0.074079439    1.807100005
    6.426426426    0.683727206    0.683473430    1.849525936
    6.446446446    1.279172938    1.278820432    1.896804510
    6.466466466    1.702558994    1.702254976    1.946047192
    6.486486486    1.347234138    1.347930538    1.937290099
    6.506506507   -0.530870576   -0.530104626    1.822003898
    6.526526527   -0.863536906   -0.863653724    1.808686407
    6.546546547   -0.889725026   -0.889743915    1.744362247
    6.566566567   -1.115519356   -1.115599275    1.655590451
    6.586586587   -1.201651317   -1.201556936    1.679519246
    6.606606607   -1.149993278   -1.150104103    1.721498874
    6.626626627   -0.830993222   -0.831202538    1.769213688
    6.646646647   -0.602272576   -0.602417244    1.808059301
    6.666666667   -0.419816170   -0.419966056    1.790413881
    6.686686687   -0.303423180   -0.303547233    1.749035617
    6.706706707   -0.076490049   -0.076574456    1.775127265
    6.726726727    0.179889486    0.179810956    1.813733379
    6.746746747    0.445256272    0.445170801    1.854043339
    6.766766767    0.726111763    0.726020692    1.896833733
    6.786786787    0.902387512    0.902350756    1.918179546
    6.806806807    0.364579310    0.364682886    1.798294328
    6.826826827   -0.003578075   -0.003635575    1.709931264
    6.846846847    0.152918578    0.152912870    1.736231965
    6.866866867   -0.010147620   -0.010025428    1.758654496
    6.886886887   -0.015865681   -0.015906274    1.781682705
    6.906906907    0.194225211    0.194162680    1.808585238
    6.926926927    0.402410997    0.402353426    1.833512595
    6.946946947    0.577992035    0.577924384    1.857395747
    6.966966967    0.710666964    0.710618357    1.882047958
    6.986986987    0.862834925    0.862789640    1.908998002
    7.007007007    0.912677695    0.912541783    1.933758460
    7.027027027    0.885520445    0.885403394    1.909479005
    7.047047047    0.900543785    0.900469724    1.845621062
    7.067067067    1.087860036    1.087800173    1.859973211
    7.087087087    1.332386155    1.332309098    1.892486188
    7.107107107    1.614775121    1.614663224    1.922665909
    7.127127127    1.925606394    1.925442527    1.953304040
    7.147147147    2.153162040    2.153165711    1.978695399
    7.167167167    1.564771903    1.565332907    1.918923747
    7.187187187    0.706579482    0.706697628    1.829553316
    7.207207207    0.428181009    0.428286123    1.840213113
    7.227227227    0.166420740    0.166236524    1.868210323
    7.247247247    0.443162842    0.442973551    1.903282495
    7.267267267    0.909164786    0.908989773    1.939775926
    7.287287287    1.385989397    1.385837617    1.975187945
    7.307307307    1.422270697    1.422474237    1.965177699
    7.327327327    0.185733673    0.186189864    1.844665095
    7.347347347   -0.862035586   -0.861836177    1.814442778
    7.367367367   -0.958641708   -0.958735361    1.840503488
    7.387387387   -0.616222949   -0.616336847    1.868285904
    7.407407407   -0.307058688   -0.307146021    1.890887040
    7.427427427   -0.067400633   -0.067471025    1.909601581
    7.447447447    0.091336254    0.091250758    1.925741982
    7.467467467    0.182400145    0.182343111    1.939887105
    7.487487487    0.284821449    0.284770472    1.953005681
    7.507507508    0.382531624    0.382505448    1.965849698
    7.527527528    0.504655642    0.504644737    1.978520793
    7.547547548    0.629792347    0.629790500    1.991214001
    7.567567568    0.740438185    0.740433038    2.003754755
    7.587587588    0.718269879    0.718241771    2.012471178
    7.607607608    0.590200170    0.590125588    2.016402889
    7.627627628    0.656851592    0.656742865    2.027873478
    7.647647648    0.774622061    0.774519036    2.041985098
    7.667667668    0.893223259    0.893124801    2.056971514
    7.687687688    1.009701933    1.009595821    2.073318128
    7.707707708    1.109139263    1.109010070    2.092003474
    7.727727728    1.236231716    1.236112194    2.114329581
    7.747747748    1.401877661    1.401760855    2.140015645
    7.767767768    1.458178602    1.458196598    2.147118744
    7.787787788    1.066849364    1.066986286    2.061517261
    7.807807808    0.952244228    0.952192935    2.024326093
    7.827827828    0.976269041    0.976314833    2.048283563
    7.847847848    0.540872222    0.540930687    2.073721821
    7.867867868    0.521090030    0.521000025    2.099007998
    7.887887888    0.644733165    0.644722019    2.118058238
    7.907907908    0.543230934    0.543318528    2.109812245
    7.927927928    0.542669989    0.542629853    2.103714551
    7.947947948    0.687692685    0.687649001    2.122042038
    7.967967968    0.848104539    0.848067893    2.144710618
    7.987987988    0.955979376    0.955890142    2.167469197
    8.008008008    0.872279166    0.872123032    2.191085476
    8.028028028    0.894580613    0.894524226    2.217378280
    8.048048048    1.047520192    1.047474964    2.248509756
    8.068068068    1.233935323    1.233880296    2.287227633
    8.088088088    1.441221551    1.441164149    2.333873177
    8.108108108    1.502276420    1.502320621    2.352273685
    8.128128128    0.840805768    0.841014440    2.221071699
    8.148148148    0.223602739    0.223597497    2.059765570
    8.168168168    0.215595323    0.215523379    2.022332430
    8.188188188    0.394305217    0.394240059    2.066210560
    8.208208208    0.551585730    0.551529777    2.109832624
    8.228228228    0.677188268    0.677138804    2.145274135
    8.248248248    0.782948683    0.782903872    2.175170428
    8.268268268    0.878844772    0.878803783    2.201988907
    8.288288288    0.972795884    0.972758480    2.227299424
    8.308308308    1.070376704    1.070340616    2.249753564
    8.328328328    1.157120560    1.157059977    2.259642412
    8.348348348    1.126025559    1.125878729    2.273578326
    8.368368368    1.087468756    1.087395631    2.299259888
    8.388388388    1.162303947    1.162289224    2.322192909
    8.408408408    1.023468076    1.023559916    2.303369991
    8.428428428    0.870667844    0.870654500    2.281979235
    8.448448448    0.952589592    0.952521712    2.303820442
    8.468468468    1.010380666    1.010279254    2.331333062
    8.488488488    1.092344537    1.092280401    2.358520473
    8.508508509    1.225090379    1.225034074    2.386188557
    8.528528529    1.358719115    1.358672421    2.414496746
    8.548548549    1.303358234    1.303417858    2.434731543
    8.568568569    0.898483273    0.898587541    2.436629882
    8.588588589    0.725989160    0.725965040    2.453807404
    8.608608609    0.843135651    0.843088144    2.493566884
    8.628628629    0.963948793    0.963904475    2.523813330
    8.648648649    0.928764653    0.928723496    2.444260016
    8.668668669    0.881509589    0.881492862    2.364445956
    8.688688689    0.958728946    0.958704452    2.393356831
    8.708708709    1.005113281    1.005030652    2.433947278
    8.728728729    1.033660297    1.033622287    2.469954478
    8.748748749    1.065422038    1.065324497    2.502250660
    8.768768769    1.118444554    1.118342758    2.532525414
    8.788788789    1.181068894    1.180961164    2.562003078
    8.808808809    1.214555841    1.214436996    2.591594108
    8.828828829    1.268615556    1.268506869    2.622100373
    8.848848849    1.348854861    1.348737211    2.654381325
    8.868868869    1.442957234    1.442821804    2.689386916
    8.888888889    1.554644044    1.554488520    2.727236951
    8.908908909    1.671625689    1.671487659    2.767838388
    8.928928929    1.753705184    1.753647587    2.798225899
    8.948948949    1.624963642    1.625047125    2.772652259
    8.968968969    1.168354100    1.168370494    2.762161439
    8.988988989    0.698123178    0.698212472    2.721755417
    9.009009009    0.641190842    0.641274629    2.732173734
    9.029029029    0.789079650    0.789152714    2.780952936
    9.049049049    0.927220999    0.927284153    2.830866567
    9.069069069    1.042099729    1.042158074    2.878433849
    9.089089089    1.143889298    1.143946756    2.925026686
    9.109109109    1.229739574    1.229785135    2.972002694
    9.129129129    1.249799899    1.249802184    3.020297774
    9.149149149    1.210013747    1.209937023    3.069791369
    9.169169169    1.202069046    1.202030531    3.117208580
    9.189189189    1.292298492    1.292302272    3.169131782
    9.209209209    1.407703571    1.407712386    3.229435280
    9.229229229    1.515525945    1.515537382    3.294757924
    9.249249249    1.440705218    1.440746450    3.362158499
    9.269269269    1.191822243    1.191803775    3.434596045
    9.289289289    1.028322214    1.028207458    3.520207639
    9.309309309    1.008604114    1.008580342    3.618468026
    9.329329329    1.117036948    1.117031871    3.730878784
    9.349349349    1.231344387    1.231336733    3.849266643
    9.369369369    1.336189055    1.336174549    3.951435985
    9.389389389    1.435582532    1.435577635    4.108669979
    9.409409409    1.442059346    1.442120742    4.282628218
    9.429429429    1.206336517    1.206405779    4.404331538
    9.449449449    1.216171425    1.216180333    4.672311895
    9.469469469    1.330613377    1.330599121    4.917680754
    9.489489489    1.328147519    1.328052960    4.970073565
    9.509509510    1.122217687    1.122142050    4.234213115
    9.529529530    1.099572390    1.099534251    4.172940722
    9.549549550    1.198258509    1.198230346    4.622384203
    9.569569570    1.193906147    1.193895287    4.170790070
    9.589589590    1.136396244    1.136386412    3.500733035
    9.609609610    1.151307889    1.151279562    3.002132776
    9.629629630    1.240364037    1.240335644    3.182030509
    9.649649650    1.339021015    1.338998888    3.618460758
    9.669669670    1.417779269    1.417744777    3.820791395
    9.689689690    1.405960620    1.405830928    2.323878751
    9.709709710    1.111738700    1.111554549    2.031608767
    9.729729730    1.028260085    1.028234687    2.719540192
    9.749749750    1.107797518    1.107793683    3.499922691
    9.769769770    1.185906559    1.185892784    4.263279270
    9.789789790    1.241946802    1.241930942    4.479478810
    9.809809810    1.310781831    1.310764430    3.431219746
    9.829829830    1.364986201    1.364980680    1.573136233
    9.849849850    1.294802704    1.294840943    1.040666667
    9.869869870    1.227127891    1.227118072    1.696622042
    9.889889890    1.278666122    1.278644121    1.806495446
    9.909909910    1.345449492    1.345428341    1.583451049
    9.929929930    1.396946498    1.396913642    2.126360826
    9.949949950    1.364685135    1.364634400    2.819430442
    9.969969970    1.315680745    1.315655392    3.536681233
    9.989989990    1.354417958    1.354392009    4.065923509
   10.010010010    1.411313768    1.411287742    3.025698157
   10.030030030    1.464986046    1.464957962    1.244625181
   10.050050050    1.502768126    1.502729107    0.398518388
   10.070070070    1.513872505    1.513819104    0.960091824
   10.090090090    1.536646163    1.536611237    1.653441570
   10.110110110    1.552141974    1.552120216    2.237556748
   10.130130130    1.494184886    1.494164380    2.644610497
   10.150150150    1.440741128    1.440735904    2.369132644
   10.170170170    1.408186088    1.408168861    1.654203384
   10.190190190    1.464009336    1.463988406    2.007754319
   10.210210210    1.508315314    1.508296987    2.588067944
   10.230230230    1.491289670    1.491266391    3.199835792
   10.250250250    1.457140700    1.457091574    3.932259325
   10.270270270    1.475787037    1.475764235    4.808862546
   10.290290290    1.537107160    1.537090541    5.553021685
   10.310310310    1.602392162    1.602374458    4.268883177
   10.330330330    1.663128468    1.663104257    0.309483332
   10.350350350    1.699885340    1.699862841   -0.364158681
   10.370370370    1.752972517    1.752967576   -0.473720370
   10.390390390    1.806858909    1.806823565   -0.312398898
   10.410410410    1.710881409    1.710728711    0.257984776
   10.430430430    1.511771178    1.511710041    0.522535381
   10.450450450    1.485012711    1.485048616    0.730579476
   10.470470470    1.393959625    1.394030901    1.240212948
   10.490490490    1.401198239    1.401229221    1.763336291
   10.510510511    1.434309020    1.434341034    2.267656880
   10.530530531    1.458643896    1.458664256    2.818932746
   10.550550551    1.528502712    1.528526123    2.865443909
   10.570570571    1.593970909    1.593990573    1.209991364
   10.590590591    1.626899892    1.626914986    0.946003424
   10.610610611    1.685005292    1.685047779    1.604063778
   10.630630631    1.771978568    1.772041472    2.257361219
   10.650650651    1.863510575    1.863575357    3.002664161
   10.670670671    1.843397855    1.843340439    3.393811276
   10.690690691    1.650308266    1.650213754    0.876781463
   10.710710711    1.653057667    1.652951583   -0.945468695
   10.730730731    1.516194301    1.515995761   -1.092621456
   10.750750751    1.327749880    1.327635454   -0.609327797
   10.770770771    1.372099448    1.372045521   -0.036012057
   10.790790791    1.470446627    1.470398299    0.449564509
   10.810810811    1.560786193    1.560734169    0.553867262
   10.830830831    1.628179986    1.628116653    0.763768623
   10.850850851    1.591141479    1.591068486    1.107250622
   10.870870871    1.510324697    1.510306692    1.437495417
   10.890890891    1.495208632    1.495195961    1.605716324
   10.910910911    1.544170578    1.544147103    1.737643524
   10.930930931    1.599416612    1.599391708    1.494976384
   10.950950951    1.648437775    1.648413792    1.501407736
   10.970970971    1.691884237    1.691857805    1.512906582
   10.990990991    1.703358221    1.703321916    1.761728595
   11.011011011    1.725831597    1.725806418    2.304087358
   11.031031031    1.774859165    1.774838711    2.906366264
   11.051051051    1.826166243    1.826144134    3.205542047
   11.071071071    1.850933358    1.850873032    2.544693379
   11.091091091    1.830470057    1.830410721    0.671839930
   11.111111111    1.844907940    1.844906143    0.475109959
   11.131131131    1.852068885    1.852090123    1.105929461
   11.151151151    1.891797037    1.891815185    1.577613453
   11.171171171    1.962994629    1.963021899    1.583589987
   11.191191191    2.003898245    2.003891831    1.836262071
   11.211211211    1.828493767    1.828438066    1.399214421
   11.231231231    1.757964521    1.758015960    1.024145544
   11.251251251    1.834475977    1.834545190   -0.540390097
   11.271271271    1.915071886    1.915149199   -1.027000452
   11.291291291    2.016705444    2.016817326   -0.689353541
   11.311311311    2.125572905    2.125719148   -0.503757415
   11.331331331    2.109045248    2.109053569   -0.635487313
   11.351351351    1.793129134    1.792788640   -0.516548354
   11.371371371    1.745207443    1.744856234   -0.152662129
   11.391391391    1.861004950    1.860690152    0.187004361
   11.411411411    1.874472700    1.874140772    0.445744674
   11.431431431    1.722065305    1.721765605    0.671490310
   11.451451451    1.725835815    1.725545052    0.846276853
   11.471471471    1.788452865    1.788152718    0.818623204
   11.491491491    1.889639774    1.889306700    0.797623546
   11.511511512    1.944549661    1.944308651    0.647855455
   11.531531532    1.945571291    1.945644407    0.558869482
   11.551551552    1.817697903    1.817819008    0.562647543
   11.571571572    1.728168049    1.728256207    0.807405876
   11.591591592    1.807929383    1.807980594    0.932444507
   11.611611612    1.907013910    1.907038795    0.950560319
   11.631631632    2.004714927    2.004720555    0.780414868
   11.651651652    2.095342505    2.095337901    0.875275177
   11.671671672    2.085701317    2.085713086    1.177340034
   11.691691692    1.990232010    1.990218135    1.468623927
   11.711711712    2.056634053    2.056593606    1.364095362
   11.731731732    2.073118375    2.073068339    1.196970687
   11.751751752    1.876197599    1.876159495    1.181204719
   11.771771772    1.880007053    1.879953323    1.348222335
   11.791791792    1.983492874    1.983403535    1.646673980
   11.811811812    2.053443520    2.053293045    1.999106797
   11.831831832    2.077819815    2.077686457    2.084112791
   11.851851852    2.066289477    2.066295717    2.156548551
   11.871871872    2.054779251    2.054911734    2.248143235
   11.891891892    2.132080968    2.132207620    1.296540755
   11.911911912    2.188453317    2.188553474    1.095599049
   11.931931932    2.108131322    2.108196036    1.613365897
   11.951951952    2.058711270    2.058733270    1.701699682
   11.971971972    2.076621033    2.076649139    1.243140440
   11.991991992    2.159989778    2.160029052    1.452237356
   12.012012012    2.239842756    2.239871064    1.395523997
   12.032032032    2.218452076    2.218403426    0.157702566
   12.052052052    2.102119477    2.102125380   -0.222545984
   12.072072072    2.119651551    2.119698991   -0.431992623
   12.092092092    2.214145120    2.214193711   -0.758627923
   12.112112112    2.317838476    2.317888355   -0.885632954
   12.132132132    2.422928434    2.422982120   -0.563860080
   12.152152152    2.531735060    2.531793783   -0.203976851
   12.172172172    2.654938769    2.655011759   -0.092100515
   12.192192192    2.792990069    2.793068777   -0.012491390
   12.212212212    2.823773215    2.823877217   -0.066574604
   12.232232232    2.717079909    2.717243183   -0.018525525
   12.252252252    2.519390594    2.519456027    0.187039137
   12.272272272    1.947962323    1.948108691    0.371213562
   12.292292292    1.839483302    1.839415179    0.414943630
   12.312312312    1.989371028    1.989130893    0.482419024
   12.332332332    2.167714080    2.167496891    0.628212202
   12.352352352    2.249267124    2.249048966    0.773010714
   12.372372372    2.222807807    2.222653482    0.908534710
   12.392392392    2.317248082    2.317148743    1.029086545
   12.412412412    2.443927614    2.443848507    1.101257459
   12.432432432    2.540143293    2.540051676    1.169192133
   12.452452452    2.547739315    2.547593794    1.262710234
   12.472472472    2.580678941    2.580509239    1.404794868
   12.492492492    2.708361577    2.708208992    1.566829228
   12.512512513    2.837630886    2.837484718    1.721423361
   12.532532533    2.921982724    2.921881500    1.794626147
   12.552552553    3.077905083    3.077834548    1.859569549
   12.572572573    3.110565162    3.110388643    1.721487852
   12.592592593    2.599353900    2.599007574    1.743250660
   12.612612613    2.393692998    2.393538247    1.849190024
   12.632632633    2.547560821    2.547470681    1.800921119
   12.652652653    2.722304083    2.722234883    1.849745306
   12.672672673    2.728864208    2.728711749    1.848141842
   12.692692693    2.734961817    2.734862661    2.063554092
   12.712712713    2.859512147    2.859388906    1.928696608
   12.732732733    2.835882284    2.835765581    1.527608907
   12.752752753    2.704170117    2.704024990    1.526563166
   12.772772773    2.782033067    2.781805775    1.710083877
   12.792792793    2.840908301    2.840792403    1.987628964
   12.812812813    3.019209962    3.019155221    1.972684855
   12.832832833    3.198843622    3.198773572    1.809579153
   12.852852853    3.324807955    3.324728268    1.867409415
   12.872872873    3.377483339    3.377398023    1.912909990
   12.892892893    3.595690845    3.595587822    1.990573047
   12.912912913    3.866165784    3.866040700    1.831290412
   12.932932933    3.872901304    3.872780956    1.690114992
   12.952952953    3.842784460    3.842716470    1.106324990
   12.972972973    4.061190343    4.061132836    0.944259129
   12.992992993    3.852651172    3.852607782    1.289694828
   13.013013013    3.350550964    3.350506543    1.591419306
   13.033033033    3.261853752    3.261841670    1.809273177
   13.053053053    2.964555108    2.964281905    2.088210996
   13.073073073    3.133619377    3.133395722    2.492166945
   13.093093093    3.536730649    3.536543372    2.317317528
   13.113113113    3.779303277    3.779102381    2.018070330
   13.133133133    4.089729426    4.089763813    2.021144015
   13.153153153    4.418930826    4.419268489    2.161328271
   13.173173173    4.688677199    4.688921454    2.285069223
   13.193193193    4.624124900    4.624263730    2.276136232
   13.213213213    3.999947467    3.999182936    2.332627785
   13.233233233    4.256384718    4.255835582    1.851362338
   13.253253253    4.490434543    4.489867290    1.088696807
   13.273273273    3.000572032    2.999173576    1.529934617
   13.293293293    2.190300814    2.188598709    2.264400949
   13.313313313    2.533905647    2.531933296    2.163625941
   13.333333333    2.624075518    2.623101423    0.387782559
   13.353353353    2.742329436    2.742477446    0.366906678
   13.373373373    3.239938335    3.240288569    1.147579209
   13.393393393    3.818737755    3.818775089    1.917753537
   13.413413413    3.317224741    3.317585554    2.198313127
   13.433433433    2.947690247    2.948263822    1.584830672
   13.453453453    3.414925404    3.415925728    1.519266395
   13.473473473    3.281086111    3.281837407    1.817727222
   13.493493493    3.473312272    3.473529984    1.602925592
   13.513513514    3.566432342    3.566427489    0.061085951
   13.533533534    4.209068899    4.209099334    0.058042718
   13.553553554    4.957445494    4.956937035    0.509806376
   13.573573574    2.731843171    2.730929389    0.277526702
   13.593593594   -0.014958239   -0.015243013    0.109838595
   13.613613614   -1.410194010   -1.409595677    0.436341413
   13.633633634   -0.967620183   -0.966249388    0.335391399
   13.653653654   -0.243812168   -0.242265396    0.298647182
   13.673673674    0.700691855    0.701919249   -0.474359653
   13.693693694    0.822362646    0.822478604   -0.923784810
   13.713713714    0.438548765    0.439175555   -0.640596566
   13.733733734    0.944185511    0.944427888   -0.512970879
   13.753753754    1.622196840    1.622358695   -0.523798769
   13.773773774    1.714834485    1.715328543   -0.252046121
   13.793793794    1.813095790    1.813612471    0.217135444
   13.813813814    1.351372423    1.350851389    0.618711061
   13.833833834    0.066412862    0.065531164    0.424206790
   13.853853854    0.321126389    0.320015726   -0.082969791
   13.873873874    1.032745203    1.032409313   -0.177850183
   13.893893894    1.778539895    1.778974556    0.132743150
   13.913913914    2.252636944    2.252927257   -0.340679660
   13.933933934    1.350595229    1.350982805   -0.785153618
   13.953953954    0.853801155    0.854760208   -0.308178387
   13.973973974    1.147517618    1.148244435    0.372556556
   13.993993994    1.649083217    1.650032708    0.534862735
   14.014014014    1.710940875    1.711909288    0.350727778
   14.034034034    1.456955382    1.458412328   -0.437003272
   14.054054054    1.516706612    1.516870008   -1.027001492
   14.074074074    0.930799666    0.930603381   -1.336241252
   14.094094094    1.351840482    1.351899415   -1.097147606
   14.114114114    2.143064432    2.142562191   -0.708719632
   14.134134134    3.016440295    3.015795818   -1.726075880
   14.154154154    3.428080439    3.427181661   -2.639477143
   14.174174174    2.200403039    2.200219015   -2.254994976
   14.194194194    1.780115266    1.780531404   -1.756251074
   14.214214214    1.873933513    1.873887799   -1.638963797
   14.234234234    0.928584353    0.934756405   -1.623707086
   14.254254254    0.603272780    0.608388643   -1.478316156
   14.274274274   -0.377284064   -0.377921959   -1.355136189
   14.294294294   -0.955202071   -0.956061173   -1.277307621
   14.314314314   -2.067292050   -2.067761970   -1.149716824
   14.334334334   -3.111618778   -3.111777391   -0.917499252
   14.354354354   -3.013284932   -3.012869150   -0.793142750
   14.374374374   -2.193233150   -2.192668731   -0.814214569
   14.394394394   -1.469494524   -1.469309601   -0.971136648
   14.414414414   -0.838483736   -0.838402417   -0.944154410
   14.434434434   -0.240460437   -0.240230516   -0.725622565
   14.454454454    0.424942785    0.425348307   -0.494950551
   14.474474474    1.113487844    1.114068255   -0.374359530
   14.494494494    1.492435589    1.493023778   -0.533237245
   14.514514515    0.771193004    0.771368200   -0.578014136
   14.534534535    0.250206520    0.249833857   -0.563990791
   14.554554555   -1.596344652   -1.596777396   -0.691660997
   14.574574575   -2.085946959   -2.085911101   -0.711254210
   14.594594595   -1.403763379   -1.403455671   -0.608850469
   14.614614615   -0.844227923   -0.843747288   -0.503841098
   14.634634635   -0.843463874   -0.843794837   -0.524217378
   14.654654655   -0.776166885   -0.777949943   -0.457109165
   14.674674675   -0.385426660   -0.388756294   -0.352148267
   14.694694695   -0.126484547   -0.127439706   -0.299948368
   14.714714715    0.200080554    0.200874382   -0.298401912
   14.734734735    0.654070017    0.654589186   -0.287661448
   14.754754755    0.721789534    0.723055025   -0.202214701
   14.774774775    0.263713734    0.264881659   -0.115521460
   14.794794795    0.290918203    0.292205863   -0.111273001
   14.814814815    0.889198211    0.890594545   -0.199217078
   14.834834835    1.257869101    1.259340452   -0.278336010
   14.854854855    0.398776464    0.400314338   -0.348435847
   14.874874875   -0.534027876   -0.533471423   -0.249220486
   14.894894895   -1.247320550   -1.247447122   -0.124476041
   14.914914915   -1.328178435   -1.328072874   -0.119634026
   14.934934935   -1.217468156   -1.218153186   -0.116081131
   14.954954955   -0.784932745   -0.785948240   -0.045231318
   14.974974975   -0.499840788   -0.500104286   -0.012637243
   14.994994995   -0.477965668   -0.478433481    0.007323166
   15.015015015   -0.116743231   -0.117313625    0.024132632
   15.035035035    0.184609773    0.184102757   -0.040128176
   15.055055055    0.029341752    0.028910558   -0.017112137
   15.075075075    0.205595832    0.205351156    0.046315325
   15.095095095    0.212021277    0.211651177    0.145385928
   15.115115115   -0.353649792   -0.354278722    0.169195400
   15.135135135   -0.826905392   -0.827322640    0.228913549
   15.155155155   -0.531100857   -0.531272464    0.336556667
   15.175175175   -0.037881069   -0.037979994    0.422176341
   15.195195195    0.416041519    0.416003018    0.392108826
   15.215215215    0.494695474    0.494603889    0.129293827
   15.235235235    0.124016975    0.124053484    0.027468412
   15.255255255    0.345341515    0.345511538   -0.138039261
   15.275275275    0.082860761    0.083028471   -0.126400388
   15.295295295   -0.527174328   -0.526658984   -0.020909543
   15.315315315   -0.305850657   -0.304100858   -0.075678316
   15.335335335   -0.445320986   -0.442497727   -0.036143841
   15.355355355   -0.920663980   -0.921728896    0.112235414
   15.375375375   -0.812757986   -0.815484243    0.192652478
   15.395395395   -0.757375720   -0.759640977    0.280799733
   15.415415415   -0.638740058   -0.640005700    0.193382642
   15.435435435   -0.331022155   -0.332046920   -0.019015886
   15.455455455   -0.009131641   -0.009975755   -0.357048627
   15.475475475    0.239405960    0.238612509   -0.393094992
   15.495495495   -0.031114133   -0.032200401   -0.312394483
   15.515515516   -0.270933521   -0.272122685   -0.254888225
   15.535535536   -0.241925977   -0.243043335   -0.147056659
   15.555555556   -0.062242415   -0.063252428   -0.028602949
   15.575575576    0.114344542    0.113769969    0.074681641
   15.595595596    0.296819901    0.296499069    0.096347272
   15.615615616    0.577830972    0.577512590    0.106228392
   15.635635636    0.878857433    0.878518668    0.096270372
   15.655655656    1.048351347    1.047920653    0.076565997
   15.675675676    0.659737359    0.659169143    0.112707636
   15.695695696    0.108273998    0.107816426    0.141290302
   15.715715716    0.296712589    0.296221215    0.156252286
   15.735735736    0.696712406    0.696245962    0.216036554
   15.755755756    1.119748762    1.119413699    0.251103981
   15.775775776    1.362694479    1.362288870    0.296146576
   15.795795796    1.102274351    1.101864116    0.236703928
   15.815815816    1.357093262    1.356748425    0.000411149
   15.835835836    1.681084073    1.680641688   -0.089463950
   15.855855856    0.494813143    0.494062429   -0.112295545
   15.875875876   -0.896139993   -0.896781912   -0.045670887
   15.895895896   -0.485223251   -0.485829252    0.023176811
   15.915915916    0.035659472    0.034864046   -0.017122688
   15.935935936    0.243900192    0.242948585   -0.023733670
   15.955955956   -0.506401140   -0.507281185    0.051840059
   15.975975976   -0.833673681   -0.834222223    0.055182282
   15.995995996   -1.113025182   -1.113418972    0.049058656
   16.016016016   -0.834940129   -0.835429901    0.114758781
   16.036036036   -0.495242055   -0.495814134    0.188030269
   16.056056056   -0.819710729   -0.820367040    0.221663480
   16.076076076   -1.032615352   -1.033126447    0.239974946
   16.096096096   -1.000624070   -1.001312484    0.269247032
   16.116116116   -1.002107689   -1.003160947    0.230413131
   16.136136136   -1.224278492   -1.225399937    0.284174600
   16.156156156   -0.991186599   -0.992463194    0.366464754
   16.176176176   -0.730484151   -0.732171692    0.303592939
   16.196196196   -0.500570763   -0.502735462    0.188220909
   16.216216216   -0.404323097   -0.404924899    0.185587940
   16.236236236   -0.635056813   -0.635856403    0.205700836
   16.256256256   -0.878154956   -0.877254603    0.218917037
   16.276276276   -0.812167571   -0.810608225    0.212944245
   16.296296296   -0.562068778   -0.560738808    0.218526715
   16.316316316   -0.310617889   -0.309559662    0.166374757
   16.336336336   -0.066121453   -0.065253848    0.169474077
   16.356356356    0.091382819    0.092031307    0.156745478
   16.376376376    0.110741967    0.111383749    0.217885336
   16.396396396   -0.349849987   -0.349189563    0.184463318
   16.416416416   -1.060774081   -1.060285500    0.134736435
   16.436436436   -1.054680958   -1.054299217    0.171004527
   16.456456456   -0.826676886   -0.826290450    0.171498396
   16.476476476   -0.618833110   -0.618427745    0.224897247
   16.496496496   -0.454851470   -0.454463380    0.186265672
   16.516516517   -0.324134379   -0.323662923    0.065255972
   16.536536537   -0.298986502   -0.298174575    0.083188837
   16.556556557   -0.241849289   -0.240732604    0.149195456
   16.576576577   -0.120017147   -0.118981134    0.174845338
   16.596596597    0.004610313    0.004149912    0.197062186
   16.616616617    0.135822522    0.134695174    0.258530049
   16.636636637    0.261305582    0.260347417    0.308417093
   16.656656657    0.323728519    0.322979366    0.300407492
   16.676676677    0.379338576    0.378760685    0.229087785
   16.696696697    0.453671592    0.453147869    0.198113113
   16.716716717    0.300039530    0.299385627    0.102285681
   16.736736737   -0.391828095   -0.392528497    0.067702259
   16.756756757   -0.791380106   -0.791888101    0.077363781
   16.776776777   -0.691348849   -0.691798819    0.114306844
   16.796796797   -0.476472643   -0.476859721    0.149023123
   16.816816817   -0.280070957   -0.280399618    0.184865433
   16.836836837   -0.104279227   -0.104580046    0.216753734
   16.856856857    0.043352536    0.042826782    0.243955839
   16.876876877    0.124371050    0.122966655    0.264216843
   16.896896897    0.048301610    0.044099699    0.284550205
   16.916916917   -0.151761941   -0.152342173    0.306188662
   16.936936937   -0.173186259   -0.172432516    0.324012789
   16.956956957   -0.054537063   -0.053967309    0.331926129
   16.976976977    0.085603608    0.085962622    0.343010524
   16.996996997    0.127625435    0.127927424    0.347985218
   17.017017017    0.130978974    0.131202524    0.360595064
   17.037037037   -0.026346964   -0.026273205    0.381287128
   17.057057057   -0.053879885   -0.053831530    0.401319038
   17.077077077    0.082249977    0.082183505    0.391927085
   17.097097097    0.237320026    0.237175284    0.381650705
   17.117117117    0.386422174    0.386256607    0.401418715
   17.137137137    0.478039179    0.477850947    0.397024374
   17.157157157    0.389776021    0.389487978    0.370909866
   17.177177177    0.302779721    0.302464306    0.349554905
   17.197197197    0.348723671    0.348320171    0.358888065
   17.217217217    0.277946472    0.277609943    0.374721423
   17.237237237    0.391988267    0.391750092    0.388564397
   17.257257257    0.512503500    0.512145697    0.409078684
   17.277277277    0.299782351    0.299176453    0.423838594
   17.297297297   -0.055349769   -0.056098207    0.410890432
   17.317317317   -0.222544806   -0.223334297    0.415335864
   17.337337337   -0.152739331   -0.153781630    0.437612999
   17.357357357   -0.187732404   -0.189089573    0.452245534
   17.377377377   -0.220241933   -0.221674010    0.461550445
   17.397397397   -0.318340288   -0.318133188    0.482627938
   17.417417417   -0.289581542   -0.288085665    0.489849289
   17.437437437   -0.160674813   -0.159612535    0.455789496
   17.457457457   -0.030058626   -0.029412762    0.417186328
   17.477477477    0.083485497    0.083964304    0.436858153
   17.497497497    0.178513097    0.178946114    0.465892721
   17.517517518    0.257081106    0.257505182    0.489923563
   17.537537538    0.329008550    0.329498240    0.493123884
   17.557557558    0.469746747    0.470233997    0.477001661
   17.577577578    0.620169806    0.620676892    0.483401407
   17.597597598    0.611452240    0.611729834    0.490586709
   17.617617618    0.326415886    0.326705521    0.501136250
   17.637637638   -0.001526262   -0.001414513    0.513276220
   17.657657658   -0.202931076   -0.203629877    0.517618971
   17.677677678   -0.220771973   -0.221005313    0.529197376
   17.697697698   -0.080235285   -0.080396378    0.552343548
   17.717717718    0.069580011    0.069480249    0.571895331
   17.737737738    0.208497606    0.208467852    0.554704080
   17.757757758    0.349399031    0.349430725    0.541044011
   17.777777778    0.506618726    0.506671130    0.561149841
   17.797797798    0.668847035    0.668795764    0.582301915
   17.817817818    0.750929421    0.750300768    0.597696771
   17.837837838    0.633774628    0.633537698    0.618950367
   17.857857858    0.235009759    0.235051621    0.626583671
   17.877877878    0.202830004    0.203004020    0.618445764
   17.897897898   -0.139462661   -0.139366068    0.621806262
   17.917917918   -0.256219023   -0.256120610    0.626239392
   17.937937938   -0.127441722   -0.127396269    0.572651496
   17.957957958   -0.043006837   -0.043063845    0.573103679
   17.977977978   -0.193240367   -0.193321708    0.610826278
   17.997997998   -0.140789394   -0.140863613    0.653751549
   18.018018018   -0.002927832   -0.003013261    0.698335353
   18.038038038    0.136264402    0.136176384    0.731847490
   18.058058058    0.154367415    0.154261151    0.731156817
   18.078078078    0.132099086    0.132073220    0.718939999
   18.098098098   -0.073846977   -0.073900290    0.600029181
   18.118118118   -0.190219877   -0.190268597    0.576357914
   18.138138138   -0.164077885   -0.164144309    0.636565943
   18.158158158   -0.109449760   -0.109514973    0.706145826
   18.178178178   -0.008509834   -0.008584321    0.776939629
   18.198198198    0.081255148    0.081169148    0.793310973
   18.218218218    0.168248195    0.168156443    0.779645520
   18.238238238    0.261307947    0.261212221    0.713385296
   18.258258258    0.350778827    0.350663237    0.544643115
   18.278278278    0.396481962    0.396307713    0.539631738
   18.298298298    0.435577679    0.435431534    0.546312384
   18.318318318    0.499857034    0.499721095    0.608450687
   18.338338338    0.282302559    0.282148296    0.679512201
   18.358358358    0.083760941    0.083496579    0.738383484
   18.378378378    0.104468272    0.104288666    0.632168690
   18.398398398    0.142412439    0.142286793    0.278580365
   18.418418418    0.181880542    0.181864978    0.256475120
   18.438438438    0.267792467    0.267866131    0.285834898
   18.458458458    0.302034702    0.301528366    0.247763486
   18.478478478    0.272910139    0.268472402    0.301222578
   18.498498498    0.094468760    0.091625767    0.369648526
   18.518518519    0.095468450    0.092913428    0.432404563
   18.538538539    0.112350631    0.113388301    0.459496733
   18.558558559    0.094765576    0.096472803    0.388946291
   18.578578579    0.110485436    0.111839020    0.368197067
   18.598598599    0.167472379    0.168453400    0.406076781
   18.618618619    0.242538131    0.243238926    0.448140791
   18.638638639    0.336787350    0.337335490    0.487282629
   18.658658659    0.378203387    0.378663982    0.508362568
   18.678678679    0.440676558    0.441071728    0.528153969
   18.698698699    0.433389983    0.433676561    0.538884204
   18.718718719    0.376780997    0.377070850    0.520870059
   18.738738739    0.265312882    0.265746734    0.515796700
   18.758758759   -0.071996604   -0.071449388    0.495954926
   18.778778779   -0.300618607   -0.300384995    0.458502782
   18.798798799   -0.235572294   -0.235382771    0.426749379
   18.818818819   -0.138953662   -0.138796735    0.430061527
   18.838838839   -0.037932548   -0.037810858    0.454609088
   18.858858859    0.017366169    0.017465203    0.482110789
   18.878878879    0.020758466    0.020806265    0.508048838
   18.898898899    0.048567047    0.048589469    0.529111380
   18.918918919    0.082574020    0.082622625    0.546064470
   18.938938939    0.146200897    0.146180402    0.564110604
   18.958958959    0.204696705    0.204611390    0.556408184
   18.978978979    0.241546428    0.241379278    0.553265826
   18.998998999    0.250784175    0.250479603    0.558110969
   19.019019019    0.248025951    0.247622457    0.558665609
   19.039039039    0.209643497    0.209622263    0.556553937
   19.059059059    0.175741922    0.176097636    0.552272579
   19.079079079    0.073936562    0.074276876    0.559010237
   19.099099099    0.071097675    0.071270440    0.575382524
   19.119119119    0.150800613    0.150902931    0.596663226
   19.139139139    0.236891406    0.236942812    0.618828324
   19.159159159    0.303982215    0.303999370    0.641139203
   19.179179179    0.299348819    0.299544451    0.660669674
   19.199199199    0.307116217    0.307564540    0.659675800
   19.219219219    0.256539322    0.256459809    0.633214325
   19.239239239    0.242374017    0.242330943    0.610287716
   19.259259259    0.189600287    0.189827566    0.630710557
   19.279279279    0.033316207    0.033730254    0.656850152
   19.299299299    0.014926625    0.015044067    0.682582185
   19.319319319    0.056425960    0.056490518    0.711506478
   19.339339339    0.113964035    0.114034100    0.693455562
   19.359359359    0.161545285    0.161624523    0.666123356
   19.379379379    0.209247104    0.209337902    0.707385361
   19.399399399    0.247074870    0.247170265    0.768003571
   19.419419419    0.247635909    0.247714131    0.798176488
   19.439439439    0.253453002    0.253512140    0.620958405
   19.459459459    0.272399008    0.272456300    0.448562543
   19.479479479    0.305960242    0.306022339    0.461495761
   19.499499499    0.345828077    0.345893280    0.515753703
   19.519519520    0.385079593    0.385142119    0.562886088
   19.539539540    0.432403076    0.432461823    0.587164576
   19.559559560    0.470263906    0.470309439    0.603126808
   19.579579580    0.427556237    0.427658525    0.580249889
   19.599599600    0.344066778    0.344231447    0.562330210
   19.619619620    0.347022141    0.347201745    0.571435397
   19.639639640    0.383047801    0.383234488    0.593933885
   19.659659660    0.442960998    0.443162089    0.621112458
   19.679679680    0.486379748    0.486464144    0.630766917
   19.699699700    0.457914528    0.457886753    0.641340952
   19.719719720    0.414450754    0.414153405    0.633085747
   19.739739740    0.362574310    0.362292017    0.638990161
   19.759759760    0.360008553    0.359752838    0.667477312
   19.779779780    0.319507095    0.319180098    0.703816543
   19.799799800    0.215072177    0.214636510    0.718113790
   19.819819820    0.210672891    0.210221449    0.656427113
   19.839839840    0.272185159    0.271754654    0.635924714
   19.859859860    0.339800218    0.339409736    0.674576089
   19.879879880    0.378805841    0.378448357    0.706622192
   19.899899900    0.394036858    0.393718396    0.729874754
   19.919919920    0.397200945    0.396793797    0.747102269
   19.939939940    0.415623988    0.415136933    0.787237097
   19.959959960    0.409762128    0.409276810    0.852099869
   19.979979980    0.362982873    0.362486665    0.839249989
   20.000000000    0.282824841    0.282298631    0.504790088
