# energy grid [eV]     ieps_x  ieps_y  ieps_z
#
    0.000000000    2.225699652    2.225689417    1.630194040
    0.020020020    2.225671920    2.225661685    1.630187590
    0.040040040    2.225615813    2.225605579    1.630174543
    0.060060060    2.225539187    2.225528953    1.630156726
    0.080080080    2.225442146    2.225431913    1.630134163
    0.100100100    2.225324706    2.225314474    1.630106855
    0.120120120    2.225186883    2.225176652    1.630074805
    0.140140140    2.225028696    2.225018466    1.630038014
    0.160160160    2.224850169    2.224839940    1.629996485
    0.180180180    2.224651326    2.224641099    1.629950221
    0.200200200    2.224432196    2.224421971    1.629899226
    0.220220220    2.224192810    2.224182587    1.629843502
    0.240240240    2.223933203    2.223922982    1.629783054
    0.260260260    2.223653411    2.223643192    1.629717887
    0.280280280    2.223353473    2.223343256    1.629648003
    0.300300300    2.223033433    2.223023218    1.629573410
    0.320320320    2.222693335    2.222683123    1.629494111
    0.340340340    2.222333228    2.222323019    1.629410112
    0.360360360    2.221953162    2.221942956    1.629321420
    0.380380380    2.221553191    2.221542989    1.629228039
    0.400400400    2.221133372    2.221123172    1.629129978
    0.420420420    2.220693763    2.220683567    1.629027243
    0.440440440    2.220234425    2.220224233    1.628919840
    0.460460460    2.219755424    2.219745235    1.628807778
    0.480480480    2.219256826    2.219246641    1.628691063
    0.500500501    2.218738700    2.218728519    1.628569705
    0.520520521    2.218201118    2.218190941    1.628443712
    0.540540541    2.217644156    2.217633983    1.628313091
    0.560560561    2.217067889    2.217057721    1.628177853
    0.580580581    2.216472399    2.216462235    1.628038007
    0.600600601    2.215857766    2.215847606    1.627893561
    0.620620621    2.215224075    2.215213920    1.627744527
    0.640640641    2.214571413    2.214561263    1.627590913
    0.660660661    2.213899868    2.213889724    1.627432732
    0.680680681    2.213209534    2.213199395    1.627269992
    0.700700701    2.212500503    2.212490369    1.627102706
    0.720720721    2.211772871    2.211762743    1.626930885
    0.740740741    2.211026737    2.211016614    1.626754540
    0.760760761    2.210262200    2.210252084    1.626573683
    0.780780781    2.209479364    2.209469254    1.626388327
    0.800800801    2.208678334    2.208668229    1.626198483
    0.820820821    2.207859215    2.207849117    1.626004164
    0.840840841    2.207022117    2.207012025    1.625805384
    0.860860861    2.206167151    2.206157065    1.625602155
    0.880880881    2.205294428    2.205284350    1.625394492
    0.900900901    2.204404065    2.204393993    1.625182407
    0.920920921    2.203496176    2.203486111    1.624965914
    0.940940941    2.202570881    2.202560823    1.624745028
    0.960960961    2.201628300    2.201618249    1.624519764
    0.980980981    2.200668554    2.200658510    1.624290135
    1.001001001    2.199691767    2.199681731    1.624056157
    1.021021021    2.198698065    2.198688036    1.623817845
    1.041041041    2.197687574    2.197677552    1.623575215
    1.061061061    2.196660422    2.196650408    1.623328281
    1.081081081    2.195616739    2.195606733    1.623077060
    1.101101101    2.194556657    2.194546660    1.622821567
    1.121121121    2.193480310    2.193470320    1.622561820
    1.141141141    2.192387830    2.192377848    1.622297834
    1.161161161    2.191279354    2.191269381    1.622029626
    1.181181181    2.190155018    2.190145054    1.621757213
    1.201201201    2.189014962    2.189005006    1.621480612
    1.221221221    2.187859324    2.187849376    1.621199840
    1.241241241    2.186688245    2.186678306    1.620914915
    1.261261261    2.185501867    2.185491937    1.620625855
    1.281281281    2.184300332    2.184290411    1.620332676
    1.301301301    2.183083786    2.183073874    1.620035397
    1.321321321    2.181852372    2.181842469    1.619734037
    1.341341341    2.180606236    2.180596343    1.619428613
    1.361361361    2.179345527    2.179335643    1.619119145
    1.381381381    2.178070390    2.178060516    1.618805650
    1.401401401    2.176780976    2.176771111    1.618488148
    1.421421421    2.175477432    2.175467577    1.618166657
    1.441441441    2.174159910    2.174150065    1.617841197
    1.461461461    2.172828560    2.172818725    1.617511787
    1.481481481    2.171483534    2.171473708    1.617178447
    1.501501502    2.170124984    2.170115168    1.616841195
    1.521521522    2.168753062    2.168743256    1.616500052
    1.541541542    2.167367922    2.167358127    1.616155038
    1.561561562    2.165969717    2.165959932    1.615806172
    1.581581582    2.164558603    2.164548828    1.615453475
    1.601601602    2.163134732    2.163124969    1.615096966
    1.621621622    2.161698262    2.161688508    1.614736667
    1.641641642    2.160249346    2.160239603    1.614372597
    1.661661662    2.158788140    2.158778408    1.614004777
    1.681681682    2.157314801    2.157305080    1.613633229
    1.701701702    2.155829484    2.155819774    1.613257971
    1.721721722    2.154332347    2.154322647    1.612879026
    1.741741742    2.152823544    2.152813856    1.612496415
    1.761761762    2.151303234    2.151293556    1.612110158
    1.781781782    2.149771571    2.149761905    1.611720277
    1.801801802    2.148228715    2.148219060    1.611326792
    1.821821822    2.146674820    2.146665176    1.610929726
    1.841841842    2.145110043    2.145100411    1.610529099
    1.861861862    2.143534542    2.143524922    1.610124933
    1.881881882    2.141948473    2.141938864    1.609717250
    1.901901902    2.140351991    2.140342394    1.609306071
    1.921921922    2.138745254    2.138735668    1.608891418
    1.941941942    2.137128416    2.137118842    1.608473313
    1.961961962    2.135501635    2.135492073    1.608051777
    1.981981982    2.133865065    2.133855514    1.607626832
    2.002002002    2.132218861    2.132209323    1.607198501
    2.022022022    2.130563179    2.130553652    1.606766804
    2.042042042    2.128898172    2.128888658    1.606331765
    2.062062062    2.127223996    2.127214493    1.605893405
    2.082082082    2.125540803    2.125531312    1.605451746
    2.102102102    2.123848747    2.123839268    1.605006811
    2.122122122    2.122147980    2.122138514    1.604558622
    2.142142142    2.120438655    2.120429201    1.604107200
    2.162162162    2.118720924    2.118711482    1.603652568
    2.182182182    2.116994937    2.116985508    1.603194748
    2.202202202    2.115260846    2.115251429    1.602733763
    2.222222222    2.113518800    2.113509395    1.602269635
    2.242242242    2.111768948    2.111759556    1.601802386
    2.262262262    2.110011441    2.110002061    1.601332039
    2.282282282    2.108246424    2.108237057    1.600858615
    2.302302302    2.106474047    2.106464692    1.600382137
    2.322322322    2.104694455    2.104685113    1.599902628
    2.342342342    2.102907794    2.102898465    1.599420110
    2.362362362    2.101114210    2.101104894    1.598934606
    2.382382382    2.099313847    2.099304543    1.598446136
    2.402402402    2.097506848    2.097497558    1.597954725
    2.422422422    2.095693357    2.095684079    1.597460395
    2.442442442    2.093873515    2.093864250    1.596963167
    2.462462462    2.092047464    2.092038211    1.596463064
    2.482482482    2.090215342    2.090206103    1.595960108
    2.502502503    2.088377291    2.088368064    1.595454323
    2.522522523    2.086533448    2.086524234    1.594945729
    2.542542543    2.084683951    2.084674750    1.594434350
    2.562562563    2.082828936    2.082819749    1.593920207
    2.582582583    2.080968540    2.080959365    1.593403323
    2.602602603    2.079102896    2.079093734    1.592883720
    2.622622623    2.077232138    2.077222990    1.592361421
    2.642642643    2.075356400    2.075347265    1.591836447
    2.662662663    2.073475813    2.073466691    1.591308820
    2.682682683    2.071590508    2.071581398    1.590778564
    2.702702703    2.069700614    2.069691517    1.590245699
    2.722722723    2.067806260    2.067797177    1.589710248
    2.742742743    2.065907574    2.065898504    1.589172233
    2.762762763    2.064004683    2.063995626    1.588631675
    2.782782783    2.062097711    2.062088667    1.588088598
    2.802802803    2.060186784    2.060177753    1.587543022
    2.822822823    2.058272025    2.058263007    1.586994969
    2.842842843    2.056353556    2.056344552    1.586444462
    2.862862863    2.054431498    2.054422507    1.585891522
    2.882882883    2.052505973    2.052496995    1.585336171
    2.902902903    2.050577098    2.050568133    1.584778430
    2.922922923    2.048644991    2.048636040    1.584218321
    2.942942943    2.046709771    2.046700832    1.583655866
    2.962962963    2.044771551    2.044762626    1.583091086
    2.982982983    2.042830448    2.042821536    1.582524003
    3.003003003    2.040886573    2.040877675    1.581954637
    3.023023023    2.038940041    2.038931156    1.581383011
    3.043043043    2.036990962    2.036982090    1.580809146
    3.063063063    2.035039446    2.035030587    1.580233062
    3.083083083    2.033085601    2.033076756    1.579654782
    3.103103103    2.031129537    2.031120705    1.579074326
    3.123123123    2.029171360    2.029162541    1.578491714
    3.143143143    2.027211174    2.027202369    1.577906970
    3.163163163    2.025249086    2.025240293    1.577320112
    3.183183183    2.023285197    2.023276418    1.576731162
    3.203203203    2.021319610    2.021310844    1.576140141
    3.223223223    2.019352426    2.019343673    1.575547069
    3.243243243    2.017383745    2.017375005    1.574951967
    3.263263263    2.015413666    2.015404939    1.574354857
    3.283283283    2.013442285    2.013433572    1.573755757
    3.303303303    2.011469701    2.011461001    1.573154689
    3.323323323    2.009496007    2.009487320    1.572551673
    3.343343343    2.007521298    2.007512624    1.571946730
    3.363363363    2.005545667    2.005537007    1.571339879
    3.383383383    2.003569206    2.003560559    1.570731141
    3.403403403    2.001592006    2.001583372    1.570120536
    3.423423423    1.999614156    1.999605535    1.569508084
    3.443443443    1.997635745    1.997627137    1.568893805
    3.463463463    1.995656861    1.995648266    1.568277718
    3.483483483    1.993677589    1.993669007    1.567659844
    3.503503504    1.991698014    1.991689446    1.567040202
    3.523523524    1.989718222    1.989709666    1.566418812
    3.543543544    1.987738294    1.987729752    1.565795693
    3.563563564    1.985758313    1.985749784    1.565170865
    3.583583584    1.983778360    1.983769843    1.564544348
    3.603603604    1.981798513    1.981790010    1.563916160
    3.623623624    1.979818853    1.979810362    1.563286321
    3.643643644    1.977839456    1.977830978    1.562654850
    3.663663664    1.975860398    1.975851934    1.562021766
    3.683683684    1.973881756    1.973873304    1.561387088
    3.703703704    1.971903603    1.971895164    1.560750835
    3.723723724    1.969926013    1.969917587    1.560113026
    3.743743744    1.967949058    1.967940645    1.559473679
    3.763763764    1.965972809    1.965964409    1.558832814
    3.783783784    1.963997337    1.963988949    1.558190448
    3.803803804    1.962022710    1.962014335    1.557546601
    3.823823824    1.960048996    1.960040635    1.556901291
    3.843843844    1.958076264    1.958067915    1.556254536
    3.863863864    1.956104578    1.956096242    1.555606354
    3.883883884    1.954134003    1.954125680    1.554956764
    3.903903904    1.952164605    1.952156295    1.554305783
    3.923923924    1.950196446    1.950188148    1.553653430
    3.943943944    1.948229588    1.948221302    1.552999723
    3.963963964    1.946264092    1.946255819    1.552344679
    3.983983984    1.944300018    1.944291758    1.551688316
    4.004004004    1.942337426    1.942329179    1.551030653
    4.024024024    1.940376374    1.940368139    1.550371705
    4.044044044    1.938416919    1.938408697    1.549711491
    4.064064064    1.936459118    1.936450908    1.549050029
    4.084084084    1.934503026    1.934494828    1.548387335
    4.104104104    1.932548697    1.932540512    1.547723428
    4.124124124    1.930596185    1.930588013    1.547058323
    4.144144144    1.928645544    1.928637384    1.546392038
    4.164164164    1.926696824    1.926688676    1.545724591
    4.184184184    1.924750076    1.924741941    1.545055997
    4.204204204    1.922805352    1.922797229    1.544386274
    4.224224224    1.920862699    1.920854589    1.543715439
    4.244244244    1.918922167    1.918914068    1.543043507
    4.264264264    1.916983802    1.916975716    1.542370497
    4.284284284    1.915047651    1.915039577    1.541696424
    4.304304304    1.913113761    1.913105699    1.541021304
    4.324324324    1.911182175    1.911174126    1.540345154
    4.344344344    1.909252939    1.909244902    1.539667990
    4.364364364    1.907326095    1.907318070    1.538989828
    4.384384384    1.905401686    1.905393673    1.538310684
    4.404404404    1.903479753    1.903471753    1.537630575
    4.424424424    1.901560339    1.901552350    1.536949515
    4.444444444    1.899643482    1.899635505    1.536267522
    4.464464464    1.897729221    1.897721257    1.535584610
    4.484484484    1.895817597    1.895809644    1.534900795
    4.504504505    1.893908646    1.893900705    1.534216092
    4.524524525    1.892002406    1.891994477    1.533530518
    4.544544545    1.890098913    1.890090995    1.532844087
    4.564564565    1.888198202    1.888190296    1.532156814
    4.584584585    1.886300308    1.886292415    1.531468716
    4.604604605    1.884405267    1.884397385    1.530779806
    4.624624625    1.882513110    1.882505240    1.530090100
    4.644644645    1.880623871    1.880616013    1.529399613
    4.664664665    1.878737583    1.878729736    1.528708360
    4.684684685    1.876854276    1.876846441    1.528016356
    4.704704705    1.874973980    1.874966157    1.527323614
    4.724724725    1.873096727    1.873088916    1.526630150
    4.744744745    1.871222546    1.871214746    1.525935979
    4.764764765    1.869351465    1.869343676    1.525241114
    4.784784785    1.867483512    1.867475735    1.524545570
    4.804804805    1.865618716    1.865610950    1.523849361
    4.824824825    1.863757102    1.863749348    1.523152502
    4.844844845    1.861898697    1.861890954    1.522455006
    4.864864865    1.860043527    1.860035795    1.521756887
    4.884884885    1.858191616    1.858183896    1.521058160
    4.904904905    1.856342989    1.856335281    1.520358839
    4.924924925    1.854497671    1.854489974    1.519658936
    4.944944945    1.852655683    1.852647997    1.518958466
    4.964964965    1.850817049    1.850809375    1.518257442
    4.984984985    1.848981792    1.848974128    1.517555878
    5.005005005    1.847149931    1.847142279    1.516853787
    5.025025025    1.845321490    1.845313849    1.516151182
    5.045045045    1.843496487    1.843488857    1.515448077
    5.065065065    1.841674943    1.841667324    1.514744485
    5.085085085    1.839856877    1.839849269    1.514040420
    5.105105105    1.838042309    1.838034712    1.513335893
    5.125125125    1.836231256    1.836223670    1.512630918
    5.145145145    1.834423736    1.834416161    1.511925508
    5.165165165    1.832619767    1.832612203    1.511219676
    5.185185185    1.830819365    1.830811813    1.510513434
    5.205205205    1.829022548    1.829015006    1.509806794
    5.225225225    1.827229330    1.827221799    1.509099771
    5.245245245    1.825439728    1.825432208    1.508392375
    5.265265265    1.823653756    1.823646247    1.507684619
    5.285285285    1.821871429    1.821863930    1.506976517
    5.305305305    1.820092760    1.820085272    1.506268078
    5.325325325    1.818317763    1.818310286    1.505559317
    5.345345345    1.816546453    1.816538986    1.504850245
    5.365365365    1.814778840    1.814771384    1.504140873
    5.385385385    1.813014938    1.813007493    1.503431215
    5.405405405    1.811254758    1.811247324    1.502721281
    5.425425425    1.809498312    1.809490888    1.502011084
    5.445445445    1.807745611    1.807738198    1.501300635
    5.465465465    1.805996666    1.805989263    1.500589945
    5.485485485    1.804251487    1.804244094    1.499879027
    5.505505506    1.802510083    1.802502701    1.499167891
    5.525525526    1.800772464    1.800765093    1.498456550
    5.545545546    1.799038640    1.799031279    1.497745013
    5.565565566    1.797308619    1.797301268    1.497033294
    5.585585586    1.795582409    1.795575068    1.496321402
    5.605605606    1.793860018    1.793852688    1.495609348
    5.625625626    1.792141455    1.792134135    1.494897145
    5.645645646    1.790426726    1.790419416    1.494184802
    5.665665666    1.788715838    1.788708538    1.493472330
    5.685685686    1.787008798    1.787001509    1.492759741
    5.705705706    1.785305613    1.785298333    1.492047044
    5.725725726    1.783606287    1.783599018    1.491334251
    5.745745746    1.781910828    1.781903569    1.490621373
    5.765765766    1.780219239    1.780211991    1.489908418
    5.785785786    1.778531527    1.778524289    1.489195399
    5.805805806    1.776847696    1.776840468    1.488482325
    5.825825826    1.775167750    1.775160532    1.487769206
    5.845845846    1.773491694    1.773484485    1.487056053
    5.865865866    1.771819531    1.771812332    1.486342876
    5.885885886    1.770151264    1.770144076    1.485629685
    5.905905906    1.768486898    1.768479719    1.484916490
    5.925925926    1.766826435    1.766819266    1.484203300
    5.945945946    1.765169877    1.765162718    1.483490126
    5.965965966    1.763517228    1.763510079    1.482776977
    5.985985986    1.761868489    1.761861349    1.482063863
    6.006006006    1.760223662    1.760216532    1.481350793
    6.026026026    1.758582750    1.758575629    1.480637778
    6.046046046    1.756945752    1.756938642    1.479924826
    6.066066066    1.755312671    1.755305570    1.479211947
    6.086086086    1.753683508    1.753676417    1.478499150
    6.106106106    1.752058263    1.752051181    1.477786445
    6.126126126    1.750436936    1.750429864    1.477073841
    6.146146146    1.748819528    1.748812466    1.476361347
    6.166166166    1.747206040    1.747198987    1.475648971
    6.186186186    1.745596469    1.745589426    1.474936724
    6.206206206    1.743990817    1.743983783    1.474224613
    6.226226226    1.742389083    1.742382059    1.473512648
    6.246246246    1.740791266    1.740784250    1.472800838
    6.266266266    1.739197364    1.739190358    1.472089191
    6.286286286    1.737607377    1.737600380    1.471377715
    6.306306306    1.736021302    1.736014315    1.470666421
    6.326326326    1.734439140    1.734432162    1.469955315
    6.346346346    1.732860887    1.732853918    1.469244406
    6.366366366    1.731286541    1.731279582    1.468533704
    6.386386386    1.729716101    1.729709151    1.467823216
    6.406406406    1.728149564    1.728142623    1.467112950
    6.426426426    1.726586928    1.726579996    1.466402915
    6.446446446    1.725028189    1.725021267    1.465693118
    6.466466466    1.723473345    1.723466432    1.464983569
    6.486486486    1.721922393    1.721915490    1.464274274
    6.506506507    1.720375330    1.720368436    1.463565242
    6.526526527    1.718832153    1.718825267    1.462856481
    6.546546547    1.717292857    1.717285980    1.462147999
    6.566566567    1.715757439    1.715750572    1.461439802
    6.586586587    1.714225896    1.714219037    1.460731900
    6.606606607    1.712698223    1.712691373    1.460024299
    6.626626627    1.711174417    1.711167576    1.459317008
    6.646646647    1.709654472    1.709647640    1.458610033
    6.666666667    1.708138385    1.708131562    1.457903382
    6.686686687    1.706626152    1.706619338    1.457197063
    6.706706707    1.705117767    1.705110962    1.456491082
    6.726726727    1.703613225    1.703606429    1.455785448
    6.746746747    1.702112523    1.702105736    1.455080167
    6.766766767    1.700615655    1.700608876    1.454375247
    6.786786787    1.699122615    1.699115845    1.453670694
    6.806806807    1.697633399    1.697626637    1.452966516
    6.826826827    1.696148000    1.696141248    1.452262719
    6.846846847    1.694666415    1.694659671    1.451559311
    6.866866867    1.693188637    1.693181901    1.450856298
    6.886886887    1.691714660    1.691707933    1.450153687
    6.906906907    1.690244478    1.690237760    1.449451485
    6.926926927    1.688778086    1.688771377    1.448749699
    6.946946947    1.687315478    1.687308777    1.448048334
    6.966966967    1.685856647    1.685849955    1.447347399
    6.986986987    1.684401588    1.684394905    1.446646898
    7.007007007    1.682950294    1.682943619    1.445946840
    7.027027027    1.681502759    1.681496092    1.445247229
    7.047047047    1.680058976    1.680052318    1.444548073
    7.067067067    1.678618938    1.678612289    1.443849377
    7.087087087    1.677182640    1.677175999    1.443151149
    7.107107107    1.675750074    1.675743441    1.442453393
    7.127127127    1.674321233    1.674314609    1.441756117
    7.147147147    1.672896111    1.672889495    1.441059326
    7.167167167    1.671474701    1.671468093    1.440363026
    7.187187187    1.670056996    1.670050396    1.439667224
    7.207207207    1.668642988    1.668636397    1.438971924
    7.227227227    1.667232670    1.667226088    1.438277134
    7.247247247    1.665826036    1.665819462    1.437582858
    7.267267267    1.664423078    1.664416512    1.436889103
    7.287287287    1.663023788    1.663017230    1.436195874
    7.307307307    1.661628159    1.661621609    1.435503177
    7.327327327    1.660236184    1.660229642    1.434811017
    7.347347347    1.658847855    1.658841322    1.434119400
    7.367367367    1.657463164    1.657456639    1.433428332
    7.387387387    1.656082104    1.656075587    1.432737817
    7.407407407    1.654704667    1.654698158    1.432047862
    7.427427427    1.653330846    1.653324345    1.431358471
    7.447447447    1.651960632    1.651954139    1.430669650
    7.467467467    1.650594017    1.650587532    1.429981404
    7.487487487    1.649230994    1.649224518    1.429293739
    7.507507508    1.647871555    1.647865086    1.428606658
    7.527527528    1.646515692    1.646509231    1.427920168
    7.547547548    1.645163396    1.645156943    1.427234274
    7.567567568    1.643814659    1.643808215    1.426548980
    7.587587588    1.642469474    1.642463037    1.425864291
    7.607607608    1.641127832    1.641121404    1.425180213
    7.627627628    1.639789726    1.639783305    1.424496749
    7.647647648    1.638455145    1.638448732    1.423813906
    7.667667668    1.637124084    1.637117679    1.423131687
    7.687687688    1.635796532    1.635790135    1.422450097
    7.707707708    1.634472482    1.634466093    1.421769141
    7.727727728    1.633151926    1.633145544    1.421088823
    7.747747748    1.631834854    1.631828480    1.420409149
    7.767767768    1.630521259    1.630514893    1.419730122
    7.787787788    1.629211132    1.629204774    1.419051747
    7.807807808    1.627904464    1.627898114    1.418374029
    7.827827828    1.626601248    1.626594905    1.417696971
    7.847847848    1.625301473    1.625295138    1.417020579
    7.867867868    1.624005133    1.623998805    1.416344855
    7.887887888    1.622712218    1.622705898    1.415669806
    7.907907908    1.621422719    1.621416407    1.414995434
    7.927927928    1.620136628    1.620130324    1.414321744
    7.947947948    1.618853937    1.618847640    1.413648739
    7.967967968    1.617574636    1.617568347    1.412976425
    7.987987988    1.616298717    1.616292435    1.412304805
    8.008008008    1.615026171    1.615019897    1.411633883
    8.028028028    1.613756990    1.613750723    1.410963663
    8.048048048    1.612491164    1.612484905    1.410294148
    8.068068068    1.611228685    1.611222433    1.409625344
    8.088088088    1.609969544    1.609963300    1.408957252
    8.108108108    1.608713733    1.608707496    1.408289878
    8.128128128    1.607461242    1.607455013    1.407623224
    8.148148148    1.606212063    1.606205841    1.406957296
    8.168168168    1.604966187    1.604959973    1.406292095
    8.188188188    1.603723605    1.603717398    1.405627626
    8.208208208    1.602484308    1.602478108    1.404963892
    8.228228228    1.601248287    1.601242095    1.404300897
    8.248248248    1.600015534    1.600009350    1.403638644
    8.268268268    1.598786040    1.598779863    1.402977137
    8.288288288    1.597559796    1.597553626    1.402316378
    8.308308308    1.596336792    1.596330630    1.401656373
    8.328328328    1.595117021    1.595110866    1.400997122
    8.348348348    1.593900473    1.593894325    1.400338631
    8.368368368    1.592687139    1.592680998    1.399680902
    8.388388388    1.591477010    1.591470877    1.399023938
    8.408408408    1.590270079    1.590263952    1.398367742
    8.428428428    1.589066334    1.589060215    1.397712318
    8.448448448    1.587865769    1.587859657    1.397057669
    8.468468468    1.586668374    1.586662269    1.396403797
    8.488488488    1.585474139    1.585468042    1.395750706
    8.508508509    1.584283057    1.584276967    1.395098399
    8.528528529    1.583095118    1.583089035    1.394446878
    8.548548549    1.581910314    1.581904238    1.393796146
    8.568568569    1.580728635    1.580722566    1.393146207
    8.588588589    1.579550073    1.579544011    1.392497062
    8.608608609    1.578374618    1.578368564    1.391848716
    8.628628629    1.577202263    1.577196215    1.391201170
    8.648648649    1.576032998    1.576026957    1.390554427
    8.668668669    1.574866814    1.574860780    1.389908490
    8.688688689    1.573703702    1.573697676    1.389263361
    8.708708709    1.572543655    1.572537635    1.388619044
    8.728728729    1.571386662    1.571380649    1.387975540
    8.748748749    1.570232715    1.570226710    1.387332853
    8.768768769    1.569081805    1.569075807    1.386690984
    8.788788789    1.567933924    1.567927933    1.386049936
    8.808808809    1.566789062    1.566783078    1.385409712
    8.828828829    1.565647211    1.565641234    1.384770313
    8.848848849    1.564508363    1.564502392    1.384131743
    8.868868869    1.563372507    1.563366544    1.383494004
    8.888888889    1.562239637    1.562233680    1.382857097
    8.908908909    1.561109742    1.561103792    1.382221026
    8.928928929    1.559982814    1.559976872    1.381585792
    8.948948949    1.558858845    1.558852909    1.380951397
    8.968968969    1.557737826    1.557731897    1.380317844
    8.988988989    1.556619747    1.556613825    1.379685135
    9.009009009    1.555504601    1.555498686    1.379053272
    9.029029029    1.554392379    1.554386471    1.378422256
    9.049049049    1.553283072    1.553277170    1.377792091
    9.069069069    1.552176672    1.552170777    1.377162778
    9.089089089    1.551073169    1.551067281    1.376534318
    9.109109109    1.549972555    1.549966674    1.375906715
    9.129129129    1.548874823    1.548868948    1.375279969
    9.149149149    1.547779962    1.547774094    1.374654083
    9.169169169    1.546687965    1.546682104    1.374029058
    9.189189189    1.545598823    1.545592969    1.373404897
    9.209209209    1.544512527    1.544506680    1.372781600
    9.229229229    1.543429070    1.543423229    1.372159171
    9.249249249    1.542348442    1.542342608    1.371537610
    9.269269269    1.541270635    1.541264807    1.370916919
    9.289289289    1.540195641    1.540189820    1.370297101
    9.309309309    1.539123450    1.539117636    1.369678155
    9.329329329    1.538054056    1.538048248    1.369060085
    9.349349349    1.536987449    1.536981648    1.368442892
    9.369369369    1.535923621    1.535917826    1.367826577
    9.389389389    1.534862563    1.534856775    1.367211142
    9.409409409    1.533804268    1.533798486    1.366596588
    9.429429429    1.532748726    1.532742951    1.365982917
    9.449449449    1.531695930    1.531690162    1.365370130
    9.469469469    1.530645871    1.530640110    1.364758229
    9.489489489    1.529598542    1.529592787    1.364147215
    9.509509510    1.528553933    1.528548185    1.363537089
    9.529529530    1.527512037    1.527506295    1.362927853
    9.549549550    1.526472845    1.526467109    1.362319508
    9.569569570    1.525436349    1.525430620    1.361712055
    9.589589590    1.524402541    1.524396818    1.361105496
    9.609609610    1.523371413    1.523365697    1.360499832
    9.629629630    1.522342956    1.522337247    1.359895063
    9.649649650    1.521317163    1.521311460    1.359291192
    9.669669670    1.520294026    1.520288329    1.358688219
    9.689689690    1.519273535    1.519267845    1.358086146
    9.709709710    1.518255685    1.518250001    1.357484973
    9.729729730    1.517240465    1.517234788    1.356884702
    9.749749750    1.516227868    1.516222198    1.356285333
    9.769769770    1.515217887    1.515212223    1.355686868
    9.789789790    1.514210513    1.514204855    1.355089308
    9.809809810    1.513205739    1.513200087    1.354492654
    9.829829830    1.512203556    1.512197910    1.353896906
    9.849849850    1.511203956    1.511198317    1.353302066
    9.869869870    1.510206932    1.510201299    1.352708134
    9.889889890    1.509212476    1.509206849    1.352115112
    9.909909910    1.508220579    1.508214959    1.351523000
    9.929929930    1.507231235    1.507225621    1.350931799
    9.949949950    1.506244435    1.506238827    1.350341510
    9.969969970    1.505260171    1.505254570    1.349752134
    9.989989990    1.504278437    1.504272842    1.349163671
   10.010010010    1.503299223    1.503293634    1.348576123
   10.030030030    1.502322522    1.502316940    1.347989489
   10.050050050    1.501348327    1.501342751    1.347403771
   10.070070070    1.500376630    1.500371060    1.346818970
   10.090090090    1.499407423    1.499401859    1.346235085
   10.110110110    1.498440699    1.498435141    1.345652118
   10.130130130    1.497476450    1.497470898    1.345070070
   10.150150150    1.496514668    1.496509123    1.344488940
   10.170170170    1.495555346    1.495549807    1.343908730
   10.190190190    1.494598477    1.494592944    1.343329440
   10.210210210    1.493644052    1.493638526    1.342751070
   10.230230230    1.492692065    1.492686545    1.342173622
   10.250250250    1.491742507    1.491736993    1.341597095
   10.270270270    1.490795373    1.490789864    1.341021490
   10.290290290    1.489850653    1.489845151    1.340446808
   10.310310310    1.488908340    1.488902844    1.339873049
   10.330330330    1.487968428    1.487962938    1.339300213
   10.350350350    1.487030909    1.487025425    1.338728301
   10.370370370    1.486095775    1.486090298    1.338157313
   10.390390390    1.485163020    1.485157548    1.337587249
   10.410410410    1.484232635    1.484227170    1.337018110
   10.430430430    1.483304614    1.483299155    1.336449897
   10.450450450    1.482378949    1.482373496    1.335882609
   10.470470470    1.481455634    1.481450187    1.335316247
   10.490490490    1.480534661    1.480529220    1.334750811
   10.510510511    1.479616022    1.479610587    1.334186301
   10.530530531    1.478699711    1.478694282    1.333622718
   10.550550551    1.477785721    1.477780298    1.333060061
   10.570570571    1.476874044    1.476868627    1.332498331
   10.590590591    1.475964673    1.475959262    1.331937529
   10.610610611    1.475057602    1.475052197    1.331377654
   10.630630631    1.474152823    1.474147424    1.330818706
   10.650650651    1.473250329    1.473244936    1.330260685
   10.670670671    1.472350113    1.472344726    1.329703593
   10.690690691    1.471452169    1.471446787    1.329147428
   10.710710711    1.470556488    1.470551113    1.328592191
   10.730730731    1.469663065    1.469657696    1.328037882
   10.750750751    1.468771893    1.468766530    1.327484501
   10.770770771    1.467882964    1.467877607    1.326932047
   10.790790791    1.466996272    1.466990920    1.326380522
   10.810810811    1.466111810    1.466106464    1.325829925
   10.830830831    1.465229570    1.465224230    1.325280255
   10.850850851    1.464349547    1.464344213    1.324731514
   10.870870871    1.463471734    1.463466406    1.324183700
   10.890890891    1.462596123    1.462590801    1.323636814
   10.910910911    1.461722708    1.461717392    1.323090856
   10.930930931    1.460851482    1.460846172    1.322545826
   10.950950951    1.459982439    1.459977135    1.322001723
   10.970970971    1.459115572    1.459110273    1.321458547
   10.990990991    1.458250874    1.458245582    1.320916298
   11.011011011    1.457388339    1.457383052    1.320374977
   11.031031031    1.456527960    1.456522679    1.319834583
   11.051051051    1.455669731    1.455664456    1.319295115
   11.071071071    1.454813644    1.454808375    1.318756573
   11.091091091    1.453959694    1.453954431    1.318218958
   11.111111111    1.453107874    1.453102616    1.317682269
   11.131131131    1.452258178    1.452252925    1.317146506
   11.151151151    1.451410598    1.451405351    1.316611669
   11.171171171    1.450565129    1.450559888    1.316077757
   11.191191191    1.449721764    1.449716529    1.315544769
   11.211211211    1.448880496    1.448875267    1.315012707
   11.231231231    1.448041320    1.448036097    1.314481569
   11.251251251    1.447204229    1.447199012    1.313951355
   11.271271271    1.446369217    1.446364005    1.313422064
   11.291291291    1.445536277    1.445531071    1.312893697
   11.311311311    1.444705403    1.444700202    1.312366254
   11.331331331    1.443876589    1.443871394    1.311839732
   11.351351351    1.443049828    1.443044639    1.311314133
   11.371371371    1.442225115    1.442219931    1.310789456
   11.391391391    1.441402443    1.441397265    1.310265701
   11.411411411    1.440581806    1.440576633    1.309742866
   11.431431431    1.439763197    1.439758030    1.309220952
   11.451451451    1.438946611    1.438941450    1.308699958
   11.471471471    1.438132042    1.438126886    1.308179884
   11.491491491    1.437319483    1.437314333    1.307660730
   11.511511512    1.436508928    1.436503784    1.307142493
   11.531531532    1.435700372    1.435695233    1.306625176
   11.551551552    1.434893807    1.434888674    1.306108775
   11.571571572    1.434089229    1.434084102    1.305593293
   11.591591592    1.433286632    1.433281510    1.305078726
   11.611611612    1.432486008    1.432480892    1.304565076
   11.631631632    1.431687353    1.431682242    1.304052342
   11.651651652    1.430890660    1.430885555    1.303540523
   11.671671672    1.430095923    1.430090824    1.303029618
   11.691691692    1.429303138    1.429298044    1.302519627
   11.711711712    1.428512296    1.428507208    1.302010549
   11.731731732    1.427723394    1.427718311    1.301502384
   11.751751752    1.426936424    1.426931347    1.300995131
   11.771771772    1.426151382    1.426146311    1.300488790
   11.791791792    1.425368261    1.425363195    1.299983359
   11.811811812    1.424587056    1.424581996    1.299478839
   11.831831832    1.423807761    1.423802706    1.298975228
   11.851851852    1.423030370    1.423025320    1.298472526
   11.871871872    1.422254877    1.422249833    1.297970733
   11.891891892    1.421481277    1.421476238    1.297469846
   11.911911912    1.420709564    1.420704531    1.296969867
   11.931931932    1.419939732    1.419934705    1.296470794
   11.951951952    1.419171777    1.419166755    1.295972626
   11.971971972    1.418405691    1.418400674    1.295475363
   11.991991992    1.417641470    1.417636459    1.294979004
   12.012012012    1.416879108    1.416874102    1.294483548
   12.032032032    1.416118600    1.416113599    1.293988994
   12.052052052    1.415359939    1.415354944    1.293495343
   12.072072072    1.414603121    1.414598131    1.293002592
   12.092092092    1.413848140    1.413843156    1.292510741
   12.112112112    1.413094990    1.413090011    1.292019790
   12.132132132    1.412343666    1.412338693    1.291529738
   12.152152152    1.411594163    1.411589195    1.291040583
   12.172172172    1.410846475    1.410841512    1.290552325
   12.192192192    1.410100596    1.410095639    1.290064964
   12.212212212    1.409356522    1.409351570    1.289578498
   12.232232232    1.408614247    1.408609301    1.289092927
   12.252252252    1.407873765    1.407868824    1.288608249
   12.272272272    1.407135072    1.407130137    1.288124464
   12.292292292    1.406398162    1.406393232    1.287641571
   12.312312312    1.405663030    1.405658105    1.287159569
   12.332332332    1.404929670    1.404924750    1.286678458
   12.352352352    1.404198077    1.404193162    1.286198236
   12.372372372    1.403468246    1.403463337    1.285718903
   12.392392392    1.402740172    1.402735268    1.285240457
   12.412412412    1.402013849    1.402008951    1.284762898
   12.432432432    1.401289273    1.401284380    1.284286225
   12.452452452    1.400566438    1.400561550    1.283810436
   12.472472472    1.399845339    1.399840457    1.283335532
   12.492492492    1.399125971    1.399121094    1.282861511
   12.512512513    1.398408329    1.398403457    1.282388372
   12.532532533    1.397692408    1.397687541    1.281916114
   12.552552553    1.396978202    1.396973341    1.281444736
   12.572572573    1.396265707    1.396260851    1.280974238
   12.592592593    1.395554918    1.395550067    1.280504618
   12.612612613    1.394845829    1.394840983    1.280035876
   12.632632633    1.394138435    1.394133595    1.279568010
   12.652652653    1.393432733    1.393427898    1.279101019
   12.672672673    1.392728716    1.392723886    1.278634903
   12.692692693    1.392026379    1.392021555    1.278169660
   12.712712713    1.391325719    1.391320899    1.277705290
   12.732732733    1.390626729    1.390621915    1.277241791
   12.752752753    1.389929405    1.389924596    1.276779163
   12.772772773    1.389233743    1.389228939    1.276317404
   12.792792793    1.388539736    1.388534937    1.275856513
   12.812812813    1.387847381    1.387842588    1.275396490
   12.832832833    1.387156672    1.387151884    1.274937333
   12.852852853    1.386467605    1.386462822    1.274479042
   12.872872873    1.385780175    1.385775398    1.274021615
   12.892892893    1.385094377    1.385089605    1.273565051
   12.912912913    1.384410207    1.384405440    1.273109350
   12.932932933    1.383727659    1.383722897    1.272654509
   12.952952953    1.383046729    1.383041972    1.272200529
   12.972972973    1.382367413    1.382362661    1.271747407
   12.992992993    1.381689704    1.381684958    1.271295144
   13.013013013    1.381013600    1.381008858    1.270843737
   13.033033033    1.380339095    1.380334358    1.270393187
   13.053053053    1.379666184    1.379661453    1.269943490
   13.073073073    1.378994864    1.378990137    1.269494648
   13.093093093    1.378325128    1.378320407    1.269046658
   13.113113113    1.377656973    1.377652257    1.268599519
   13.133133133    1.376990395    1.376985683    1.268153231
   13.153153153    1.376325387    1.376320681    1.267707792
   13.173173173    1.375661947    1.375657246    1.267263201
   13.193193193    1.375000069    1.374995374    1.266819457
   13.213213213    1.374339750    1.374335059    1.266376558
   13.233233233    1.373680983    1.373676297    1.265934505
   13.253253253    1.373023766    1.373019085    1.265493295
   13.273273273    1.372368093    1.372363417    1.265052927
   13.293293293    1.371713960    1.371709289    1.264613401
   13.313313313    1.371061362    1.371056697    1.264174715
   13.333333333    1.370410296    1.370405636    1.263736867
   13.353353353    1.369760757    1.369756101    1.263299858
   13.373373373    1.369112739    1.369108089    1.262863685
   13.393393393    1.368466240    1.368461595    1.262428348
   13.413413413    1.367821254    1.367816614    1.261993846
   13.433433433    1.367177778    1.367173142    1.261560176
   13.453453453    1.366535806    1.366531176    1.261127339
   13.473473473    1.365895335    1.365890710    1.260695332
   13.493493493    1.365256361    1.365251740    1.260264155
   13.513513514    1.364618878    1.364614263    1.259833807
   13.533533534    1.363982883    1.363978273    1.259404286
   13.553553554    1.363348372    1.363343766    1.258975591
   13.573573574    1.362715339    1.362710739    1.258547721
   13.593593594    1.362083782    1.362079186    1.258120674
   13.613613614    1.361453695    1.361449105    1.257694450
   13.633633634    1.360825075    1.360820490    1.257269048
   13.653653654    1.360197918    1.360193337    1.256844466
   13.673673674    1.359572218    1.359567642    1.256420703
   13.693693694    1.358947973    1.358943402    1.255997757
   13.713713714    1.358325177    1.358320611    1.255575628
   13.733733734    1.357703827    1.357699266    1.255154314
   13.753753754    1.357083919    1.357079363    1.254733814
   13.773773774    1.356465448    1.356460897    1.254314128
   13.793793794    1.355848411    1.355843865    1.253895252
   13.813813814    1.355232803    1.355228262    1.253477188
   13.833833834    1.354618621    1.354614084    1.253059932
   13.853853854    1.354005860    1.354001328    1.252643485
   13.873873874    1.353394516    1.353389989    1.252227844
   13.893893894    1.352784585    1.352780063    1.251813008
   13.913913914    1.352176063    1.352171546    1.251398977
   13.933933934    1.351568947    1.351564435    1.250985749
   13.953953954    1.350963231    1.350958724    1.250573323
   13.973973974    1.350358914    1.350354411    1.250161697
   13.993993994    1.349755989    1.349751491    1.249750870
   14.014014014    1.349154454    1.349149961    1.249340842
   14.034034034    1.348554304    1.348549816    1.248931610
   14.054054054    1.347955536    1.347951053    1.248523174
   14.074074074    1.347358145    1.347353667    1.248115532
   14.094094094    1.346762128    1.346757655    1.247708683
   14.114114114    1.346167481    1.346163013    1.247302626
   14.134134134    1.345574200    1.345569737    1.246897359
   14.154154154    1.344982282    1.344977823    1.246492881
   14.174174174    1.344391721    1.344387267    1.246089192
   14.194194194    1.343802515    1.343798066    1.245686289
   14.214214214    1.343214660    1.343210215    1.245284171
   14.234234234    1.342628152    1.342623712    1.244882838
   14.254254254    1.342042987    1.342038552    1.244482288
   14.274274274    1.341459161    1.341454731    1.244082519
   14.294294294    1.340876671    1.340872245    1.243683530
   14.314314314    1.340295512    1.340291092    1.243285321
   14.334334334    1.339715682    1.339711266    1.242887889
   14.354354354    1.339137177    1.339132765    1.242491234
   14.374374374    1.338559992    1.338555585    1.242095354
   14.394394394    1.337984124    1.337979722    1.241700248
   14.414414414    1.337409569    1.337405172    1.241305915
   14.434434434    1.336836324    1.336831932    1.240912353
   14.454454454    1.336264385    1.336259998    1.240519561
   14.474474474    1.335693749    1.335689366    1.240127538
   14.494494494    1.335124411    1.335120033    1.239736282
   14.514514515    1.334556368    1.334551995    1.239345793
   14.534534535    1.333989617    1.333985249    1.238956068
   14.554554555    1.333424154    1.333419790    1.238567107
   14.574574575    1.332859975    1.332855616    1.238178909
   14.594594595    1.332297077    1.332292722    1.237791471
   14.614614615    1.331735456    1.331731106    1.237404793
   14.634634635    1.331175109    1.331170764    1.237018874
   14.654654655    1.330616032    1.330611691    1.236633712
   14.674674675    1.330058221    1.330053885    1.236249305
   14.694694695    1.329501674    1.329497342    1.235865654
   14.714714715    1.328946386    1.328942059    1.235482755
   14.734734735    1.328392354    1.328388032    1.235100608
   14.754754755    1.327839575    1.327835258    1.234719212
   14.774774775    1.327288045    1.327283732    1.234338566
   14.794794795    1.326737760    1.326733452    1.233958667
   14.814814815    1.326188718    1.326184415    1.233579515
   14.834834835    1.325640915    1.325636616    1.233201109
   14.854854855    1.325094347    1.325090053    1.232823447
   14.874874875    1.324549011    1.324544722    1.232446527
   14.894894895    1.324004904    1.324000619    1.232070349
   14.914914915    1.323462022    1.323457742    1.231694911
   14.934934935    1.322920362    1.322916086    1.231320213
   14.954954955    1.322379920    1.322375649    1.230946251
   14.974974975    1.321840693    1.321836427    1.230573026
   14.994994995    1.321302679    1.321298417    1.230200536
   15.015015015    1.320765872    1.320761615    1.229828780
   15.035035035    1.320230271    1.320226018    1.229457756
   15.055055055    1.319695871    1.319691623    1.229087463
   15.075075075    1.319162670    1.319158427    1.228717900
   15.095095095    1.318630665    1.318626426    1.228349065
   15.115115115    1.318099851    1.318095616    1.227980958
   15.135135135    1.317570226    1.317565996    1.227613576
   15.155155155    1.317041786    1.317037560    1.227246919
   15.175175175    1.316514528    1.316510307    1.226880985
   15.195195195    1.315988450    1.315984233    1.226515773
   15.215215215    1.315463547    1.315459335    1.226151281
   15.235235235    1.314939817    1.314935609    1.225787509
   15.255255255    1.314417256    1.314413053    1.225424454
   15.275275275    1.313895861    1.313891662    1.225062116
   15.295295295    1.313375629    1.313371435    1.224700494
   15.315315315    1.312856556    1.312852367    1.224339586
   15.335335335    1.312338641    1.312334456    1.223979390
   15.355355355    1.311821878    1.311817698    1.223619906
   15.375375375    1.311306267    1.311302091    1.223261131
   15.395395395    1.310791802    1.310787631    1.222903066
   15.415415415    1.310278481    1.310274314    1.222545708
   15.435435435    1.309766302    1.309762139    1.222189056
   15.455455455    1.309255260    1.309251102    1.221833109
   15.475475475    1.308745353    1.308741199    1.221477866
   15.495495495    1.308236577    1.308232428    1.221123325
   15.515515516    1.307728930    1.307724786    1.220769485
   15.535535536    1.307222409    1.307218269    1.220416344
   15.555555556    1.306717010    1.306712875    1.220063902
   15.575575576    1.306212731    1.306208600    1.219712157
   15.595595596    1.305709568    1.305705441    1.219361107
   15.615615616    1.305207519    1.305203396    1.219010752
   15.635635636    1.304706580    1.304702462    1.218661090
   15.655655656    1.304206748    1.304202634    1.218312119
   15.675675676    1.303708021    1.303703912    1.217963839
   15.695695696    1.303210395    1.303206290    1.217616249
   15.715715716    1.302713867    1.302709767    1.217269346
   15.735735736    1.302218435    1.302214340    1.216923130
   15.755755756    1.301724096    1.301720005    1.216577599
   15.775775776    1.301230846    1.301226759    1.216232751
   15.795795796    1.300738683    1.300734600    1.215888587
   15.815815816    1.300247604    1.300243525    1.215545104
   15.835835836    1.299757605    1.299753531    1.215202301
   15.855855856    1.299268684    1.299264615    1.214860177
   15.875875876    1.298780839    1.298776773    1.214518730
   15.895895896    1.298294065    1.298290004    1.214177959
   15.915915916    1.297808361    1.297804304    1.213837863
   15.935935936    1.297323723    1.297319671    1.213498441
   15.955955956    1.296840148    1.296836101    1.213159691
   15.975975976    1.296357634    1.296353591    1.212821612
   15.995995996    1.295876178    1.295872139    1.212484202
   16.016016016    1.295395777    1.295391743    1.212147461
   16.036036036    1.294916429    1.294912398    1.211811387
   16.056056056    1.294438129    1.294434103    1.211475979
   16.076076076    1.293960876    1.293956855    1.211141235
   16.096096096    1.293484667    1.293480650    1.210807155
   16.116116116    1.293009499    1.293005486    1.210473736
   16.136136136    1.292535369    1.292531360    1.210140978
   16.156156156    1.292062274    1.292058270    1.209808879
   16.176176176    1.291590212    1.291586212    1.209477439
   16.196196196    1.291119180    1.291115184    1.209146655
   16.216216216    1.290649175    1.290645183    1.208816526
   16.236236236    1.290180195    1.290176207    1.208487052
   16.256256256    1.289712236    1.289708253    1.208158231
   16.276276276    1.289245296    1.289241317    1.207830061
   16.296296296    1.288779372    1.288775398    1.207502542
   16.316316316    1.288314462    1.288310492    1.207175671
   16.336336336    1.287850563    1.287846597    1.206849449
   16.356356356    1.287387672    1.287383710    1.206523873
   16.376376376    1.286925786    1.286921829    1.206198942
   16.396396396    1.286464903    1.286460950    1.205874655
   16.416416416    1.286005021    1.286001072    1.205551011
   16.436436436    1.285546136    1.285542191    1.205228008
   16.456456456    1.285088246    1.285084305    1.204905645
   16.476476476    1.284631348    1.284627412    1.204583921
   16.496496496    1.284175440    1.284171507    1.204262835
   16.516516517    1.283720518    1.283716590    1.203942385
   16.536536537    1.283266581    1.283262658    1.203622570
   16.556556557    1.282813626    1.282809707    1.203303389
   16.576576577    1.282361650    1.282357735    1.202984840
   16.596596597    1.281910651    1.281906740    1.202666923
   16.616616617    1.281460626    1.281456719    1.202349635
   16.636636637    1.281011572    1.281007669    1.202032976
   16.656656657    1.280563487    1.280559589    1.201716945
   16.676676677    1.280116369    1.280112474    1.201401540
   16.696696697    1.279670214    1.279666324    1.201086760
   16.716716717    1.279225021    1.279221135    1.200772603
   16.736736737    1.278780786    1.278776904    1.200459069
   16.756756757    1.278337508    1.278333630    1.200146156
   16.776776777    1.277895183    1.277891309    1.199833863
   16.796796797    1.277453809    1.277449940    1.199522189
   16.816816817    1.277013384    1.277009519    1.199211132
   16.836836837    1.276573906    1.276570045    1.198900691
   16.856856857    1.276135371    1.276131514    1.198590865
   16.876876877    1.275697777    1.275693924    1.198281653
   16.896896897    1.275261122    1.275257274    1.197973053
   16.916916917    1.274825404    1.274821559    1.197665064
   16.936936937    1.274390619    1.274386779    1.197357686
   16.956956957    1.273956766    1.273952930    1.197050916
   16.976976977    1.273523842    1.273520009    1.196744753
   16.996996997    1.273091844    1.273088016    1.196439197
   17.017017017    1.272660771    1.272656946    1.196134246
   17.037037037    1.272230619    1.272226799    1.195829898
   17.057057057    1.271801386    1.271797570    1.195526153
   17.077077077    1.271373071    1.271369259    1.195223009
   17.097097097    1.270945670    1.270941862    1.194920465
   17.117117117    1.270519181    1.270515377    1.194618520
   17.137137137    1.270093602    1.270089802    1.194317173
   17.157157157    1.269668930    1.269665135    1.194016422
   17.177177177    1.269245164    1.269241372    1.193716266
   17.197197197    1.268822300    1.268818512    1.193416704
   17.217217217    1.268400336    1.268396553    1.193117735
   17.237237237    1.267979270    1.267975491    1.192819357
   17.257257257    1.267559100    1.267555325    1.192521570
   17.277277277    1.267139824    1.267136052    1.192224371
   17.297297297    1.266721438    1.266717671    1.191927761
   17.317317317    1.266303941    1.266300178    1.191631737
   17.337337337    1.265887331    1.265883571    1.191336298
   17.357357357    1.265471604    1.265467849    1.191041443
   17.377377377    1.265056759    1.265053008    1.190747172
   17.397397397    1.264642794    1.264639047    1.190453482
   17.417417417    1.264229706    1.264225963    1.190160373
   17.437437437    1.263817494    1.263813754    1.189867843
   17.457457457    1.263406153    1.263402418    1.189575892
   17.477477477    1.262995684    1.262991952    1.189284517
   17.497497497    1.262586082    1.262582355    1.188993718
   17.517517518    1.262177346    1.262173623    1.188703494
   17.537537538    1.261769475    1.261765755    1.188413843
   17.557557558    1.261362464    1.261358749    1.188124764
   17.577577578    1.260956313    1.260952602    1.187836256
   17.597597598    1.260551019    1.260547312    1.187548318
   17.617617618    1.260146580    1.260142876    1.187260949
   17.637637638    1.259742993    1.259739294    1.186974147
   17.657657658    1.259340257    1.259336562    1.186687911
   17.677677678    1.258938369    1.258934678    1.186402241
   17.697697698    1.258537327    1.258533640    1.186117134
   17.717717718    1.258137129    1.258133446    1.185832589
   17.737737738    1.257737773    1.257734094    1.185548607
   17.757757758    1.257339257    1.257335581    1.185265184
   17.777777778    1.256941577    1.256937906    1.184982321
   17.797797798    1.256544733    1.256541066    1.184700016
   17.817817818    1.256148723    1.256145059    1.184418268
   17.837837838    1.255753543    1.255749883    1.184137075
   17.857857858    1.255359192    1.255355536    1.183856437
   17.877877878    1.254965667    1.254962015    1.183576352
   17.897897898    1.254572968    1.254569319    1.183296819
   17.917917918    1.254181090    1.254177446    1.183017837
   17.937937938    1.253790034    1.253786393    1.182739405
   17.957957958    1.253399795    1.253396158    1.182461521
   17.977977978    1.253010373    1.253006740    1.182184185
   17.997997998    1.252621764    1.252618136    1.181907396
   18.018018018    1.252233968    1.252230343    1.181631151
   18.038038038    1.251846982    1.251843361    1.181355451
   18.058058058    1.251460804    1.251457186    1.181080294
   18.078078078    1.251075431    1.251071818    1.180805678
   18.098098098    1.250690862    1.250687253    1.180531603
   18.118118118    1.250307095    1.250303490    1.180258067
   18.138138138    1.249924128    1.249920526    1.179985070
   18.158158158    1.249541958    1.249538360    1.179712609
   18.178178178    1.249160584    1.249156990    1.179440685
   18.198198198    1.248780004    1.248776413    1.179169296
   18.218218218    1.248400215    1.248396628    1.178898440
   18.238238238    1.248021215    1.248017633    1.178628117
   18.258258258    1.247643004    1.247639425    1.178358326
   18.278278278    1.247265577    1.247262002    1.178089065
   18.298298298    1.246888935    1.246885363    1.177820333
   18.318318318    1.246513074    1.246509506    1.177552129
   18.338338338    1.246137992    1.246134428    1.177284452
   18.358358358    1.245763688    1.245760128    1.177017301
   18.378378378    1.245390160    1.245386604    1.176750675
   18.398398398    1.245017405    1.245013853    1.176484572
   18.418418418    1.244645422    1.244641874    1.176218992
   18.438438438    1.244274209    1.244270664    1.175953933
   18.458458458    1.243903763    1.243900223    1.175689395
   18.478478478    1.243534084    1.243530547    1.175425375
   18.498498498    1.243165168    1.243161635    1.175161874
   18.518518519    1.242797015    1.242793485    1.174898889
   18.538538539    1.242429621    1.242426095    1.174636421
   18.558558559    1.242062986    1.242059464    1.174374467
   18.578578579    1.241697107    1.241693589    1.174113027
   18.598598599    1.241331982    1.241328467    1.173852099
   18.618618619    1.240967610    1.240964099    1.173591683
   18.638638639    1.240603988    1.240600481    1.173331777
   18.658658659    1.240241115    1.240237611    1.173072380
   18.678678679    1.239878988    1.239875489    1.172813492
   18.698698699    1.239517607    1.239514111    1.172555110
   18.718718719    1.239156968    1.239153476    1.172297235
   18.738738739    1.238797071    1.238793582    1.172039864
   18.758758759    1.238437913    1.238434428    1.171782997
   18.778778779    1.238079492    1.238076011    1.171526633
   18.798798799    1.237721807    1.237718330    1.171270771
   18.818818819    1.237364856    1.237361382    1.171015409
   18.838838839    1.237008636    1.237005166    1.170760546
   18.858858859    1.236653146    1.236649680    1.170506182
   18.878878879    1.236298385    1.236294923    1.170252315
   18.898898899    1.235944350    1.235940891    1.169998945
   18.918918919    1.235591040    1.235587585    1.169746069
   18.938938939    1.235238452    1.235235001    1.169493688
   18.958958959    1.234886586    1.234883138    1.169241800
   18.978978979    1.234535438    1.234531994    1.168990404
   18.998998999    1.234185008    1.234181567    1.168739498
   19.019019019    1.233835293    1.233831856    1.168489083
   19.039039039    1.233486292    1.233482859    1.168239157
   19.059059059    1.233138003    1.233134574    1.167989718
   19.079079079    1.232790424    1.232786999    1.167740766
   19.099099099    1.232443554    1.232440132    1.167492299
   19.119119119    1.232097390    1.232093972    1.167244317
   19.139139139    1.231751932    1.231748517    1.166996819
   19.159159159    1.231407176    1.231403764    1.166749803
   19.179179179    1.231063122    1.231059714    1.166503269
   19.199199199    1.230719767    1.230716363    1.166257215
   19.219219219    1.230377110    1.230373710    1.166011640
   19.239239239    1.230035149    1.230031752    1.165766544
   19.259259259    1.229693883    1.229690490    1.165521925
   19.279279279    1.229353310    1.229349920    1.165277782
   19.299299299    1.229013427    1.229010041    1.165034115
   19.319319319    1.228674234    1.228670851    1.164790922
   19.339339339    1.228335728    1.228332349    1.164548202
   19.359359359    1.227997908    1.227994533    1.164305954
   19.379379379    1.227660772    1.227657400    1.164064177
   19.399399399    1.227324319    1.227320951    1.163822870
   19.419419419    1.226988546    1.226985182    1.163582033
   19.439439439    1.226653453    1.226650092    1.163341663
   19.459459459    1.226319036    1.226315679    1.163101761
   19.479479479    1.225985296    1.225981942    1.162862324
   19.499499499    1.225652229    1.225648879    1.162623353
   19.519519520    1.225319835    1.225316488    1.162384845
   19.539539540    1.224988112    1.224984768    1.162146801
   19.559559560    1.224657057    1.224653718    1.161909218
   19.579579580    1.224326670    1.224323334    1.161672097
   19.599599600    1.223996949    1.223993616    1.161435435
   19.619619620    1.223667892    1.223664563    1.161199233
   19.639639640    1.223339497    1.223336171    1.160963488
   19.659659660    1.223011763    1.223008441    1.160728201
   19.679679680    1.222684688    1.222681370    1.160493369
   19.699699700    1.222358271    1.222354956    1.160258993
   19.719719720    1.222032510    1.222029198    1.160025070
   19.739739740    1.221707403    1.221704095    1.159791601
   19.759759760    1.221382948    1.221379644    1.159558583
   19.779779780    1.221059145    1.221055844    1.159326017
   19.799799800    1.220735991    1.220732694    1.159093900
   19.819819820    1.220413486    1.220410192    1.158862233
   19.839839840    1.220091626    1.220088336    1.158631014
   19.859859860    1.219770411    1.219767124    1.158400242
   19.879879880    1.219449840    1.219446556    1.158169916
   19.899899900    1.219129910    1.219126630    1.157940035
   19.919919920    1.218810620    1.218807343    1.157710598
   19.939939940    1.218491968    1.218488695    1.157481605
   19.959959960    1.218173953    1.218170683    1.157253054
   19.979979980    1.217856574    1.217853307    1.157024944
   20.000000000    1.217539828    1.217536565    1.156797274
