0.0000000 0.0000000 0.0000000 0.0078125
0.0000000 0.0625000 0.0000000 0.0078125
0.0000000 0.1250000 0.0000000 0.0078125
0.0000000 0.1875000 0.0000000 0.0078125
0.0000000 0.2500000 0.0000000 0.0078125
0.0000000 0.3125000 0.0000000 0.0078125
0.0000000 0.3750000 0.0000000 0.0078125
0.0000000 0.4375000 0.0000000 0.0078125
0.0000000 -0.5000000 0.0000000 0.0078125
0.0000000 -0.4375000 0.0000000 0.0078125
0.0000000 -0.3750000 0.0000000 0.0078125
0.0000000 -0.3125000 0.0000000 0.0078125
0.0000000 -0.2500000 0.0000000 0.0078125
0.0000000 -0.1875000 0.0000000 0.0078125
0.0000000 -0.1250000 0.0000000 0.0078125
0.0000000 -0.0625000 0.0000000 0.0078125
0.0625000 0.0000000 0.0000000 0.0078125
0.0625000 0.0625000 0.0000000 0.0078125
0.0625000 0.1250000 0.0000000 0.0078125
0.0625000 0.1875000 0.0000000 0.0078125
0.0625000 0.2500000 0.0000000 0.0078125
0.0625000 0.3125000 0.0000000 0.0078125
0.0625000 0.3750000 0.0000000 0.0078125
0.0625000 0.4375000 0.0000000 0.0078125
0.0625000 -0.5000000 0.0000000 0.0078125
0.0625000 -0.4375000 0.0000000 0.0078125
0.0625000 -0.3750000 0.0000000 0.0078125
0.0625000 -0.3125000 0.0000000 0.0078125
0.0625000 -0.2500000 0.0000000 0.0078125
0.0625000 -0.1875000 0.0000000 0.0078125
0.0625000 -0.1250000 0.0000000 0.0078125
0.0625000 -0.0625000 0.0000000 0.0078125
0.1250000 0.0000000 0.0000000 0.0078125
0.1250000 0.0625000 0.0000000 0.0078125
0.1250000 0.1250000 0.0000000 0.0078125
0.1250000 0.1875000 0.0000000 0.0078125
0.1250000 0.2500000 0.0000000 0.0078125
0.1250000 0.3125000 0.0000000 0.0078125
0.1250000 0.3750000 0.0000000 0.0078125
0.1250000 0.4375000 0.0000000 0.0078125
0.1250000 -0.5000000 0.0000000 0.0078125
0.1250000 -0.4375000 0.0000000 0.0078125
0.1250000 -0.3750000 0.0000000 0.0078125
0.1250000 -0.3125000 0.0000000 0.0078125
0.1250000 -0.2500000 0.0000000 0.0078125
0.1250000 -0.1875000 0.0000000 0.0078125
0.1250000 -0.1250000 0.0000000 0.0078125
0.1250000 -0.0625000 0.0000000 0.0078125
0.1875000 -0.0000000 0.0000000 0.0078125
0.1875000 0.0625000 0.0000000 0.0078125
0.1875000 0.1250000 0.0000000 0.0078125
0.1875000 0.1875000 0.0000000 0.0078125
0.1875000 0.2500000 0.0000000 0.0078125
0.1875000 0.3125000 0.0000000 0.0078125
0.1875000 0.3750000 0.0000000 0.0078125
0.1875000 0.4375000 0.0000000 0.0078125
0.1875000 -0.5000000 0.0000000 0.0078125
0.1875000 -0.4375000 0.0000000 0.0078125
0.1875000 -0.3750000 0.0000000 0.0078125
0.1875000 -0.3125000 0.0000000 0.0078125
0.1875000 -0.2500000 0.0000000 0.0078125
0.1875000 -0.1875000 0.0000000 0.0078125
0.1875000 -0.1250000 0.0000000 0.0078125
0.1875000 -0.0625000 0.0000000 0.0078125
0.2500000 0.0000000 0.0000000 0.0078125
0.2500000 0.0625000 0.0000000 0.0078125
0.2500000 0.1250000 0.0000000 0.0078125
0.2500000 0.1875000 0.0000000 0.0078125
0.2500000 0.2500000 0.0000000 0.0078125
0.2500000 0.3125000 0.0000000 0.0078125
0.2500000 0.3750000 0.0000000 0.0078125
0.2500000 0.4375000 0.0000000 0.0078125
0.2500000 -0.5000000 0.0000000 0.0078125
0.2500000 -0.4375000 0.0000000 0.0078125
0.2500000 -0.3750000 0.0000000 0.0078125
0.2500000 -0.3125000 0.0000000 0.0078125
0.2500000 -0.2500000 0.0000000 0.0078125
0.2500000 -0.1875000 0.0000000 0.0078125
0.2500000 -0.1250000 0.0000000 0.0078125
0.2500000 -0.0625000 0.0000000 0.0078125
0.3125000 0.0000000 0.0000000 0.0078125
0.3125000 0.0625000 0.0000000 0.0078125
0.3125000 0.1250000 0.0000000 0.0078125
0.3125000 0.1875000 0.0000000 0.0078125
0.3125000 0.2500000 0.0000000 0.0078125
0.3125000 0.3125000 0.0000000 0.0078125
0.3125000 0.3750000 0.0000000 0.0078125
0.3125000 0.4375000 0.0000000 0.0078125
0.3125000 -0.5000000 0.0000000 0.0078125
0.3125000 -0.4375000 0.0000000 0.0078125
0.3125000 -0.3750000 0.0000000 0.0078125
0.3125000 -0.3125000 0.0000000 0.0078125
0.3125000 -0.2500000 0.0000000 0.0078125
0.3125000 -0.1875000 0.0000000 0.0078125
0.3125000 -0.1250000 0.0000000 0.0078125
0.3125000 -0.0625000 0.0000000 0.0078125
0.3750000 -0.0000000 0.0000000 0.0078125
0.3750000 0.0625000 0.0000000 0.0078125
0.3750000 0.1250000 0.0000000 0.0078125
0.3750000 0.1875000 0.0000000 0.0078125
0.3750000 0.2500000 0.0000000 0.0078125
0.3750000 0.3125000 0.0000000 0.0078125
0.3750000 0.3750000 0.0000000 0.0078125
0.3750000 0.4375000 0.0000000 0.0078125
0.3750000 -0.5000000 0.0000000 0.0078125
0.3750000 -0.4375000 0.0000000 0.0078125
0.3750000 -0.3750000 0.0000000 0.0078125
0.3750000 -0.3125000 0.0000000 0.0078125
0.3750000 -0.2500000 0.0000000 0.0078125
0.3750000 -0.1875000 0.0000000 0.0078125
0.3750000 -0.1250000 0.0000000 0.0078125
0.3750000 -0.0625000 0.0000000 0.0078125
0.4375000 0.0000000 0.0000000 0.0078125
0.4375000 0.0625000 0.0000000 0.0078125
0.4375000 0.1250000 0.0000000 0.0078125
0.4375000 0.1875000 0.0000000 0.0078125
0.4375000 0.2500000 0.0000000 0.0078125
0.4375000 0.3125000 0.0000000 0.0078125
0.4375000 0.3750000 0.0000000 0.0078125
0.4375000 0.4375000 0.0000000 0.0078125
0.4375000 -0.5000000 0.0000000 0.0078125
0.4375000 -0.4375000 0.0000000 0.0078125
0.4375000 -0.3750000 0.0000000 0.0078125
0.4375000 -0.3125000 0.0000000 0.0078125
0.4375000 -0.2500000 0.0000000 0.0078125
0.4375000 -0.1875000 0.0000000 0.0078125
0.4375000 -0.1250000 0.0000000 0.0078125
0.4375000 -0.0625000 0.0000000 0.0078125
-0.5000000 0.0000000 0.0000000 0.0078125
-0.5000000 0.0625000 0.0000000 0.0078125
-0.5000000 0.1250000 0.0000000 0.0078125
-0.5000000 0.1875000 0.0000000 0.0078125
-0.5000000 0.2500000 0.0000000 0.0078125
-0.5000000 0.3125000 0.0000000 0.0078125
-0.5000000 0.3750000 0.0000000 0.0078125
-0.5000000 0.4375000 0.0000000 0.0078125
-0.5000000 -0.5000000 0.0000000 0.0078125
-0.5000000 -0.4375000 0.0000000 0.0078125
-0.5000000 -0.3750000 0.0000000 0.0078125
-0.5000000 -0.3125000 0.0000000 0.0078125
-0.5000000 -0.2500000 0.0000000 0.0078125
-0.5000000 -0.1875000 0.0000000 0.0078125
-0.5000000 -0.1250000 0.0000000 0.0078125
-0.5000000 -0.0625000 0.0000000 0.0078125
-0.4375000 0.0000000 0.0000000 0.0078125
-0.4375000 0.0625000 0.0000000 0.0078125
-0.4375000 0.1250000 0.0000000 0.0078125
-0.4375000 0.1875000 0.0000000 0.0078125
-0.4375000 0.2500000 0.0000000 0.0078125
-0.4375000 0.3125000 0.0000000 0.0078125
-0.4375000 0.3750000 0.0000000 0.0078125
-0.4375000 0.4375000 0.0000000 0.0078125
-0.4375000 -0.5000000 0.0000000 0.0078125
-0.4375000 -0.4375000 0.0000000 0.0078125
-0.4375000 -0.3750000 0.0000000 0.0078125
-0.4375000 -0.3125000 0.0000000 0.0078125
-0.4375000 -0.2500000 0.0000000 0.0078125
-0.4375000 -0.1875000 0.0000000 0.0078125
-0.4375000 -0.1250000 0.0000000 0.0078125
-0.4375000 -0.0625000 0.0000000 0.0078125
-0.3750000 0.0000000 0.0000000 0.0078125
-0.3750000 0.0625000 0.0000000 0.0078125
-0.3750000 0.1250000 0.0000000 0.0078125
-0.3750000 0.1875000 0.0000000 0.0078125
-0.3750000 0.2500000 0.0000000 0.0078125
-0.3750000 0.3125000 0.0000000 0.0078125
-0.3750000 0.3750000 0.0000000 0.0078125
-0.3750000 0.4375000 0.0000000 0.0078125
-0.3750000 -0.5000000 0.0000000 0.0078125
-0.3750000 -0.4375000 0.0000000 0.0078125
-0.3750000 -0.3750000 0.0000000 0.0078125
-0.3750000 -0.3125000 0.0000000 0.0078125
-0.3750000 -0.2500000 0.0000000 0.0078125
-0.3750000 -0.1875000 0.0000000 0.0078125
-0.3750000 -0.1250000 0.0000000 0.0078125
-0.3750000 -0.0625000 0.0000000 0.0078125
-0.3125000 0.0000000 0.0000000 0.0078125
-0.3125000 0.0625000 0.0000000 0.0078125
-0.3125000 0.1250000 0.0000000 0.0078125
-0.3125000 0.1875000 0.0000000 0.0078125
-0.3125000 0.2500000 0.0000000 0.0078125
-0.3125000 0.3125000 0.0000000 0.0078125
-0.3125000 0.3750000 0.0000000 0.0078125
-0.3125000 0.4375000 0.0000000 0.0078125
-0.3125000 -0.5000000 0.0000000 0.0078125
-0.3125000 -0.4375000 0.0000000 0.0078125
-0.3125000 -0.3750000 0.0000000 0.0078125
-0.3125000 -0.3125000 0.0000000 0.0078125
-0.3125000 -0.2500000 0.0000000 0.0078125
-0.3125000 -0.1875000 0.0000000 0.0078125
-0.3125000 -0.1250000 0.0000000 0.0078125
-0.3125000 -0.0625000 0.0000000 0.0078125
-0.2500000 0.0000000 0.0000000 0.0078125
-0.2500000 0.0625000 0.0000000 0.0078125
-0.2500000 0.1250000 0.0000000 0.0078125
-0.2500000 0.1875000 0.0000000 0.0078125
-0.2500000 0.2500000 0.0000000 0.0078125
-0.2500000 0.3125000 0.0000000 0.0078125
-0.2500000 0.3750000 0.0000000 0.0078125
-0.2500000 0.4375000 0.0000000 0.0078125
-0.2500000 -0.5000000 0.0000000 0.0078125
-0.2500000 -0.4375000 0.0000000 0.0078125
-0.2500000 -0.3750000 0.0000000 0.0078125
-0.2500000 -0.3125000 0.0000000 0.0078125
-0.2500000 -0.2500000 0.0000000 0.0078125
-0.2500000 -0.1875000 0.0000000 0.0078125
-0.2500000 -0.1250000 0.0000000 0.0078125
-0.2500000 -0.0625000 0.0000000 0.0078125
-0.1875000 0.0000000 0.0000000 0.0078125
-0.1875000 0.0625000 0.0000000 0.0078125
-0.1875000 0.1250000 0.0000000 0.0078125
-0.1875000 0.1875000 0.0000000 0.0078125
-0.1875000 0.2500000 0.0000000 0.0078125
-0.1875000 0.3125000 0.0000000 0.0078125
-0.1875000 0.3750000 0.0000000 0.0078125
-0.1875000 0.4375000 0.0000000 0.0078125
-0.1875000 -0.5000000 0.0000000 0.0078125
-0.1875000 -0.4375000 0.0000000 0.0078125
-0.1875000 -0.3750000 0.0000000 0.0078125
-0.1875000 -0.3125000 0.0000000 0.0078125
-0.1875000 -0.2500000 0.0000000 0.0078125
-0.1875000 -0.1875000 0.0000000 0.0078125
-0.1875000 -0.1250000 0.0000000 0.0078125
-0.1875000 -0.0625000 0.0000000 0.0078125
-0.1250000 0.0000000 0.0000000 0.0078125
-0.1250000 0.0625000 0.0000000 0.0078125
-0.1250000 0.1250000 0.0000000 0.0078125
-0.1250000 0.1875000 0.0000000 0.0078125
-0.1250000 0.2500000 0.0000000 0.0078125
-0.1250000 0.3125000 0.0000000 0.0078125
-0.1250000 0.3750000 0.0000000 0.0078125
-0.1250000 0.4375000 0.0000000 0.0078125
-0.1250000 -0.5000000 0.0000000 0.0078125
-0.1250000 -0.4375000 0.0000000 0.0078125
-0.1250000 -0.3750000 0.0000000 0.0078125
-0.1250000 -0.3125000 0.0000000 0.0078125
-0.1250000 -0.2500000 0.0000000 0.0078125
-0.1250000 -0.1875000 0.0000000 0.0078125
-0.1250000 -0.1250000 0.0000000 0.0078125
-0.1250000 -0.0625000 0.0000000 0.0078125
-0.0625000 0.0000000 0.0000000 0.0078125
-0.0625000 0.0625000 0.0000000 0.0078125
-0.0625000 0.1250000 0.0000000 0.0078125
-0.0625000 0.1875000 0.0000000 0.0078125
-0.0625000 0.2500000 0.0000000 0.0078125
-0.0625000 0.3125000 0.0000000 0.0078125
-0.0625000 0.3750000 0.0000000 0.0078125
-0.0625000 0.4375000 0.0000000 0.0078125
-0.0625000 -0.5000000 0.0000000 0.0078125
-0.0625000 -0.4375000 0.0000000 0.0078125
-0.0625000 -0.3750000 0.0000000 0.0078125
-0.0625000 -0.3125000 0.0000000 0.0078125
-0.0625000 -0.2500000 0.0000000 0.0078125
-0.0625000 -0.1875000 0.0000000 0.0078125
-0.0625000 -0.1250000 0.0000000 0.0078125
-0.0625000 -0.0625000 0.0000000 0.0078125
