 &plot nbnd=   8, nks=    51 /
            0.000000  0.000000  0.000000
  -21.138   -8.724   -4.826   -4.826    1.210    2.203    2.632    4.479
           -0.015871  0.027494  0.000000
  -21.124   -8.704   -4.890   -4.856    1.236    2.226    2.656    4.501
           -0.031743  0.054988  0.000000
  -21.080   -8.645   -5.074   -4.944    1.311    2.295    2.730    4.565
           -0.047614  0.082481  0.000000
  -21.007   -8.547   -5.365   -5.089    1.436    2.409    2.851    4.671
           -0.063486  0.109975  0.000000
  -20.906   -8.412   -5.742   -5.287    1.607    2.568    3.021    4.817
           -0.079357  0.137469  0.000000
  -20.777   -8.238   -6.183   -5.531    1.826    2.771    3.239    4.999
           -0.095229  0.164963  0.000000
  -20.621   -8.027   -6.669   -5.815    2.090    3.015    3.504    5.207
           -0.111100  0.192457  0.000000
  -20.440   -7.781   -7.181   -6.134    2.399    3.296    3.817    5.420
           -0.126971  0.219950  0.000000
  -20.233   -7.707   -7.500   -6.479    2.754    3.605    4.177    5.591
           -0.142843  0.247444  0.000000
  -20.005   -8.233   -7.188   -6.843    3.154    3.918    4.585    5.634
           -0.158714  0.274938  0.000000
  -19.756   -8.750   -7.220   -6.847    3.599    4.161    5.039    5.565
           -0.174586  0.302432  0.000000
  -19.491   -9.249   -7.604   -6.481    4.088    4.170    5.541    5.622
           -0.190457  0.329926  0.000000
  -19.213   -9.721   -7.990   -6.095    3.895    4.621    5.941    6.090
           -0.206329  0.357419  0.000000
  -18.928  -10.156   -8.371   -5.693    3.484    5.197    6.419    6.686
           -0.222200  0.384913  0.000000
  -18.643  -10.547   -8.745   -5.286    3.036    5.814    6.978    7.327
           -0.238071  0.412407  0.000000
  -18.367  -10.882   -9.106   -4.883    2.597    6.470    7.580    8.014
           -0.253943  0.439901  0.000000
  -18.109  -11.152   -9.451   -4.498    2.194    7.159    8.184    8.743
           -0.269814  0.467395  0.000000
  -17.883  -11.346   -9.777   -4.150    1.845    7.873    8.707    9.507
           -0.285686  0.494888  0.000000
  -17.699  -11.455  -10.079   -3.858    1.569    8.591    8.999   10.270
           -0.301557  0.522382  0.000000
  -17.567  -11.481  -10.347   -3.642    1.376    9.040    9.263   10.754
           -0.317429  0.549876  0.000000
  -17.491  -11.441  -10.557   -3.513    1.271    8.990    9.754   10.981
           -0.333300  0.577370  0.000000
  -17.466  -11.404  -10.649   -3.472    1.240    8.961    9.910   11.185
           -0.303000  0.577368  0.000000
  -17.485  -11.456  -10.552   -3.504    1.260    8.994    9.817   10.966
           -0.272700  0.577366  0.000000
  -17.534  -11.581  -10.299   -3.586    1.302    9.097    9.597   10.614
           -0.242400  0.577365  0.000000
  -17.604  -11.728   -9.959   -3.698    1.346    9.257    9.287   10.270
           -0.212100  0.577363  0.000000
  -17.683  -11.871   -9.575   -3.824    1.379    8.892    9.444    9.964
           -0.181800  0.577361  0.000000
  -17.765  -12.001   -9.174   -3.952    1.397    8.425    9.613    9.704
           -0.151500  0.577359  0.000000
  -17.844  -12.113   -8.779   -4.072    1.400    7.921    9.489    9.726
           -0.121200  0.577357  0.000000
  -17.914  -12.207   -8.411   -4.177    1.394    7.428    9.317    9.771
           -0.090900  0.577356  0.000000
  -17.971  -12.281   -8.093   -4.263    1.382    6.991    9.185    9.691
           -0.060600  0.577354  0.000000
  -18.014  -12.333   -7.846   -4.327    1.371    6.649    9.091    9.558
           -0.030300  0.577352  0.000000
  -18.040  -12.365   -7.689   -4.366    1.362    6.431    9.034    9.480
            0.000000  0.577350  0.000000
  -18.049  -12.376   -7.636   -4.379    1.359    6.356    9.016    9.454
            0.000000  0.545275  0.000000
  -18.094  -12.306   -7.620   -4.450    1.450    6.327    8.480    9.185
            0.000000  0.513200  0.000000
  -18.223  -12.103   -7.572   -4.648    1.710    6.221    7.862    8.463
            0.000000  0.481125  0.000000
  -18.416  -11.786   -7.493   -4.941    2.100    5.985    7.378    7.762
            0.000000  0.449050  0.000000
  -18.655  -11.376   -7.383   -5.293    2.577    5.593    7.020    7.105
            0.000000  0.416975  0.000000
  -18.919  -10.895   -7.244   -5.674    3.096    5.103    6.505    6.609
            0.000000  0.384900  0.000000
  -19.194  -10.360   -7.078   -6.064    3.603    4.587    5.985    6.091
            0.000000  0.352825  0.000000
  -19.468   -9.788   -6.888   -6.448    4.003    4.083    5.565    5.605
            0.000000  0.320750  0.000000
  -19.734   -9.190   -6.815   -6.677    3.608    4.121    5.068    5.492
            0.000000  0.288675  0.000000
  -19.984   -8.580   -7.160   -6.449    3.170    3.931    4.613    5.583
            0.000000  0.256600  0.000000
  -20.216   -7.968   -7.476   -6.208    2.771    3.628    4.202    5.583
            0.000000  0.224525  0.000000
  -20.426   -7.762   -7.369   -5.961    2.416    3.317    3.838    5.430
            0.000000  0.192450  0.000000
  -20.611   -8.012   -6.793   -5.716    2.104    3.031    3.521    5.219
            0.000000  0.160375  0.000000
  -20.770   -8.227   -6.260   -5.481    1.837    2.782    3.251    5.009
            0.000000  0.128300  0.000000
  -20.901   -8.405   -5.783   -5.267    1.615    2.576    3.029    4.824
            0.000000  0.096225  0.000000
  -21.004   -8.544   -5.384   -5.085    1.440    2.413    2.856    4.675
            0.000000  0.064150  0.000000
  -21.079   -8.644   -5.081   -4.945    1.313    2.297    2.732    4.567
            0.000000  0.032075  0.000000
  -21.123   -8.704   -4.891   -4.857    1.236    2.227    2.657    4.501
            0.000000  0.000000  0.000000
  -21.138   -8.724   -4.826   -4.826    1.210    2.203    2.632    4.479
