# energy grid [eV]  eels components [arbitrary units]
#
    0.001000000    0.000004572    0.000004572    0.000001283
    0.021019019    0.000096150    0.000096152    0.000026985
    0.041038038    0.000188011    0.000188015    0.000052822
    0.061057057    0.000280429    0.000280435    0.000078926
    0.081076076    0.000373682    0.000373690    0.000105430
    0.101095095    0.000468056    0.000468066    0.000132478
    0.121114114    0.000563850    0.000563862    0.000160222
    0.141133133    0.000661375    0.000661390    0.000188823
    0.161152152    0.000760963    0.000760980    0.000218462
    0.181171171    0.000862965    0.000862985    0.000249336
    0.201190190    0.000967761    0.000967783    0.000281669
    0.221209209    0.001075760    0.001075785    0.000315710
    0.241228228    0.001187408    0.001187436    0.000351748
    0.261247247    0.001303196    0.001303226    0.000390115
    0.281266266    0.001423663    0.001423697    0.000431197
    0.301285285    0.001549412    0.001549449    0.000475447
    0.321304304    0.001681111    0.001681153    0.000523403
    0.341323323    0.001819516    0.001819562    0.000575708
    0.361342342    0.001965477    0.001965527    0.000633136
    0.381361361    0.002119960    0.002120015    0.000696631
    0.401380380    0.002284070    0.002284130    0.000767350
    0.421399399    0.002459075    0.002459140    0.000846730
    0.441418418    0.002646437    0.002646509    0.000936576
    0.461437437    0.002847857    0.002847936    0.001039174
    0.481456456    0.003065320    0.003065407    0.001157467
    0.501475475    0.003301162    0.003301258    0.001295286
    0.521494494    0.003558146    0.003558251    0.001457702
    0.541513514    0.003839562    0.003839678    0.001651540
    0.561532533    0.004149360    0.004149489    0.001886161
    0.581551552    0.004492317    0.004492460    0.002174679
    0.601570571    0.004874259    0.004874419    0.002535931
    0.621589590    0.005302355    0.005302533    0.002997735
    0.641608609    0.005785512    0.005785712    0.003602543
    0.661627628    0.006334917    0.006335142    0.004417684
    0.681646647    0.006964781    0.006965035    0.005554962
    0.701665666    0.007693392    0.007693680    0.007210663
    0.721684685    0.008544614    0.008544943    0.009753841
    0.741703704    0.009550084    0.009550462    0.013940507
    0.761722723    0.010752486    0.010752925    0.021496072
    0.781741742    0.012210561    0.012211074    0.036912104
    0.801760761    0.014006984    0.014007589    0.073326758
    0.821779780    0.016261157    0.016261878    0.158424136
    0.841798799    0.019150733    0.019151607    0.191970932
    0.861817818    0.022949432    0.022950509    0.096723135
    0.881836837    0.028096720    0.028098069    0.046289245
    0.901855856    0.035333938    0.035335667    0.025790753
    0.921874875    0.045989352    0.045991626    0.016267913
    0.941893894    0.062627122    0.062630216    0.011216558
    0.961912913    0.090683196    0.090687580    0.008256363
    0.981931932    0.143117984    0.143124519    0.006389508
    1.001950951    0.255345456    0.255355821    0.005145942
    1.021969970    0.530471590    0.530490409    0.004282706
    1.041988989    1.045782571    1.045843378    0.003664629
    1.062008008    0.859443871    0.859540341    0.003211933
    1.082027027    0.404487720    0.404532900    0.002875225
    1.102046046    0.212576927    0.212596341    0.002622713
    1.122065065    0.134790108    0.134798256    0.002433284
    1.142084084    0.102150039    0.102151233    0.002292565
    1.162103103    0.093760051    0.093753885    0.002190604
    1.182122122    0.108694921    0.108675320    0.002120445
    1.202141141    0.167262538    0.167209533    0.002077234
    1.222160160    0.309852471    0.309761787    0.002057649
    1.242179179    0.325700098    0.325757048    0.002059548
    1.262198198    0.175323560    0.175367716    0.002081725
    1.282217217    0.108573828    0.108585220    0.002123781
    1.302236236    0.093854681    0.093847505    0.002186064
    1.322255255    0.117815987    0.117783638    0.002269668
    1.342274274    0.204441867    0.204365978    0.002376496
    1.362293293    0.264651301    0.264657033    0.002509384
    1.382312312    0.148393095    0.148429850    0.002672332
    1.402331331    0.077736038    0.077750419    0.002870812
    1.422350350    0.048513581    0.048519387    0.003112279
    1.442369369    0.034762180    0.034764929    0.003406918
    1.462388388    0.027369547    0.027371058    0.003768807
    1.482407407    0.023021326    0.023022282    0.004217738
    1.502426426    0.020335886    0.020336583    0.004782160
    1.522445445    0.018668318    0.018668905    0.005504143
    1.542464464    0.017695452    0.017696021    0.006448071
    1.562483483    0.017255234    0.017255858    0.007716732
    1.582502503    0.017281995    0.017282755    0.009482971
    1.602521522    0.017786804    0.017787810    0.012056932
    1.622540541    0.018871814    0.018873253    0.016042649
    1.642559560    0.020797040    0.020799266    0.022746163
    1.662578579    0.024179789    0.024183561    0.035385390
    1.682597598    0.030617625    0.030624815    0.063038961
    1.702616617    0.044730490    0.044746302    0.128720516
    1.722635636    0.076421247    0.076455423    0.191872614
    1.742654655    0.091968242    0.091994030    0.128017822
    1.762673674    0.061903958    0.061912269    0.099148629
    1.782692693    0.048685672    0.048688131    0.133395520
    1.802711712    0.048266554    0.048265569    0.245869954
    1.822730731    0.055161479    0.055157253    0.252759483
    1.842749750    0.069723743    0.069715007    0.124438258
    1.862768769    0.096842117    0.096824472    0.062907967
    1.882787788    0.141680750    0.141641703    0.037194781
    1.902806807    0.218607060    0.218546944    0.024809245
    1.922825826    0.405687470    0.405562780    0.018048447
    1.942844845    0.869601763    0.869336561    0.014018836
    1.962863864    1.253981203    1.254084508    0.011477061
    1.982882883    0.694886636    0.695119423    0.009827517
    2.002901902    0.329695302    0.329789838    0.008762338
    2.022920921    0.182832108    0.182872089    0.008116614
    2.042939940    0.116719273    0.116738731    0.007805426
    2.062958959    0.082795320    0.082805861    0.007796353
    2.082977978    0.063720925    0.063727051    0.008100562
    2.102996997    0.052443558    0.052447276    0.008777698
    2.123016016    0.045788495    0.045790871    0.009957640
    2.143035035    0.042317505    0.042319376    0.011892987
    2.163054054    0.041654402    0.041656977    0.015081160
    2.183073073    0.043382494    0.043384916    0.020567824
    2.203092092    0.044123003    0.044121310    0.030786514
    2.223111111    0.046751134    0.046747323    0.052186300
    2.243130130    0.053017579    0.053011304    0.103723236
    2.263149149    0.063864991    0.063854931    0.218817788
    2.283168168    0.081960358    0.081943787    0.233973155
    2.303187187    0.113328678    0.113299519    0.113839080
    2.323206206    0.172321938    0.172265127    0.055902485
    2.343225225    0.297615618    0.297488507    0.032067748
    2.363244244    0.602883175    0.602564048    0.020775864
    2.383263263    1.241963336    1.241527233    0.014683193
    2.403282282    1.176479707    1.176914709    0.011059798
    2.423301301    0.557948196    0.558222441    0.008744167
    2.443320320    0.278922331    0.279030528    0.007182569
    2.463339339    0.162809442    0.162857797    0.006086153
    2.483358358    0.107033526    0.107058371    0.005293171
    2.503377377    0.076686210    0.076700427    0.004707886
    2.523396396    0.058595553    0.058604379    0.004271209
    2.543415415    0.047084248    0.047090085    0.003945678
    2.563434434    0.039422148    0.039426213    0.003707418
    2.583453453    0.034181135    0.034184094    0.003541795
    2.603472472    0.030567534    0.030569776    0.003441246
    2.623491491    0.028125287    0.028127055    0.003404684
    2.643510511    0.026595779    0.026597236    0.003438514
    2.663529530    0.025851938    0.025853199    0.003560099
    2.683548549    0.025874633    0.025875789    0.003806126
    2.703567568    0.026763797    0.026764932    0.004252724
    2.723586587    0.028797725    0.028798925    0.005067636
    2.743605606    0.032593227    0.032594597    0.006662022
    2.763624625    0.039531503    0.039533174    0.010184314
    2.783643644    0.053001546    0.053003655    0.018897781
    2.803662663    0.082443683    0.082446195    0.032519481
    2.823681682    0.154753220    0.154756632    0.023728431
    2.843700701    0.270196389    0.270227867    0.012611280
    2.863719720    0.200874845    0.200925691    0.008236783
    2.883738739    0.108389091    0.108411081    0.006651679
    2.903757758    0.073238252    0.073246489    0.006390042
    2.923776777    0.062299899    0.062301652    0.007345611
    2.943795796    0.062866767    0.062863919    0.010550504
    2.963814815    0.072372172    0.072364076    0.014989382
    2.983833834    0.093649189    0.093632470    0.011334525
    3.003852853    0.137096097    0.137061183    0.008027170
    3.023871872    0.233012453    0.232931194    0.007058467
    3.043890891    0.470522177    0.470317722    0.007155407
    3.063909910    0.913925928    0.913728414    0.007942334
    3.083928929    0.748918267    0.749177532    0.009524767
    3.103947948    0.360037856    0.360175593    0.012517622
    3.123966967    0.200102895    0.200163026    0.018757630
    3.143985986    0.143682744    0.143720289    0.031251921
    3.164005005    0.115378891    0.115394606    0.036548967
    3.184024024    0.094194330    0.094196527    0.037056781
    3.204043043    0.094215809    0.094207394    0.054929756
    3.224062062    0.119689613    0.119662185    0.108079791
    3.244081081    0.197740600    0.197665533    0.178146202
    3.264100100    0.381967640    0.381838721    0.114602720
    3.284119119    0.407909481    0.408007690    0.056356960
    3.304138138    0.209457524    0.209537457    0.033312095
    3.324157157    0.112983608    0.113014935    0.023932875
    3.344176176    0.073165453    0.073178763    0.020218195
    3.364195195    0.054931285    0.054937416    0.019611728
    3.384214214    0.046251975    0.046254480    0.021573110
    3.404233233    0.043029716    0.043029653    0.026904175
    3.424252252    0.044430635    0.044427650    0.038623231
    3.444271271    0.052335717    0.052327439    0.065751997
    3.464290290    0.073558882    0.073537698    0.129682030
    3.484309309    0.126049908    0.125998834    0.208044414
    3.504328328    0.184102948    0.184110615    0.140577183
    3.524347347    0.122941157    0.122990380    0.079169868
    3.544366366    0.078941122    0.078956625    0.064170434
    3.564385385    0.069816076    0.069811910    0.081440950
    3.584404404    0.084867066    0.084840054    0.140252131
    3.604423423    0.139215584    0.139141429    0.147786189
    3.624442442    0.224577556    0.224548590    0.082804480
    3.644461461    0.163329097    0.163413188    0.055820036
    3.664480480    0.094983208    0.095017866    0.055027626
    3.684499499    0.072897193    0.072904129    0.079725282
    3.704518519    0.076359349    0.076346227    0.145959083
    3.724537538    0.100788263    0.100763907    0.157683918
    3.744556557    0.109188769    0.109184909    0.096511205
    3.764575576    0.132663126    0.132630220    0.062520114
    3.784594595    0.173724993    0.173707053    0.049711483
    3.804613614    0.133214128    0.133238883    0.059514353
    3.824632633    0.107383946    0.107419549    0.052856896
    3.844651652    0.092970148    0.092986875    0.030394775
    3.864670671    0.098317209    0.098316552    0.019599660
    3.884689690    0.125782634    0.125766977    0.014815649
    3.904708709    0.189783569    0.189740942    0.012505656
    3.924727728    0.342605601    0.342492269    0.011431119
    3.944746747    0.718245336    0.717993384    0.011155508
    3.964765766    1.032958216    1.033112511    0.011574654
    3.984784785    0.584418562    0.584701025    0.012812494
    4.004803804    0.289833452    0.289949504    0.015304552
    4.024822823    0.173991008    0.174038786    0.020173523
    4.044841842    0.127145297    0.127164513    0.030475444
    4.064860861    0.112867433    0.112868725    0.054867848
    4.084879880    0.123121488    0.123107582    0.101450685
    4.104898899    0.154021084    0.153989940    0.118396375
    4.124917918    0.246526231    0.246425708    0.071672548
    4.144936937    0.422934029    0.422849027    0.041712607
    4.164955956    0.330160515    0.330281891    0.031933380
    4.184974975    0.172264499    0.172324534    0.031545840
    4.204993994    0.107604908    0.107628029    0.038707513
    4.225013013    0.083321316    0.083329798    0.058497331
    4.245032032    0.077802485    0.077803719    0.108999352
    4.265051051    0.081955228    0.081951025    0.193910588
    4.285070070    0.103962988    0.103936569    0.157478622
    4.305089089    0.163532820    0.163487783    0.110543112
    4.325108108    0.167633292    0.167686312    0.133219400
    4.345127127    0.105319604    0.105356230    0.234176569
    4.365146146    0.078095673    0.078109581    0.240193685
    4.385165165    0.070352736    0.070357733    0.119565415
    4.405184184    0.071479600    0.071480232    0.061411217
    4.425203203    0.078765455    0.078762820    0.036996696
    4.445222222    0.092867402    0.092860949    0.025179189
    4.465241241    0.117339009    0.117326395    0.018706331
    4.485260260    0.161017214    0.160992337    0.014853925
    4.505279279    0.246367887    0.246314080    0.012456914
    4.525298298    0.437355295    0.437222407    0.010969201
    4.545317317    0.907994892    0.907677292    0.010130851
    4.565336336    1.489176569    1.489216331    0.009844805
    4.585355355    0.949084755    0.949473893    0.010147222
    4.605374374    0.485995737    0.486150404    0.011254648
    4.625393393    0.327481847    0.327519269    0.013737332
    4.645412412    0.325665441    0.325616208    0.018863229
    4.665431431    0.443322723    0.443238198    0.030505286
    4.685450450    0.401679106    0.401744235    0.059942066
    4.705469469    0.315350967    0.315347756    0.100274154
    4.725488488    0.287455564    0.287472224    0.068190511
    4.745507508    0.220876920    0.220906943    0.036852634
    4.765526527    0.192202879    0.192258555    0.022427480
    4.785545546    0.154664209    0.154700654    0.015915604
    4.805564565    0.146333024    0.146344863    0.013259171
    4.825583584    0.168167125    0.168162605    0.012919460
    4.845602603    0.234511985    0.234482155    0.014656118
    4.865621622    0.407031931    0.406942579    0.019629261
    4.885640641    0.714660786    0.714630696    0.032010133
    4.905659660    0.585729616    0.585940561    0.063559181
    4.925678679    0.354129502    0.354224259    0.103250238
    4.945697698    0.306835319    0.306857041    0.066715966
    4.965716717    0.349486717    0.349430076    0.035561128
    4.985735736    0.295707703    0.295636582    0.022578656
    5.005754755    0.260855113    0.260826262    0.015055776
    5.025773774    0.291852727    0.291839536    0.011628595
    5.045792793    0.392581499    0.392567876    0.010374449
    5.065811812    0.629851544    0.629816381    0.010580232
    5.085830831    1.218827295    1.218723927    0.012475198
    5.105849850    2.231298874    2.231333472    0.017574028
    5.125868869    1.805440808    1.805874563    0.030161631
    5.145887888    1.112756846    1.113135059    0.049160797
    5.165906907    0.782216549    0.782425021    0.065270196
    5.185925926    0.727896679    0.727934528    0.053755201
    5.205944945    1.010772034    1.010643125    0.028333265
    5.225963964    1.875908974    1.875561622    0.017949173
    5.245982983    2.407121335    2.407411166    0.015063230
    5.266002002    1.346703526    1.347051835    0.016915959
    5.286021021    0.758225601    0.758343185    0.025899315
    5.306040040    0.590856623    0.590842159    0.048611512
    5.326059059    0.670012142    0.669892387    0.053144978
    5.346078078    0.680247166    0.680334014    0.027702766
    5.366097097    0.468587082    0.468673911    0.015162990
    5.386116116    0.387030281    0.387065676    0.010052392
    5.406135135    0.407039122    0.407052707    0.007705752
    5.426154154    0.525007286    0.525006616    0.006790998
    5.446173173    0.833406033    0.833383209    0.006941161
    5.466192192    1.603469466    1.603412228    0.008554173
    5.486211211    2.425628509    2.425753574    0.013473604
    5.506230230    1.819361883    1.819432808    0.024753277
    5.526249249    1.783049602    1.782901402    0.024768885
    5.546268268    1.586017605    1.586123879    0.012930361
    5.566287287    0.877391556    0.877479533    0.007360507
    5.586306306    0.548795100    0.548827286    0.005021736
    5.606325325    0.423411497    0.423421153    0.003910832
    5.626344344    0.386772887    0.386771013    0.003278561
    5.646363363    0.406278723    0.406267416    0.002813879
    5.666382382    0.485472000    0.485447958    0.002513358
    5.686401401    0.664140683    0.664092020    0.002314750
    5.706420420    1.065960127    1.065850760    0.002178168
    5.726439439    2.060726011    2.060454638    0.002084474
    5.746458458    4.039435772    4.039146121    0.002024661
    5.766477477    3.640028755    3.640424356    0.001996331
    5.786496496    1.899838558    1.900071287    0.002004368
    5.806515516    1.083661815    1.083737111    0.002067758
    5.826534535    0.796637831    0.796611539    0.002239287
    5.846553554    0.798799967    0.798655163    0.002540382
    5.866572573    1.086359597    1.086039786    0.002805495
    5.886591592    1.156474713    1.156352342    0.003614518
    5.906610611    0.834220473    0.834204894    0.005348570
    5.926629630    0.765459460    0.765465678    0.004872062
    5.946648649    0.924995394    0.925043303    0.003365999
    5.966667668    1.395235575    1.395389587    0.002797167
    5.986686687    2.600879017    2.601333984    0.002676527
    6.006705706    5.328360050    5.329027340    0.002781757
    6.026724725    5.714289676    5.712922096    0.003075957
    6.046743744    2.889701157    2.888774125    0.003622301
    6.066762763    1.563502896    1.563134152    0.004620175
    6.086781782    1.097918953    1.097793804    0.006602034
    6.106800801    1.049645740    1.049714517    0.010734137
    6.126819820    1.277412199    1.277626420    0.016564691
    6.146838839    1.227228862    1.227218487    0.028314425
    6.166857858    1.323446763    1.323262615    0.042627524
    6.186876877    2.102398458    2.101964978    0.026111393
    6.206895896    4.120345014    4.119382738    0.013115500
    6.226914915    4.615493416    4.614358603    0.007940765
    6.246933934    2.343475928    2.342906150    0.005748365
    6.266952953    1.201283767    1.201002910    0.004786791
    6.286971972    0.735714457    0.735548711    0.004477739
    6.306990991    0.523542542    0.523426910    0.004666703
    6.327010010    0.422459099    0.422364575    0.005451150
    6.347029029    0.385092458    0.385000591    0.007285973
    6.367048048    0.403580615    0.403470695    0.011551109
    6.387067067    0.506589830    0.506420603    0.022325951
    6.407086086    0.804247853    0.803910636    0.041963926
    6.427105105    1.493198613    1.492618003    0.033410865
    6.447124124    1.570928747    1.570903001    0.016131595
    6.467143143    0.864146765    0.864185922    0.008816233
    6.487162162    0.547350511    0.547326485    0.005691748
    6.507181181    0.457179502    0.457126764    0.004150479
    6.527200200    0.486763496    0.486685178    0.003305816
    6.547219219    0.646425627    0.646305049    0.002824015
    6.567238238    1.073675514    1.073463086    0.002473110
    6.587257257    2.177447187    2.177005178    0.002184558
    6.607276276    3.502283069    3.501500504    0.001991208
    6.627295295    2.163077442    2.162559143    0.001856589
    6.647314314    1.032873026    1.032630000    0.001758718
    6.667333333    0.574355205    0.574223191    0.001686374
    6.687352352    0.370129834    0.370045698    0.001632502
    6.707371371    0.265350607    0.265292011    0.001591297
    6.727390390    0.205740656    0.205696673    0.001562004
    6.747409409    0.169543368    0.169507941    0.001543341
    6.767428428    0.146910556    0.146880282    0.001534373
    6.787447447    0.133045163    0.133017896    0.001535093
    6.807466466    0.125583375    0.125557545    0.001546421
    6.827485485    0.123545831    0.123520073    0.001570460
    6.847504505    0.126984441    0.126957285    0.001611124
    6.867523524    0.137085459    0.137054961    0.001675464
    6.887542543    0.156870278    0.156833289    0.001776570
    6.907561562    0.193282481    0.193232864    0.001940580
    6.927580581    0.263466959    0.263390369    0.002224863
    6.947599600    0.412126673    0.411989520    0.002742884
    6.967618619    0.678861934    0.678685805    0.003623238
    6.987637638    0.958939903    0.958696392    0.005599677
    7.007656657    1.529256464    1.528881865    0.010451163
    7.027675676    2.010565934    2.010181143    0.014306358
    7.047694695    1.932444130    1.932075264    0.008444154
    7.067713714    1.005569030    1.005392787    0.004709044
    7.087732733    0.554922557    0.554827700    0.003234379
    7.107751752    0.388358803    0.388298655    0.002618223
    7.127770771    0.350971572    0.350929693    0.002398992
    7.147789790    0.424042827    0.424016791    0.002514240
    7.167808809    0.702037532    0.702036887    0.002992414
    7.187827828    1.252059607    1.251968279    0.002761090
    7.207846847    1.009205623    1.008911050    0.002216755
    7.227865866    0.497025457    0.496875383    0.002002614
    7.247884885    0.277236322    0.277162467    0.001950859
    7.267903904    0.182564083    0.182519760    0.001985882
    7.287922923    0.136180526    0.136148861    0.002095794
    7.307941942    0.112158847    0.112132576    0.002304063
    7.327960961    0.101522899    0.101497587    0.002680907
    7.347979980    0.102861720    0.102832634    0.003405414
    7.367998999    0.122361693    0.122319735    0.004976964
    7.388018018    0.183074004    0.182994743    0.008833354
    7.408037037    0.321596080    0.321458393    0.015412680
    7.428056056    0.318860818    0.318809349    0.012113057
    7.448075075    0.177715009    0.177693257    0.006802646
    7.468094094    0.116866694    0.116845939    0.004921250
    7.488113113    0.102798264    0.102774730    0.004835251
    7.508132132    0.122690745    0.122654152    0.006417842
    7.528151151    0.182397733    0.182318274    0.009611615
    7.548170170    0.242310077    0.242260039    0.010968660
    7.568189189    0.155035488    0.155039871    0.006598786
    7.588208208    0.088135986    0.088131649    0.004031591
    7.608227227    0.060154137    0.060147396    0.002966971
    7.628246246    0.047276160    0.047269258    0.002474713
    7.648265265    0.040657242    0.040650607    0.002222364
    7.668284284    0.037153009    0.037146839    0.002089040
    7.688303303    0.035553124    0.035546716    0.002026539
    7.708322322    0.035420563    0.035413161    0.002016425
    7.728341341    0.036737861    0.036729355    0.002057001
    7.748360360    0.039856655    0.039846583    0.002162703
    7.768379379    0.045674257    0.045661638    0.002375345
    7.788398398    0.056208115    0.056190972    0.002802535
    7.808417417    0.076265675    0.076239816    0.003744509
    7.828436436    0.118409500    0.118365012    0.006078466
    7.848455455    0.209041128    0.208965499    0.010419964
    7.868474474    0.359340314    0.359224073    0.008804441
    7.888493493    0.580787735    0.580592377    0.005000036
    7.908512513    0.410167136    0.410057469    0.003342052
    7.928531532    0.198777650    0.198726891    0.002651915
    7.948550551    0.111514174    0.111485518    0.002336439
    7.968569570    0.073648932    0.073630579    0.002194424
    7.988588589    0.055551041    0.055538661    0.002163386
    8.008607608    0.047075224    0.047066036    0.002254828
    8.028626627    0.045628916    0.045619278    0.002586658
    8.048645646    0.052393099    0.052379817    0.003378024
    8.068664665    0.052314012    0.052302420    0.003439076
    8.088683684    0.041785130    0.041776106    0.002605304
    8.108702703    0.038425117    0.038416444    0.002216840
    8.128721722    0.040357558    0.040347966    0.002069039
    8.148740741    0.047117119    0.047105035    0.002014806
    8.168759760    0.061530936    0.061513299    0.002005100
    8.188778779    0.092533787    0.092503340    0.002023531
    8.208797798    0.167007609    0.166943456    0.002066612
    8.228816817    0.339608678    0.339486115    0.002137906
    8.248835836    0.396806030    0.396789299    0.002246689
    8.268854855    0.209943409    0.209955234    0.002422570
    8.288873874    0.116255641    0.116254779    0.002728911
    8.308892893    0.082182028    0.082175685    0.003320457
    8.328911912    0.073606251    0.073598066    0.004584052
    8.348930931    0.082220646    0.082208640    0.006656828
    8.368949950    0.113898304    0.113879540    0.009926554
    8.388968969    0.202297769    0.202262811    0.011017521
    8.408987988    0.391821650    0.391723419    0.007428240
    8.429007007    0.399239942    0.399171186    0.004734709
    8.449026026    0.199053702    0.199028781    0.003497252
    8.469045045    0.102963965    0.102949839    0.002971369
    8.489064064    0.062915006    0.062906011    0.002719832
    8.509083083    0.043663997    0.043657948    0.002581652
    8.529102102    0.033142396    0.033137481    0.002521692
    8.549121121    0.026861217    0.026856844    0.002512725
    8.569140140    0.022920644    0.022916588    0.002542658
    8.589159159    0.020454438    0.020450389    0.002610322
    8.609178178    0.019112826    0.019108240    0.002723955
    8.629197197    0.018935959    0.018929605    0.002905029
    8.649216216    0.019981315    0.019972216    0.003201366
    8.669235235    0.022058760    0.022050989    0.003725334
    8.689254254    0.028134135    0.028125246    0.004773873
    8.709273273    0.045341088    0.045325201    0.007154511
    8.729292292    0.075149285    0.075132535    0.011143492
    8.749311311    0.057961998    0.057964206    0.012891030
    8.769330330    0.032037037    0.032037631    0.015941853
    8.789349349    0.021614150    0.021613520    0.011565919
    8.809368368    0.017305180    0.017302920    0.007340124
    8.829387387    0.014078637    0.014076118    0.005187566
    8.849406406    0.012203128    0.012201419    0.004199774
    8.869425425    0.011259036    0.011258027    0.003777600
    8.889444444    0.010748476    0.010746134    0.003624610
    8.909463463    0.010353417    0.010348520    0.003642637
    8.929482482    0.010223550    0.010220539    0.003824426
    8.949501502    0.010483224    0.010481676    0.004245590
    8.969520521    0.011215001    0.011214213    0.005152363
    8.989539540    0.011586216    0.011584511    0.007291583
    9.009558559    0.011709345    0.011707294    0.012291876
    9.029577578    0.012584165    0.012581813    0.014637367
    9.049596597    0.014353332    0.014350300    0.009279414
    9.069615616    0.017534246    0.017529840    0.006602639
    9.089634635    0.023361451    0.023355190    0.005989194
    9.109653654    0.035096723    0.035086363    0.006701208
    9.129672673    0.061796107    0.061775879    0.009322589
    9.149691692    0.102598927    0.102579832    0.011729312
    9.169710711    0.141851346    0.141831416    0.009297225
    9.189729730    0.149331703    0.149318636    0.008611157
    9.209748749    0.078764784    0.078760774    0.010770291
    9.229767768    0.042543040    0.042540111    0.017097483
    9.249786787    0.026808722    0.026805697    0.025233012
    9.269805806    0.019259245    0.019256556    0.019543812
    9.289824825    0.015333982    0.015333132    0.011334829
    9.309843844    0.012925335    0.012927063    0.007737690
    9.329862863    0.011319560    0.011324265    0.006331592
    9.349881882    0.010325006    0.010327475    0.005857551
    9.369900901    0.009758662    0.009759111    0.005979094
    9.389919920    0.009532316    0.009531975    0.006846820
    9.409938939    0.009653560    0.009652901    0.009256937
    9.429957958    0.010064548    0.010063444    0.012772939
    9.449976977    0.010441170    0.010439745    0.013133264
    9.469995996    0.011348978    0.011347428    0.016574031
    9.490015015    0.013152831    0.013150899    0.014568237
    9.510034034    0.016729277    0.016726928    0.009285117
    9.530053053    0.024416002    0.024414773    0.007189554
    9.550072072    0.041834378    0.041835058    0.006803503
    9.570091091    0.053740629    0.053727876    0.006527330
    9.590110110    0.042880849    0.042858801    0.005717265
    9.610129129    0.047164764    0.047142851    0.005362087
    9.630148148    0.078577008    0.078546735    0.005289314
    9.650167167    0.123792474    0.123769547    0.005310609
    9.670186186    0.089180790    0.089179118    0.005391906
    9.690205205    0.066885224    0.066874926    0.005592680
    9.710224224    0.081842138    0.081825778    0.005962821
    9.730243243    0.068764737    0.068770081    0.006635439
    9.750262262    0.037915568    0.037925429    0.008084184
    9.770281281    0.023734363    0.023742922    0.010358123
    9.790300300    0.017438951    0.017442831    0.009854732
    9.810319319    0.014357081    0.014358243    0.009224799
    9.830338338    0.011643521    0.011642338    0.009380195
    9.850357357    0.010066507    0.010065612    0.011189346
    9.870376376    0.008951504    0.008951128    0.016230335
    9.890395395    0.008225122    0.008225031    0.020179378
    9.910414414    0.008115700    0.008116108    0.015654345
    9.930433433    0.008506229    0.008507160    0.013987129
    9.950452452    0.007778756    0.007779439    0.013211208
    9.970471471    0.007039968    0.007040807    0.014689248
    9.990490490    0.006815727    0.006817278    0.017833002
   10.010509510    0.006796961    0.006800206    0.016520017
   10.030528529    0.007054598    0.007060021    0.017690711
   10.050547548    0.007356734    0.007361018    0.020438975
   10.070566567    0.008067241    0.008069440    0.017145281
   10.090585586    0.010228457    0.010229459    0.015419409
   10.110604605    0.015157568    0.015158281    0.015987658
   10.130623624    0.016309144    0.016313504    0.017363030
   10.150642643    0.013631259    0.013640336    0.019506994
   10.170661662    0.013819759    0.013830511    0.023621882
   10.190680681    0.016138823    0.016141308    0.031682301
   10.210699700    0.015161919    0.015164206    0.047935478
   10.230718719    0.010434482    0.010438333    0.070567669
   10.250737738    0.008035738    0.008037737    0.085299821
   10.270756757    0.007041907    0.007042303    0.115049995
   10.290775776    0.006637820    0.006637424    0.124205905
   10.310794795    0.006569292    0.006568281    0.111771686
   10.330813814    0.006596975    0.006595313    0.147756687
   10.350832833    0.006696326    0.006694090    0.171466592
   10.370851852    0.007038301    0.007034928    0.180639649
   10.390870871    0.007729030    0.007723166    0.140964254
   10.410889890    0.009104504    0.009092477    0.130138090
   10.430908909    0.011792473    0.011767916    0.165229728
   10.450927928    0.014836664    0.014819096    0.249477784
   10.470946947    0.020146074    0.020141640    0.237637055
   10.490965966    0.033440551    0.033436252    0.203024361
   10.510984985    0.040911380    0.040908201    0.206217539
   10.531004004    0.024564191    0.024562019    0.156358282
   10.551023023    0.015492871    0.015490908    0.159318737
   10.571042042    0.012216663    0.012214705    0.210823793
   10.591061061    0.011341232    0.011339151    0.219491829
   10.611080080    0.011520550    0.011517961    0.304473033
   10.631099099    0.012441719    0.012437386    0.426496725
   10.651118118    0.014986511    0.014981033    0.331893264
   10.671137137    0.018190940    0.018186362    0.205138862
   10.691156156    0.016821942    0.016818002    0.165435113
   10.711175175    0.016150566    0.016145539    0.185708735
   10.731194194    0.018111450    0.018107098    0.191699131
   10.751213213    0.022657442    0.022653809    0.206569351
   10.771232232    0.031140480    0.031135293    0.242148175
   10.791251251    0.049251890    0.049242581    0.389207609
   10.811270270    0.088359315    0.088335640    0.422798385
   10.831289289    0.175710682    0.175661529    0.277177995
   10.851308308    0.223292459    0.223295448    0.238890836
   10.871327327    0.121088568    0.121104932    0.328250712
   10.891346346    0.062531927    0.062538022    0.500235067
   10.911365365    0.040913271    0.040916091    0.395712009
   10.931384384    0.030503595    0.030499084    0.305242428
   10.951403403    0.022955681    0.022949020    0.281782288
   10.971422422    0.019461020    0.019457146    0.230479886
   10.991441441    0.017344295    0.017342824    0.217007566
   11.011460460    0.015153943    0.015152650    0.293174998
   11.031479479    0.013241508    0.013240269    0.433892618
   11.051498498    0.012156737    0.012156137    0.408602895
   11.071517518    0.011966201    0.011966649    0.336658137
   11.091536537    0.012768900    0.012771386    0.295090087
   11.111555556    0.014791738    0.014795933    0.402293283
   11.131574575    0.018662698    0.018665497    0.737824409
   11.151593594    0.026322613    0.026324684    0.878853598
   11.171612613    0.023876795    0.023880632    0.599024079
   11.191631632    0.017767740    0.017769478    0.371361611
   11.211650651    0.015827744    0.015828660    0.224561037
   11.231669670    0.014437471    0.014438438    0.167545755
   11.251688689    0.014226066    0.014228934    0.142876279
   11.271707708    0.015161852    0.015166971    0.133002112
   11.291726727    0.017014181    0.017014773    0.113336485
   11.311745746    0.020532325    0.020526197    0.115525715
   11.331764765    0.025351526    0.025335234    0.146551205
   11.351783784    0.029425398    0.029410039    0.217353925
   11.371802803    0.033660530    0.033645496    0.361022603
   11.391821822    0.044125915    0.044105151    0.399306912
   11.411840841    0.068174922    0.068119636    0.309277659
   11.431859860    0.111645684    0.111536247    0.357708503
   11.451878879    0.154103122    0.154030948    0.623236489
   11.471897898    0.202734067    0.202652769    0.883365194
   11.491916917    0.208073618    0.207977116    0.687989713
   11.511935936    0.175562702    0.175486783    0.491706777
   11.531954955    0.100710053    0.100675998    0.268308905
   11.551973974    0.063694759    0.063685713    0.160374130
   11.571992993    0.049473749    0.049485067    0.110934459
   11.592012012    0.045629721    0.045646135    0.087517766
   11.612031031    0.045746923    0.045731806    0.075624023
   11.632050050    0.052746093    0.052726361    0.070656140
   11.652069069    0.066862042    0.066824739    0.072044239
   11.672088088    0.093497427    0.093411225    0.078795016
   11.692107107    0.154660799    0.154454480    0.101114024
   11.712126126    0.236869905    0.236619666    0.140519075
   11.732145145    0.286447283    0.287051834    0.163436187
   11.752164164    0.425878432    0.427224248    0.214774816
   11.772183183    0.385929315    0.386322817    0.296194771
   11.792202202    0.214772497    0.214897997    0.276663461
   11.812221221    0.140168366    0.140281844    0.243961766
   11.832240240    0.123673019    0.123819072    0.229741711
   11.852259259    0.139633237    0.139891230    0.270720600
   11.872278278    0.196696429    0.197134352    0.377639122
   11.892297297    0.232226716    0.232218339    0.499114797
   11.912316316    0.273086379    0.272215091    0.606372367
   11.932335335    0.309107447    0.307980358    0.530425300
   11.952354354    0.192471634    0.191925245    0.442048800
   11.972373373    0.112389345    0.112176346    0.463603530
   11.992392392    0.086341008    0.086298070    0.567097647
   12.012411411    0.092290247    0.092379144    0.395172282
   12.032430430    0.121113791    0.121178744    0.307008718
   12.052449449    0.117519654    0.117551818    0.278217620
   12.072468468    0.075871583    0.075890345    0.201368814
   12.092487487    0.058207145    0.058224505    0.168041503
   12.112506507    0.055247380    0.055271734    0.189667845
   12.132525526    0.060825079    0.060868578    0.212152500
   12.152544545    0.072753523    0.072852355    0.250117617
   12.172563564    0.096065651    0.096277151    0.307122048
   12.192582583    0.146913909    0.147226355    0.283972750
   12.212601602    0.229913091    0.229947941    0.259310213
   12.232620621    0.377896387    0.377589606    0.221902067
   12.252639640    0.426767814    0.425980877    0.189595915
   12.272658659    0.280892632    0.281176676    0.167041726
   12.292677678    0.273413585    0.275315802    0.192795465
   12.312696697    0.337507265    0.338492956    0.257001939
   12.332715716    0.296339142    0.295971325    0.382245769
   12.352734735    0.351754012    0.351960357    0.438522950
   12.372753754    0.410825784    0.411095735    0.501606985
   12.392772773    0.316935169    0.316846715    0.614808104
   12.412791792    0.236814994    0.236733945    0.824286145
   12.432810811    0.157024996    0.156881281    0.803269708
   12.452829830    0.128096396    0.127857198    0.691838320
   12.472848849    0.090322732    0.090217943    0.497357423
   12.492867868    0.061683457    0.061638777    0.410108999
   12.512886887    0.048441764    0.048418213    0.355938088
   12.532905906    0.041310128    0.041295015    0.342295464
   12.552924925    0.038019806    0.038008360    0.334311432
   12.572943944    0.037464475    0.037454269    0.372633347
   12.592962963    0.039552190    0.039541311    0.550485641
   12.612981982    0.045551885    0.045537501    0.605489131
   12.633001001    0.059565689    0.059540877    0.521776120
   12.653020020    0.089772402    0.089745664    0.486580139
   12.673039039    0.107828583    0.107895487    0.350268113
   12.693058058    0.113534892    0.113596371    0.276016451
   12.713077077    0.164189735    0.164226339    0.211189968
   12.733096096    0.247023197    0.246157585    0.225715916
   12.753115115    0.268443182    0.268238367    0.244653256
   12.773134134    0.180290550    0.180570881    0.245676875
   12.793153153    0.162349770    0.162314077    0.199528941
   12.813172172    0.226295988    0.225977670    0.201420413
   12.833191191    0.281531134    0.281569242    0.192407668
   12.853210210    0.266547992    0.266647007    0.155178561
   12.873229229    0.282000735    0.282293637    0.125734309
   12.893248248    0.214933624    0.215235733    0.109058048
   12.913267267    0.164285393    0.164416632    0.119692247
   12.933286286    0.126836566    0.126952390    0.133974737
   12.953305305    0.126711706    0.126853689    0.159347564
   12.973324324    0.171431737    0.171701537    0.161616177
   12.993343343    0.224333793    0.224754200    0.176372140
   13.013362362    0.263605425    0.263868479    0.231070133
   13.033381381    0.358978111    0.359523657    0.338910016
   13.053400400    0.430000756    0.430778690    0.496154983
   13.073419419    0.490056499    0.490209256    0.558332180
   13.093438438    0.475129549    0.474262829    0.484434913
   13.113457457    0.317529969    0.316880111    0.277089746
   13.133476476    0.240218633    0.239814266    0.197376927
   13.153495495    0.245835650    0.245255983    0.214989282
   13.173514515    0.299263382    0.299003598    0.248555707
   13.193533534    0.424074009    0.424147959    0.191296804
   13.213552553    0.579797828    0.579060377    0.126111598
   13.233571572    0.550768760    0.548322066    0.103475193
   13.253590591    0.355384287    0.353631140    0.110901756
   13.273609610    0.209350519    0.208433487    0.106183030
   13.293628629    0.129433920    0.128969157    0.105134484
   13.313647648    0.094718935    0.094447222    0.118633915
   13.333666667    0.081825959    0.081641619    0.132284111
   13.353685686    0.084291535    0.084144770    0.129779238
   13.373704705    0.103417372    0.103276719    0.142568006
   13.393723724    0.152914053    0.152739243    0.157737581
   13.413742743    0.180890758    0.180679739    0.175981352
   13.433761762    0.155045252    0.154868408    0.211246386
   13.453780781    0.154880090    0.154695938    0.262942817
   13.473799800    0.161063795    0.160823726    0.273787581
   13.493818819    0.134032086    0.133824364    0.215450282
   13.513837838    0.108699551    0.108560952    0.215990375
   13.533856857    0.095640108    0.095571674    0.256379564
   13.553875876    0.104918206    0.104927058    0.252908638
   13.573894895    0.114379268    0.114554691    0.236541228
   13.593913914    0.140440688    0.140683888    0.238884725
   13.613932933    0.227011334    0.227454389    0.267109371
   13.633951952    0.341177455    0.341474568    0.390522017
   13.653970971    0.355481418    0.355296494    0.745664124
   13.673989990    0.368481999    0.368184463    1.287545853
   13.694009009    0.319533329    0.318992518    0.919107831
   13.714028028    0.209782835    0.209484811    0.457405687
   13.734047047    0.199183011    0.199027712    0.275507489
   13.754066066    0.267786863    0.267643274    0.216069333
   13.774085085    0.286886831    0.286688238    0.214201572
   13.794104104    0.314177238    0.313950000    0.273937988
   13.814123123    0.244723528    0.244437273    0.361890812
   13.834142142    0.184096264    0.183870296    0.365466241
   13.854161161    0.205774531    0.205525721    0.286998784
   13.874180180    0.214119182    0.213699232    0.221654948
   13.894199199    0.167512408    0.167167640    0.230466529
   13.914218218    0.134081882    0.133903792    0.232598944
   13.934237237    0.137789575    0.137717675    0.173758596
   13.954256256    0.184900521    0.184927755    0.137542974
   13.974275275    0.242508070    0.242511432    0.135755723
   13.994294294    0.278781970    0.278660365    0.159639923
   14.014313313    0.259172234    0.258515659    0.218815279
   14.034332332    0.268164072    0.266988159    0.338856821
   14.054351351    0.414239632    0.411739928    0.373512776
   14.074370370    0.633286740    0.630686329    0.305071041
   14.094389389    0.521324304    0.520825114    0.229908526
   14.114408408    0.479196740    0.478601886    0.203535787
   14.134427427    0.509797940    0.509303892    0.176906195
   14.154446446    0.633873163    0.633589267    0.164382725
   14.174465465    0.518720730    0.519595614    0.173059266
   14.194484484    0.291082064    0.291511823    0.191334970
   14.214503504    0.202329525    0.202482084    0.268858535
   14.234522523    0.192755811    0.192801027    0.383955777
   14.254541542    0.256399873    0.256378419    0.411282709
   14.274560561    0.437237324    0.437195348    0.448628954
   14.294579580    0.527657196    0.527662912    0.457390754
   14.314598599    0.301927260    0.301890696    0.525949741
   14.334617618    0.174204763    0.174184959    0.651373001
   14.354636637    0.126558528    0.126536416    0.511930528
   14.374655656    0.110498371    0.110476131    0.347687952
   14.394674675    0.116759751    0.116744422    0.249999729
   14.414693694    0.151668214    0.151652095    0.185828437
   14.434712713    0.222352949    0.222192019    0.159026093
   14.454731732    0.270496358    0.270341692    0.155546885
   14.474750751    0.190325790    0.190275467    0.167821461
   14.494769770    0.167096530    0.167066597    0.212063995
   14.514788789    0.224271010    0.224260378    0.216103065
   14.534807808    0.316092807    0.316070039    0.193684434
   14.554826827    0.229698385    0.229669942    0.196055358
   14.574845846    0.160709230    0.160735023    0.180480445
   14.594864865    0.160450609    0.160572338    0.210849290
   14.614883884    0.228735468    0.229092344    0.327389071
   14.634902903    0.387599172    0.388064930    0.494228952
   14.654921922    0.344648787    0.344234901    0.656075711
   14.674940941    0.189914663    0.189642864    0.802588488
   14.694959960    0.124156821    0.123996174    0.573781381
   14.714978979    0.100953611    0.100814388    0.337913553
   14.734997998    0.094084957    0.093937087    0.239407418
   14.755017017    0.086163892    0.086024198    0.201025607
   14.775036036    0.083076229    0.082911047    0.174028642
   14.795055055    0.083711147    0.083471896    0.197221168
   14.815074074    0.086155969    0.085743404    0.238550767
   14.835093093    0.093968161    0.093130990    0.228284586
   14.855112112    0.105319767    0.104252248    0.196284699
   14.875131131    0.112989102    0.112688030    0.204838592
   14.895150150    0.128530299    0.128305127    0.199419059
   14.915169169    0.164423905    0.164152505    0.236899848
   14.935188188    0.248268253    0.247868043    0.186337846
   14.955207207    0.368436335    0.367828945    0.118787119
   14.975226226    0.316907136    0.316370480    0.091854261
   14.995245245    0.274032641    0.273529393    0.083181368
   15.015264264    0.259181256    0.258576537    0.084653508
   15.035283283    0.284107862    0.283210242    0.096668421
   15.055302302    0.337565660    0.336965790    0.116099111
   15.075321321    0.381777413    0.381219904    0.148361110
   15.095340340    0.485085558    0.483986496    0.221082059
   15.115359359    0.666255812    0.664249460    0.347497588
   15.135378378    0.995728744    0.991797652    0.344724850
   15.155397397    1.750596636    1.741442065    0.236036200
   15.175416416    3.387071492    3.370840320    0.172671469
   15.195435435    3.846199926    3.852218782    0.177914324
   15.215454454    3.192427483    3.214326458    0.254300707
   15.235473473    3.685319118    3.695597674    0.294202226
   15.255492492    3.595818801    3.578504543    0.195262201
   15.275511512    4.866679146    4.841015418    0.132172926
   15.295530531    5.630938789    5.628470595    0.106379908
   15.315549550    3.217790070    3.227234907    0.095356463
   15.335568569    1.636238184    1.639864423    0.093974357
   15.355587588    0.983548580    0.984831709    0.098766316
   15.375606607    0.692070777    0.692570424    0.112087613
   15.395625626    0.557114756    0.557342569    0.145124068
   15.415644645    0.482612645    0.482557826    0.175765590
   15.435663664    0.455299314    0.455013598    0.191412952
   15.455682683    0.493002947    0.492687162    0.202462772
   15.475701702    0.641260197    0.640712572    0.200630577
   15.495720721    0.822897809    0.821199083    0.220201978
   15.515739740    0.775612003    0.773943129    0.280962191
   15.535758759    0.862234705    0.860264464    0.346667332
   15.555777778    1.163330855    1.160279747    0.254634821
   15.575796797    1.715125110    1.708961249    0.190157477
   15.595815816    3.174337684    3.159394471    0.162285230
   15.615834835    6.517201984    6.492954288    0.155098512
   15.635853854    6.763271784    6.780017520    0.164088931
   15.655872873    3.294047738    3.306957744    0.193026963
   15.675891892    1.648405339    1.653299773    0.254904760
   15.695910911    0.967536505    0.969654216    0.299526227
   15.715929930    0.645293828    0.646379517    0.309556684
   15.735948949    0.469111828    0.469671093    0.310110106
   15.755967968    0.366690992    0.366975881    0.313542996
   15.775986987    0.305657375    0.305778149    0.290708304
   15.796006006    0.270971731    0.270959448    0.324179254
   15.816025025    0.256958974    0.256783876    0.384990855
   15.836044044    0.263964389    0.263619801    0.379455137
   15.856063063    0.299574649    0.299157525    0.366566632
   15.876082082    0.398029995    0.397437857    0.402900081
   15.896101101    0.640205734    0.638760389    0.481844909
   15.916120120    0.828009304    0.823149480    0.641644511
   15.936139139    0.797607226    0.791433023    0.878709383
   15.956158158    1.109841372    1.103418580    0.956255342
   15.976177177    1.233663034    1.242969649    0.871519965
   15.996196196    0.924431338    0.937722440    0.883806149
   16.016215215    0.700283753    0.706571210    0.998784682
   16.036234234    0.748220796    0.749464215    1.204085869
   16.056253253    0.738999668    0.737841518    1.452719653
   16.076272272    0.996439637    0.995443831    1.840773253
   16.096291291    1.293041126    1.293822206    2.408659479
   16.116310310    0.777026982    0.778303060    3.708255353
   16.136329329    0.432542109    0.433129202    3.759843705
   16.156348348    0.297521541    0.297823202    3.258809953
   16.176367367    0.247958992    0.248141204    4.018461013
   16.196386386    0.246569090    0.246688615    6.812927100
   16.216405405    0.301110381    0.301183957    9.867680122
   16.236424424    0.474692397    0.474711631    7.121475661
   16.256443443    0.791724850    0.791875810    4.933029419
   16.276462462    0.632814640    0.633211916    4.834517243
   16.296481481    0.363162004    0.363349454    6.007593981
   16.316500501    0.266291971    0.266375765    8.756772302
   16.336519520    0.266806419    0.266844548   15.513311682
   16.356538539    0.323733761    0.323753074   29.407044430
   16.376557558    0.276487314    0.276487563   37.146496449
   16.396576577    0.229441400    0.229406920   31.171819661
   16.416595596    0.241055520    0.240973483   32.906046516
   16.436614615    0.313261795    0.313087756   27.788851601
   16.456633634    0.508420794    0.508023905   16.032958462
   16.476652653    0.932547467    0.931851717    9.406960227
   16.496671672    1.105423100    1.105357760    5.777097117
   16.516690691    0.667818835    0.667930836    4.090607756
   16.536709710    0.404248053    0.404238185    3.662351220
   16.556728729    0.339257810    0.339174687    4.061317015
   16.576747748    0.402707921    0.402549650    3.333645347
   16.596766767    0.417856913    0.417715399    2.367450447
   16.616785786    0.286779086    0.286661028    1.923555395
   16.636804805    0.226533116    0.226398686    1.974054796
   16.656823824    0.217616730    0.217429375    2.765044114
   16.676842843    0.229682205    0.229417632    3.452388259
   16.696861862    0.262435743    0.262213322    2.139537402
   16.716880881    0.325941177    0.325729118    1.270369049
   16.736899900    0.322940301    0.322688338    0.892526937
   16.756918919    0.325853432    0.325461458    0.711530720
   16.776937938    0.328622779    0.328100749    0.602513473
   16.796956957    0.359377179    0.358657524    0.540289633
   16.816975976    0.392456261    0.391506103    0.540787183
   16.836994995    0.480981804    0.479542892    0.655493952
   16.857014014    0.663169654    0.660583758    0.804716256
   16.877033033    1.024289311    1.018793945    0.615902650
   16.897052052    1.891687034    1.879230013    0.469888442
   16.917071071    2.900442223    2.889544810    0.447581995
   16.937090090    2.409977072    2.412862919    0.532064289
   16.957109109    1.885247530    1.895763690    0.817720954
   16.977128128    1.776421610    1.786485396    1.360069319
   16.997147147    1.380126600    1.386490373    1.106388789
   17.017166166    0.957172665    0.959000748    0.604781769
   17.037185185    0.807327500    0.806826678    0.379509705
   17.057204204    0.809173391    0.807174359    0.278961052
   17.077223223    0.943266651    0.939494758    0.229054200
   17.097242242    1.118034383    1.112139254    0.203303972
   17.117261261    1.191517033    1.184002049    0.193620860
   17.137280280    1.415043047    1.404232527    0.202575321
   17.157299299    1.870082569    1.852620985    0.247054985
   17.177318318    2.605982052    2.576167603    0.308192157
   17.197337337    3.769352264    3.715463184    0.267292979
   17.217356356    6.176916835    6.063822577    0.256510956
   17.237375375   11.788653779   11.514199467    0.291693164
   17.257394394   24.726338895   24.173623594    0.355158561
   17.277413413   32.700227162   32.869394552    0.435048382
   17.297432432   21.331871874   21.846865179    0.683373508
   17.317451451   11.133438927   11.408488781    0.859985710
   17.337470470    6.432514111    6.560939018    0.678444013
   17.357489489    4.849126531    4.927292256    0.418668306
   17.377508509    4.675421200    4.746375432    0.312470547
   17.397527528    3.189290586    3.236594763    0.235608195
   17.417546547    1.977857792    2.003067659    0.230875757
   17.437565566    1.409989015    1.425128231    0.230704503
   17.457584585    1.128236647    1.138475585    0.163860813
   17.477603604    0.950815216    0.957856642    0.125993904
   17.497622623    0.862434719    0.867364645    0.115557101
   17.517641642    0.854307948    0.857785248    0.118471970
   17.537660661    0.927306156    0.929674437    0.104170887
   17.557679680    1.162587568    1.161616437    0.093651013
   17.577698699    1.743575434    1.722821515    0.091096180
   17.597717718    3.251682498    3.181769586    0.098124542
   17.617736737    6.073099726    6.019768997    0.123802400
   17.637755756    4.958078110    5.112967171    0.183604713
   17.657774775    2.553422621    2.666166854    0.207575301
   17.677793794    1.606553153    1.693760918    0.194107144
   17.697812813    1.054954096    1.088051595    0.215359336
   17.717831832    0.741038439    0.741441944    0.227388755
   17.737850851    0.588689169    0.571596937    0.190951924
   17.757869870    0.571216143    0.526842441    0.223201827
   17.777888889    0.693240621    0.584624313    0.361872733
   17.797907908    0.662762437    0.541869239    0.505414120
   17.817926927    0.542812079    0.488121874    0.442822061
   17.837945946    0.511645391    0.489452494    0.413716262
   17.857964965    0.471741523    0.458482373    0.283725768
   17.877983984    0.482562063    0.472714390    0.171727206
   17.898003003    0.489353380    0.481221987    0.132704903
   17.918022022    0.331487335    0.326266268    0.126623237
   17.938041041    0.254989409    0.251532652    0.097834494
   17.958060060    0.249527602    0.246906423    0.078383210
   17.978079079    0.232800727    0.230698197    0.068155917
   17.998098098    0.183886283    0.182321746    0.058852623
   18.018117117    0.162811164    0.161581283    0.054943256
   18.038136136    0.163045773    0.161992886    0.055188899
   18.058155155    0.184675385    0.183679070    0.056982298
   18.078174174    0.204619246    0.203639199    0.061094534
   18.098193193    0.218141458    0.217180241    0.070941715
   18.118212212    0.294054156    0.292867878    0.093810967
   18.138231231    0.475672307    0.473655145    0.140290879
   18.158250250    0.580465103    0.577550111    0.199319410
   18.178269269    0.552914834    0.550992531    0.325496537
   18.198288288    0.459798844    0.458772306    0.372969993
   18.218307307    0.348902596    0.348395422    0.342670621
   18.238326326    0.389137406    0.388643253    0.369656924
   18.258345345    0.535787357    0.535306426    0.270975294
   18.278364364    0.548432782    0.546920737    0.169769760
   18.298383383    0.352468150    0.350814151    0.139690795
   18.318402402    0.252443523    0.251200686    0.103804809
   18.338421421    0.226365945    0.224793155    0.074785673
   18.358440440    0.192342679    0.190779960    0.063578698
   18.378459459    0.168548701    0.167630470    0.064285635
   18.398478478    0.175055584    0.174761499    0.080602981
   18.418497497    0.227907595    0.228197648    0.129359576
   18.438516517    0.245713007    0.246433002    0.168253620
   18.458535536    0.191527141    0.191820941    0.106398229
   18.478554555    0.167186662    0.167214751    0.069014980
   18.498573574    0.172917708    0.172840916    0.059193438
   18.518592593    0.199636360    0.199511115    0.056825864
   18.538611612    0.254950654    0.254796318    0.058962766
   18.558630631    0.363352837    0.363130754    0.055247058
   18.578649650    0.613872972    0.613604367    0.055992831
   18.598668669    1.238885509    1.238495799    0.061854289
   18.618687688    2.070011664    2.066378215    0.059438955
   18.638706707    1.365915122    1.361250459    0.068364029
   18.658725726    0.675174160    0.673015203    0.066081643
   18.678744745    0.394527400    0.393468703    0.050172674
   18.698763764    0.274043604    0.273439329    0.043736765
   18.718782783    0.216529479    0.216136754    0.039195731
   18.738801802    0.188767451    0.188485785    0.038024247
   18.758820821    0.177591959    0.177374206    0.040325582
   18.778839840    0.178880891    0.178700721    0.047416580
   18.798858859    0.190920655    0.190762246    0.063037568
   18.818877878    0.216928129    0.216782538    0.093477994
   18.838896897    0.270602714    0.270462858    0.156185221
   18.858915916    0.389214764    0.389073625    0.213026385
   18.878934935    0.604841093    0.604646290    0.192734236
   18.898953954    0.652247955    0.652003032    0.243879920
   18.918972973    0.751573901    0.751490737    0.230435132
   18.938991992    1.214103337    1.214079403    0.140219222
   18.959011011    1.460395436    1.459007194    0.114940859
   18.979030030    1.200852335    1.199460454    0.130004435
   18.999049049    1.497116041    1.494575847    0.126115495
   19.019068068    2.001193915    1.981834026    0.148432777
   19.039087087    1.992742015    1.992823550    0.205503113
   19.059106106    2.918260972    2.955826087    0.147002569
   19.079125125    3.161537752    3.160801938    0.092101503
   19.099144144    1.702101689    1.692929975    0.074650397
   19.119163163    0.976707521    0.973335436    0.076518656
   19.139182182    0.707537096    0.706259704    0.097312921
   19.159201201    0.629303935    0.628768184    0.155245163
   19.179220220    0.676339850    0.676156327    0.257441400
   19.199239239    0.853778802    0.853867899    0.262340719
   19.219258258    1.008773897    1.009097201    0.293379725
   19.239277277    1.276159432    1.276964886    0.368186587
   19.259296296    2.028410291    2.030566770    0.257800755
   19.279315315    3.882069030    3.887149698    0.151172950
   19.299334334    5.693698626    5.693695978    0.117468441
   19.319353353    4.336599526    4.333841168    0.121347490
   19.339372372    4.639729237    4.639746575    0.125344023
   19.359391391    6.935190247    6.929911791    0.121644426
   19.379410410    5.258485482    5.244747746    0.159630126
   19.399429429    3.031164031    3.023994619    0.225996394
   19.419448448    2.553448383    2.549078027    0.359679008
   19.439467467    2.536074621    2.531713087    0.417716223
   19.459486486    2.004652354    2.001502554    0.259622774
   19.479505506    2.302242267    2.299551958    0.174734291
   19.499524525    2.938747302    2.933572318    0.128271125
   19.519543544    2.093825419    2.088840382    0.104666803
   19.539562563    1.566037019    1.562224227    0.115386449
   19.559581582    1.352425876    1.349251443    0.167675435
   19.579600601    1.129166949    1.126804876    0.194579854
   19.599619620    1.204996037    1.202591360    0.182357301
   19.619638639    1.917432027    1.913701538    0.226052225
   19.639657658    2.450838861    2.447844399    0.221335464
   19.659676677    1.505573633    1.503698233    0.284018668
   19.679695696    0.800303959    0.798930143    0.384584132
   19.699714715    0.491538208    0.490711538    0.247741815
   19.719733734    0.352426595    0.351865954    0.140933069
   19.739752753    0.293753702    0.293286138    0.100764224
   19.759771772    0.292183085    0.291677823    0.091192336
   19.779790791    0.275463491    0.274958830    0.093566977
   19.799809810    0.226740139    0.226380520    0.094958546
   19.819828829    0.230911557    0.230596626    0.113168239
   19.839847848    0.301435389    0.301065124    0.152019389
   19.859866867    0.339272797    0.338851339    0.231325270
   19.879885886    0.250977761    0.250655912    0.433529833
   19.899904905    0.198767855    0.198557253    0.610472899
   19.919923924    0.200902568    0.200757673    0.447848266
   19.939942943    0.223894609    0.223662978    0.414383531
   19.959961962    0.234731685    0.234393680    0.467045447
   19.979980981    0.313286507    0.312832893    0.405222329
   20.000000000    0.531279191    0.530543810    0.403009053
