# energy grid [eV]     epsi_x  epsi_y  epsi_z
#
    0.001000000    0.000290703    0.000290727    0.000003860
    0.021019019    0.006117514    0.006118015    0.000081201
    0.041038038    0.011983862    0.011984845    0.000158967
    0.061057057    0.017928092    0.017929567    0.000237568
    0.081076076    0.023989910    0.023991890    0.000317428
    0.101095095    0.030211099    0.030213603    0.000398996
    0.121114114    0.036636309    0.036639363    0.000482748
    0.141133133    0.043313949    0.043317584    0.000569200
    0.161152152    0.050297205    0.050301459    0.000658917
    0.181171171    0.057645245    0.057650163    0.000752527
    0.201190190    0.065424637    0.065430275    0.000850736
    0.221209209    0.073711083    0.073717507    0.000954343
    0.241228228    0.082591523    0.082598809    0.001064266
    0.261247247    0.092166742    0.092174985    0.001181565
    0.281266266    0.102554636    0.102563946    0.001307481
    0.301285285    0.113894324    0.113904833    0.001443472
    0.321304304    0.126351402    0.126363269    0.001591275
    0.341323323    0.140124712    0.140138129    0.001752970
    0.361342342    0.155455158    0.155470358    0.001931075
    0.381361361    0.172637317    0.172654584    0.002128667
    0.401380380    0.192034917    0.192054602    0.002349540
    0.421399399    0.214101725    0.214124263    0.002598426
    0.441418418    0.239410134    0.239436074    0.002881286
    0.461437437    0.268690869    0.268720904    0.003205732
    0.481456456    0.302889036    0.302924060    0.003581597
    0.501475475    0.343244690    0.343285869    0.004021785
    0.521494494    0.391410960    0.391459840    0.004543490
    0.541513514    0.449631093    0.449689761    0.005170036
    0.561532533    0.521010506    0.521081835    0.005933712
    0.581551552    0.609946626    0.610034672    0.006880230
    0.601570571    0.722830038    0.722940680    0.008076020
    0.621589590    0.869230633    0.869372664    0.009620554
    0.641608609    1.063990840    1.064177921    0.011668110
    0.661627628    1.331106839    1.331361145    0.014468114
    0.681646647    1.711358680    1.711718214    0.018444464
    0.701665666    2.278399997    2.278934336    0.024362795
    0.721684685    3.175693050    3.176540548    0.033714478
    0.741703704    4.710507290    4.711973296    0.049693908
    0.761722723    7.624121252    7.626972475    0.080007877
    0.781741742   13.965326057   13.971763893    0.145957909
    0.801760761   29.640950915   29.656750448    0.308955362
    0.821779780   56.630316048   56.643214417    0.589478349
    0.841798799   42.696856200   42.680786506    0.444530404
    0.861817818   19.616673364   19.608798782    0.204706634
    0.881836837    9.988353011    9.985274271    0.104675299
    0.901855856    5.869191391    5.867815312    0.061883814
    0.921874875    3.832208531    3.831508079    0.040722760
    0.941893894    2.699383418    2.698989050    0.028949421
    0.961912913    2.012942662    2.012702262    0.021803711
    0.981931932    1.570571563    1.570414741    0.017178365
    1.001950951    1.273210243    1.273101034    0.014036485
    1.021969970    1.068610864    1.068529076    0.011823322
    1.041988989    0.928104209    0.928037135    0.010221621
    1.062008008    0.836470388    0.836408477    0.009039933
    1.082027027    0.787965309    0.787899041    0.008157587
    1.102046046    0.786634385    0.786550296    0.007495786
    1.122065065    0.852840548    0.852712635    0.007001619
    1.142084084    1.046216199    1.045980867    0.006638798
    1.162103103    1.543295525    1.542770023    0.006382111
    1.182122122    2.825631237    2.824423525    0.006213976
    1.202141141    4.374196038    4.373959658    0.006122273
    1.222160160    2.847458623    2.848369145    0.006098944
    1.242179179    1.583326361    1.583667620    0.006139156
    1.262198198    1.144887629    1.144947395    0.006240732
    1.282217217    1.107390832    1.107260343    0.006403878
    1.302236236    1.464650631    1.464200693    0.006631125
    1.322255255    2.533445290    2.532498525    0.006927443
    1.342274274    3.028829854    3.029203107    0.007300562
    1.362293293    1.702842549    1.703379776    0.007761543
    1.382312312    0.977105438    0.977315050    0.008325703
    1.402331331    0.682614121    0.682701695    0.009013926
    1.422350350    0.550339340    0.550381669    0.009854731
    1.442369369    0.487691613    0.487714892    0.010887395
    1.462388388    0.461355614    0.461370158    0.012166827
    1.482407407    0.458256856    0.458267481    0.013771345
    1.502426426    0.473572644    0.473582153    0.015815548
    1.522445445    0.506819252    0.506829889    0.018472450
    1.542464464    0.560833805    0.560848159    0.022013385
    1.562483483    0.642328291    0.642350328    0.026884114
    1.582502503    0.764170873    0.764207804    0.033860128
    1.602521522    0.950995998    0.951062550    0.044390585
    1.622540541    1.253156952    1.253286560    0.061440131
    1.642559560    1.785123900    1.785402040    0.091811410
    1.662578579    2.845116110    2.845791139    0.153418969
    1.682597598    5.292432788    5.294230739    0.298309051
    1.702616617   10.385277716   10.387867439    0.602216205
    1.722635636   10.722087460   10.719091051    0.606604660
    1.742654655    7.215178243    7.212344236    0.359351194
    1.762673674    7.706478932    7.702935279    0.317872440
    1.782692693   13.316708157   13.309560358    0.485091486
    1.802711712   20.678465550   20.677885451    0.724753714
    1.822730731   12.763904526   12.770287632    0.448068166
    1.842749750    6.126245481    6.128953598    0.216697523
    1.862768769    3.480237919    3.481387927    0.121348086
    1.882787788    2.333863199    2.334327603    0.078012474
    1.902806807    1.604272663    1.604452524    0.055340329
    1.922825826    1.170283555    1.170400002    0.042180403
    1.942844845    0.916744227    0.916820542    0.033993257
    1.962863864    0.758167143    0.758215856    0.028689681
    1.982882883    0.655356390    0.655385926    0.025216393
    2.002901902    0.589096951    0.589112318    0.023012422
    2.022920921    0.549468034    0.549471863    0.021779015
    2.042939940    0.531655337    0.531648540    0.021377863
    2.062958959    0.534319418    0.534301429    0.021790699
    2.082977978    0.559298614    0.559267273    0.023117447
    2.102996997    0.612494040    0.612445112    0.025612598
    2.123016016    0.706693163    0.706619565    0.029781954
    2.143035035    0.869074224    0.868965700    0.036605784
    2.163054054    1.160074036    1.159913728    0.048072345
    2.183073073    1.666467716    1.666090457    0.068576970
    2.203092092    2.477373894    2.476423004    0.109060129
    2.223111111    4.374456120    4.372224915    0.200583550
    2.243130130    9.208366009    9.203078734    0.427921638
    2.263149149   15.263048673   15.262638158    0.711951868
    2.283168168    9.537878324    9.543240706    0.444307842
    2.303187187    4.464733140    4.467027435    0.206857372
    2.323206206    2.410917871    2.411866735    0.110718555
    2.343225225    1.503468429    1.503922962    0.068216264
    2.363244244    1.041391530    1.041638089    0.046532494
    2.383263263    0.778866297    0.779012919    0.034159798
    2.403282282    0.617506976    0.617600229    0.026491755
    2.423301301    0.512718447    0.512780741    0.021438490
    2.443320320    0.442188841    0.442231943    0.017951550
    2.463339339    0.393881864    0.393912393    0.015461575
    2.483358358    0.360944169    0.360966060    0.013639469
    2.503377377    0.339353219    0.339368914    0.012285579
    2.523396396    0.326761589    0.326772653    0.011274473
    2.543415415    0.321913604    0.321921062    0.010525864
    2.563434434    0.324367195    0.324371725    0.009988793
    2.583453453    0.334409366    0.334411411    0.009633118
    2.603472472    0.353136605    0.353136443    0.009445604
    2.623491491    0.382738706    0.382736499    0.009429701
    2.643510511    0.427119846    0.427115665    0.009609626
    2.663529530    0.493188108    0.493181979    0.010041568
    2.683548549    0.593635755    0.593627715    0.010839793
    2.703567568    0.753410236    0.753400490    0.012239025
    2.723586587    1.026411263    1.026400611    0.014756907
    2.743605606    1.544242124    1.544233319    0.019670173
    2.763624625    2.675210868    2.675213192    0.030570257
    2.783643644    5.446036445    5.446075871    0.057491264
    2.803662663    9.374594870    9.374629793    0.095667625
    2.823681682    6.426670221    6.426589947    0.066308644
    2.843700701    3.365984248    3.365844122    0.035553416
    2.863719720    2.286771532    2.286536754    0.023654960
    2.883738739    2.107784263    2.107359728    0.019430477
    2.903757758    2.579668398    2.578806190    0.018965076
    2.923776777    4.118993507    4.116964105    0.022147260
    2.943795796    8.232162386    8.227354439    0.032246045
    2.963814815   13.483407709   13.482534593    0.045583918
    2.983833834    8.516617990    8.520970427    0.034237359
    3.003852853    4.068648648    4.070500512    0.024594741
    3.023871872    2.267331416    2.268074774    0.022016474
    3.043890891    1.477593359    1.477932133    0.022740378
    3.063909910    1.087049186    1.087217698    0.025760863
    3.083928929    0.884228093    0.884312941    0.031623933
    3.103947948    0.791993543    0.792031331    0.042739123
    3.123966967    0.794030932    0.794041308    0.066163319
    3.143985986    0.907874335    0.907844182    0.112312818
    3.164005005    1.028410875    1.028222165    0.129461237
    3.184024024    1.269994656    1.269617533    0.137127197
    3.204043043    2.045601068    2.044705030    0.219261787
    3.224062062    3.950988784    3.949304801    0.438592315
    3.244081081    4.638483618    4.639406120    0.518002980
    3.264100100    2.500517894    2.501510861    0.268626942
    3.284119119    1.396030568    1.396401929    0.139530992
    3.304138138    0.967509759    0.967646478    0.088880879
    3.324157157    0.795783040    0.795819553    0.067953990
    3.344176176    0.742955034    0.742935881    0.060581810
    3.364195195    0.770958236    0.770890531    0.061858282
    3.384214214    0.882549881    0.882416208    0.071824921
    3.404233233    1.124575284    1.124319195    0.095355644
    3.424252252    1.641243055    1.640701893    0.147927975
    3.444271271    2.859345736    2.858049727    0.275443042
    3.464290290    5.496176373    5.493945493    0.543671555
    3.484309309    6.287852116    6.289231636    0.600056720
    3.504328328    3.748505352    3.749711841    0.325485942
    3.524347347    2.757724320    2.757785749    0.200196860
    3.544366366    3.086948522    3.086033190    0.183139241
    3.564385385    5.006873852    5.004138142    0.258473236
    3.584404404    8.748789673    8.746556827    0.427351070
    3.604423423    7.116903288    7.120492003    0.342683322
    3.624442442    4.082008541    4.083574239    0.191720157
    3.644461461    3.194009150    3.194161389    0.142653016
    3.664480480    3.660066822    3.659075425    0.155912863
    3.684499499    5.890072361    5.887013785    0.247627972
    3.704518519   10.240650548   10.237814867    0.426946262
    3.724537538    9.762034368    9.764109122    0.342992848
    3.744556557    9.150356719    9.150610989    0.203292160
    3.764575576    7.243487382    7.245440652    0.137607331
    3.784594595    5.756224140    5.756818271    0.117039260
    3.804613614    7.359518275    7.358499031    0.143538179
    3.824632633    9.184767994    9.182012727    0.121063648
    3.844651652    7.616472087    7.618450453    0.070906528
    3.864670671    3.979046070    3.980557807    0.047648214
    3.884689690    2.277098428    2.277684528    0.037379131
    3.904708709    1.543241501    1.543482734    0.032590071
    3.924727728    1.190656968    1.190754028    0.030687248
    3.944746747    1.017425587    1.017444727    0.030819142
    3.964765766    0.951885670    0.951845995    0.032926111
    3.984784785    0.974598839    0.974489980    0.037611686
    4.004803804    1.101679986    1.101456379    0.046563384
    4.024822823    1.411316668    1.410862381    0.064078172
    4.044841842    2.133100446    2.132073386    0.102105203
    4.064860861    3.908924167    3.906507857    0.193578017
    4.084879880    6.750290060    6.748255710    0.337779291
    4.104898899    6.456862536    6.458569342    0.319580129
    4.124917918    3.703037576    3.704665370    0.180322601
    4.144936937    2.362619124    2.363136712    0.111699806
    4.164955956    2.037200592    2.037195168    0.092049024
    4.184974975    2.308016770    2.307581346    0.097927282
    4.204993994    3.346886013    3.345678899    0.130471651
    4.225013013    6.118734312    6.115666912    0.217107883
    4.245032032   11.335064449   11.331465892    0.431064829
    4.265051051   11.558566271   11.561530344    0.596531427
    4.285070070    6.694304048    6.697086936    0.378340709
    4.305089089    4.768939845    4.769180858    0.292859968
    4.325108108    5.819044692    5.817030992    0.401201835
    4.345127127    8.313723448    8.313473410    0.607274449
    4.365146146    5.489444527    5.492454588    0.398079596
    4.385165165    2.784336776    2.785683594    0.194754072
    4.405184184    1.645283835    1.645860444    0.110178564
    4.425203203    1.122625064    1.122910221    0.071921301
    4.445222222    0.848244554    0.848401684    0.051975175
    4.465241241    0.691600400    0.691691671    0.040441931
    4.485260260    0.600569270    0.600620997    0.033334404
    4.505279279    0.553039822    0.553063045    0.028849132
    4.525298298    0.541493147    0.541490135    0.026116994
    4.545317317    0.569429348    0.569393685    0.024741202
    4.565336336    0.656150862    0.656060189    0.024634258
    4.585355355    0.858290798    0.858079752    0.026018454
    4.605374374    1.343047041    1.342521366    0.029614501
    4.625393393    2.469681984    2.468668064    0.037212302
    4.645412412    3.070084785    3.070576077    0.052882255
    4.665431431    2.237358100    2.237746968    0.089152877
    4.685450450    2.405739974    2.405390471    0.179201390
    4.705469469    3.144668174    3.144630229    0.260126482
    4.725488488    3.467089815    3.466906216    0.155074089
    4.745507508    4.432938468    4.432398124    0.085459566
    4.765526527    4.272949482    4.272463971    0.053942509
    4.785545546    3.049011335    3.050154146    0.039649042
    4.805564565    1.625142676    1.625753543    0.034101046
    4.825583584    1.018141458    1.018374679    0.034256831
    4.845602603    0.789140133    0.789215182    0.040127066
    4.865621622    0.763171512    0.763135033    0.055765235
    4.885640641    0.966726063    0.966508763    0.094940567
    4.905659660    1.617369138    1.616840041    0.192033314
    4.925678679    2.147330109    2.147636269    0.265900869
    4.945697698    1.436314055    1.436893290    0.151327710
    4.965716717    1.198755820    1.199090331    0.082732664
    4.985735736    1.012786686    1.012725925    0.054211114
    5.005754755    0.609625948    0.609560956    0.037271631
    5.025773774    0.414948052    0.414925054    0.029616964
    5.045792793    0.333347373    0.333334286    0.027107827
    5.065811812    0.304445456    0.304429838    0.028342038
    5.085830831    0.313970829    0.313944221    0.034314951
    5.105849850    0.375794118    0.375741924    0.049806294
    5.125868869    0.545900176    0.545781381    0.087744796
    5.145887888    0.864670259    0.864357850    0.140449713
    5.165906907    1.275182069    1.274892824    0.175701446
    5.185925926    1.019141759    1.019486181    0.131016399
    5.205944945    0.586125051    0.586287560    0.069552540
    5.225963964    0.427507099    0.427546667    0.045626307
    5.245982983    0.405330409    0.405304169    0.039584500
    5.266002002    0.485326582    0.485221646    0.045912347
    5.286021021    0.738527025    0.738249354    0.072489950
    5.306040040    1.304697413    1.304264000    0.134769614
    5.326059059    1.458407523    1.458590872    0.131995990
    5.346078078    1.376294877    1.376144725    0.067407051
    5.366097097    2.083830777    2.083275452    0.037819989
    5.386116116    2.154191847    2.154684604    0.025659884
    5.406135135    1.126332355    1.126729886    0.020051968
    5.426154154    0.629757670    0.629912424    0.017972734
    5.446173173    0.437017455    0.437079476    0.018666847
    5.466192192    0.373066181    0.373084518    0.023386927
    5.486211211    0.401562933    0.401543263    0.037429734
    5.506230230    0.537426462    0.537383944    0.068372700
    5.526249249    0.551140777    0.551175965    0.064990943
    5.546268268    0.487275836    0.487256134    0.033748553
    5.566287287    0.596177796    0.596061046    0.019476753
    5.586306306    0.992197340    0.991862922    0.013456779
    5.606325325    1.983519180    1.982871652    0.010587846
    5.626344344    2.406316630    2.406893176    0.008950649
    5.646363363    1.262271105    1.262844531    0.007739369
    5.666382382    0.648833103    0.649063285    0.006960217
    5.686401401    0.401890142    0.401990194    0.006450822
    5.706420420    0.291902923    0.291950745    0.006106315
    5.726439439    0.241364672    0.241386386    0.005876839
    5.746458458    0.224938586    0.224942220    0.005739576
    5.766477477    0.238097285    0.238081964    0.005689764
    5.786496496    0.284312656    0.284269736    0.005743269
    5.806515516    0.399994080    0.399874322    0.005956893
    5.826534535    0.705521392    0.705218758    0.006486262
    5.846553554    1.149051202    1.148948258    0.007396327
    5.866572573    0.920070689    0.920348628    0.008212058
    5.886591592    0.840687988    0.840779399    0.010643559
    5.906610611    1.198116955    1.198135413    0.015781241
    5.926629630    0.983226965    0.983319051    0.014326543
    5.946648649    0.505552964    0.505602170    0.009941992
    5.966667668    0.297004101    0.297026846    0.008318596
    5.986686687    0.208329353    0.208341504    0.008015800
    6.006705706    0.167638806    0.167646212    0.008391469
    6.026724725    0.151432108    0.151437377    0.009351585
    6.046743744    0.153791083    0.153796240    0.011109768
    6.066762763    0.180269779    0.180278609    0.014317868
    6.086781782    0.256644246    0.256667478    0.020717360
    6.106800801    0.436044538    0.436073864    0.034117101
    6.126819820    0.550220491    0.550083027    0.053064884
    6.146838839    0.621505464    0.621293172    0.091123551
    6.166857858    0.749962720    0.750008558    0.128006702
    6.186876877    0.443656629    0.443808813    0.074186286
    6.206895896    0.241160765    0.241221951    0.037745595
    6.226914915    0.158524068    0.158548735    0.023284449
    6.246933934    0.121860316    0.121871002    0.017119041
    6.266952953    0.105009334    0.105013378    0.014443617
    6.286971972    0.099177052    0.099176769    0.013674138
    6.306990991    0.102062180    0.102057608    0.014422249
    6.327010010    0.115471527    0.115460501    0.017065464
    6.347029029    0.147344379    0.147320097    0.023157524
    6.367048048    0.221777885    0.221719722    0.037396908
    6.387067067    0.408634267    0.408489756    0.073429334
    6.407086086    0.713395425    0.713318655    0.132234372
    6.427105105    0.538521227    0.538701368    0.096320934
    6.447124124    0.298228606    0.298307754    0.046515828
    6.467143143    0.216256354    0.216279046    0.025893128
    6.487162162    0.214058455    0.214051145    0.016974374
    6.507181181    0.282880898    0.282837382    0.012525503
    6.527200200    0.492587104    0.492461843    0.010071958
    6.547219219    0.957444458    0.957254541    0.008672338
    6.567238238    0.925387274    0.925534348    0.007645631
    6.587257257    0.457602866    0.457702681    0.006795440
    6.607276276    0.243411856    0.243450611    0.006229747
    6.627295295    0.154009112    0.154025793    0.005839896
    6.647314314    0.111085837    0.111093765    0.005560268
    6.667333333    0.087975414    0.087979191    0.005357587
    6.687352352    0.074648240    0.074649688    0.005210902
    6.707371371    0.066806826    0.066807108    0.005102731
    6.727390390    0.062496345    0.062495792    0.005031418
    6.747409409    0.060809096    0.060807707    0.004993474
    6.767428428    0.061409554    0.061407213    0.004986458
    6.787447447    0.064393753    0.064390187    0.005010889
    6.807466466    0.070315801    0.070310485    0.005070340
    6.827485485    0.080412227    0.080404171    0.005172376
    6.847504505    0.097198335    0.097185585    0.005330737
    6.867523524    0.125989242    0.125967600    0.005569957
    6.887542543    0.179135844    0.179095144    0.005935441
    6.907561562    0.289288649    0.289200697    0.006517752
    6.927580581    0.550389935    0.550176412    0.007515742
    6.947599600    1.078825363    1.078538031    0.009324415
    6.967618619    1.166608108    1.166701337    0.012405389
    6.987637638    0.968705960    0.968845410    0.019334139
    7.007656657    0.622046832    0.622188452    0.036214755
    7.027675676    0.420518188    0.420580071    0.048355694
    7.047694695    0.253633485    0.253670885    0.028161564
    7.067713714    0.168701168    0.168720935    0.015821594
    7.087732733    0.135337549    0.135350855    0.010961345
    7.107751752    0.131610820    0.131623805    0.008940460
    7.127770771    0.161129739    0.161149405    0.008247528
    7.147789790    0.260445303    0.260486896    0.008697576
    7.167808809    0.463906495    0.463958294    0.010397022
    7.187827828    0.393971308    0.393947496    0.009614460
    7.207846847    0.200402717    0.200388358    0.007757081
    7.227865866    0.116083875    0.116078646    0.007047823
    7.247884885    0.080051404    0.080048993    0.006905076
    7.267903904    0.062583000    0.062581288    0.007069892
    7.287922923    0.053673015    0.053671158    0.007506246
    7.307941942    0.049838629    0.049836033    0.008305479
    7.327960961    0.050351092    0.050346908    0.009733024
    7.347979980    0.056816347    0.056808714    0.012465353
    7.367998999    0.075586461    0.075570217    0.018394819
    7.388018018    0.125446399    0.125407513    0.032936220
    7.408037037    0.208188297    0.208149991    0.056728570
    7.428056056    0.159184046    0.159200535    0.043357196
    7.448075075    0.090930086    0.090936974    0.024467815
    7.468094094    0.066639793    0.066639785    0.017909528
    7.488113113    0.065163450    0.065159109    0.017799445
    7.508132132    0.085396582    0.085383514    0.023856837
    7.528151151    0.131741245    0.131707147    0.035785277
    7.548170170    0.152948472    0.152959730    0.040201608
    7.568189189    0.090913088    0.090932805    0.024071112
    7.588208208    0.055208482    0.055214778    0.014828792
    7.608227227    0.040550131    0.040552001    0.011007828
    7.628246246    0.033980289    0.033980536    0.009252258
    7.648265265    0.030942464    0.030941990    0.008366871
    7.668284284    0.029819932    0.029819197    0.007916520
    7.688303303    0.030042465    0.030041052    0.007728304
    7.708322322    0.031515705    0.031513068    0.007737846
    7.728341341    0.034489203    0.034485239    0.007943375
    7.748360360    0.039648727    0.039642911    0.008405934
    7.768379379    0.048503415    0.048494510    0.009296134
    7.788398398    0.064492843    0.064478017    0.011050896
    7.808417417    0.096330625    0.096303008    0.014890526
    7.828436436    0.168112849    0.168054702    0.024369174
    7.848455455    0.320876332    0.320778915    0.041565592
    7.868474474    0.497123626    0.497014230    0.034463279
    7.888493493    0.458022665    0.458009240    0.019633606
    7.908512513    0.229111065    0.229116814    0.013238646
    7.928531532    0.122495494    0.122495077    0.010591968
    7.948550551    0.078155880    0.078153574    0.009402101
    7.968569570    0.057196214    0.057194047    0.008892888
    7.988588589    0.046842107    0.046840947    0.008827076
    8.008607608    0.042562851    0.042562399    0.009262891
    8.028626627    0.043893696    0.043891971    0.010698045
    8.048645646    0.052852184    0.052847612    0.014041925
    8.068664665    0.053785578    0.053782644    0.014308044
    8.088683684    0.044844066    0.044841497    0.010890667
    8.108702703    0.043687784    0.043684471    0.009329079
    8.128721722    0.048858465    0.048853701    0.008765721
    8.148740741    0.061244748    0.061236906    0.008592561
    8.168759760    0.087147305    0.087132217    0.008607686
    8.188778779    0.145884179    0.145850271    0.008744700
    8.208797798    0.292048299    0.291967907    0.008991488
    8.228816817    0.498599858    0.498575829    0.009366580
    8.248835836    0.337756501    0.337840412    0.009914693
    8.268854855    0.171041727    0.171078294    0.010773114
    8.288873874    0.107152243    0.107166326    0.012236200
    8.308892893    0.085228860    0.085233844    0.015024540
    8.328911912    0.085076303    0.085077976    0.020938836
    8.348930931    0.105984326    0.105981546    0.030609969
    8.368949950    0.165892685    0.165883426    0.045720664
    8.388968969    0.323353394    0.323326880    0.049864442
    8.408987988    0.479406479    0.479366847    0.033481751
    8.429007007    0.292831065    0.292852249    0.021512463
    8.449026026    0.144129493    0.144139599    0.016061349
    8.469045045    0.083186820    0.083190453    0.013783701
    8.489064064    0.055728003    0.055729703    0.012734045
    8.509083083    0.041492129    0.041493314    0.012195122
    8.529102102    0.033292488    0.033292928    0.012016607
    8.549121121    0.028251547    0.028251395    0.012078805
    8.569140140    0.025081387    0.025080804    0.012330906
    8.589159159    0.023190809    0.023189696    0.012773727
    8.609178178    0.022393854    0.022391750    0.013455002
    8.629197197    0.022893106    0.022888685    0.014491400
    8.649216216    0.024889061    0.024881334    0.016139528
    8.669235235    0.028339991    0.028334194    0.019001625
    8.689254254    0.037416870    0.037410399    0.024672390
    8.709273273    0.062160335    0.062147619    0.037477639
    8.729292292    0.099384464    0.099380429    0.058532808
    8.749311311    0.071395993    0.071410160    0.067476988
    8.769330330    0.040161718    0.040168228    0.082368312
    8.789349349    0.027977833    0.027980937    0.058734807
    8.809368368    0.022994170    0.022994324    0.037650761
    8.829387387    0.019147491    0.019146734    0.026995671
    8.849406406    0.016978019    0.016977992    0.022179280
    8.869425425    0.016000953    0.016001687    0.020227315
    8.889444444    0.015581694    0.015580315    0.019667739
    8.909463463    0.015302607    0.015297422    0.020028838
    8.929482482    0.015407695    0.015405273    0.021316694
    8.949501502    0.016110986    0.016110787    0.024009585
    8.969520521    0.017567995    0.017569061    0.029605358
    8.989539540    0.018482971    0.018482600    0.042621704
    9.009558559    0.019078143    0.019077201    0.072470199
    9.029577578    0.020995654    0.020994317    0.084114949
    9.049596597    0.024590789    0.024588546    0.053221674
    9.069615616    0.030975612    0.030971445    0.038584002
    9.089634635    0.042816257    0.042809655    0.035719240
    9.109653654    0.067287995    0.067275471    0.040788250
    9.129672673    0.123530294    0.123504567    0.057701973
    9.149691692    0.198601659    0.198595525    0.072355801
    9.169710711    0.253086861    0.253088569    0.057680370
    9.189729730    0.214421110    0.214436201    0.054653601
    9.209748749    0.108930159    0.108939897    0.070170293
    9.229767768    0.061911993    0.061915970    0.113315405
    9.249786787    0.040889765    0.040890578    0.162254440
    9.269805806    0.030519294    0.030519134    0.120371927
    9.289824825    0.025065944    0.025067966    0.070685031
    9.309843844    0.021686885    0.021692719    0.049536805
    9.329862863    0.019447311    0.019457839    0.041556994
    9.349881882    0.018132671    0.018139102    0.039353859
    9.369900901    0.017500226    0.017503035    0.041107207
    9.389919920    0.017445557    0.017446928    0.048204615
    9.409938939    0.018026845    0.018027663    0.066664699
    9.429957958    0.019170285    0.019170333    0.092590050
    9.449976977    0.020304013    0.020303510    0.095805581
    9.469995996    0.022581583    0.022580988    0.121435311
    9.490015015    0.026847644    0.026846614    0.104455604
    9.510034034    0.035167759    0.035166606    0.067624232
    9.530053053    0.053064333    0.053067290    0.053766724
    9.550072072    0.092766012    0.092775580    0.052122545
    9.570091091    0.114130934    0.114111059    0.050937197
    9.590110110    0.091604015    0.091565517    0.045574989
    9.610129129    0.106450286    0.106412818    0.043756881
    9.630148148    0.184100070    0.184053581    0.044188868
    9.650167167    0.253745111    0.253748915    0.045429777
    9.670186186    0.163984317    0.164004476    0.047271337
    9.690205205    0.128615259    0.128611715    0.050308272
    9.710224224    0.157294372    0.157289166    0.055109148
    9.730243243    0.121836917    0.121865919    0.063115704
    9.750262262    0.068194575    0.068221374    0.079204036
    9.770281281    0.044372049    0.044392937    0.103514124
    9.790300300    0.033715436    0.033726505    0.100056028
    9.810319319    0.028477520    0.028482761    0.096627073
    9.830338338    0.023615693    0.023615856    0.102042521
    9.850357357    0.020854413    0.020854900    0.127132765
    9.870376376    0.018898632    0.018899976    0.191027447
    9.890395395    0.017686914    0.017688724    0.234189508
    9.910414414    0.017757878    0.017760788    0.184146503
    9.930433433    0.018882608    0.018886790    0.171867210
    9.950452452    0.017488792    0.017492270    0.170135155
    9.970471471    0.016073345    0.016077066    0.199896676
    9.990490490    0.015804846    0.015810236    0.250393710
   10.010509510    0.016005790    0.016015255    0.240395497
   10.030528529    0.016868360    0.016883145    0.273836232
   10.050547548    0.017861622    0.017873766    0.325761621
   10.070566567    0.019920833    0.019928191    0.285729465
   10.090585586    0.025710779    0.025715851    0.279813031
   10.110604605    0.038513441    0.038519338    0.319437061
   10.130623624    0.041169576    0.041185127    0.385017681
   10.150642643    0.034745160    0.034771882    0.491110303
   10.170661662    0.035710232    0.035740743    0.695058789
   10.190680681    0.042067016    0.042076356    1.126467487
   10.210699700    0.039325166    0.039334257    2.019756249
   10.230718719    0.027343001    0.027355118    2.919302137
   10.250737738    0.021437617    0.021444401    3.477537842
   10.270756757    0.019125009    0.019127375    3.846624848
   10.290775776    0.018341652    0.018341795    3.179840153
   10.310794795    0.018460909    0.018459290    3.538886903
   10.330813814    0.018848760    0.018845227    4.111685936
   10.350832833    0.019467571    0.019462264    3.399954208
   10.370851852    0.020839726    0.020830904    2.927579814
   10.390870871    0.023336693    0.023320111    2.639424821
   10.410889890    0.028077598    0.028041648    3.594283012
   10.430908909    0.037142248    0.037067295    4.449513929
   10.450927928    0.047635102    0.047585176    3.353006109
   10.470946947    0.066273893    0.066267096    2.468001900
   10.490965966    0.111014473    0.111011720    2.686861286
   10.510984985    0.127356697    0.127359257    2.442410382
   10.531004004    0.075232462    0.075232591    2.572577728
   10.551023023    0.048873443    0.048871445    3.778396118
   10.571042042    0.039776382    0.039773288    3.721518035
   10.591061061    0.038023695    0.038019723    3.775581416
   10.611080080    0.039703318    0.039697345    3.182166668
   10.631099099    0.044102795    0.044090614    1.989755546
   10.651118118    0.054598712    0.054582952    1.539453033
   10.671137137    0.067411759    0.067400244    1.510814565
   10.691156156    0.063536293    0.063526161    2.063921983
   10.711175175    0.063366313    0.063351271    2.754682276
   10.731194194    0.074481913    0.074469698    3.111520092
   10.751213213    0.098512616    0.098503495    3.544782628
   10.771232232    0.145361657    0.145345617    3.863986305
   10.791251251    0.251332050    0.251294936    2.523345867
   10.811270270    0.486290212    0.486180926    1.755640407
   10.831289289    0.840687983    0.840626089    1.876818148
   10.851308308    0.616464211    0.616600821    2.796324275
   10.871327327    0.301804314    0.301867101    2.891307686
   10.891346346    0.171945582    0.171972502    1.777020423
   10.911365365    0.123014765    0.123029688    1.450824982
   10.931384384    0.097191503    0.097182012    1.604981910
   10.951403403    0.077094431    0.077077471    1.714114617
   10.971422422    0.068490816    0.068482730    1.891131973
   10.991441441    0.063320833    0.063320397    2.780641433
   11.011460460    0.057275436    0.057274733    3.133942793
   11.031479479    0.051829995    0.051828955    2.100179409
   11.051498498    0.049350954    0.049352169    1.830459900
   11.071517518    0.050398035    0.050403670    1.904270135
   11.091536537    0.055820255    0.055835169    2.711130364
   11.111555556    0.067049676    0.067072661    2.485693426
   11.131574575    0.087690570    0.087708022    1.355324028
   11.151593594    0.125215052    0.125231114    0.885565030
   11.171612613    0.112174886    0.112196955    0.736301877
   11.191631632    0.086137622    0.086148419    0.597141427
   11.211650651    0.079861363    0.079868016    0.544230643
   11.231669670    0.075981232    0.075988058    0.579014508
   11.251688689    0.078549582    0.078566724    0.677254924
   11.271707708    0.088104171    0.088132632    0.795999979
   11.291726727    0.104520478    0.104518836    0.943496421
   11.311745746    0.133940228    0.133890099    1.489131471
   11.331764765    0.175117237    0.174993041    2.806415625
   11.351783784    0.216319692    0.216196041    3.756805308
   11.371802803    0.269904373    0.269759833    2.616314223
   11.391821822    0.400055000    0.399799269    1.892979535
   11.411840841    0.698342986    0.697599765    2.272746576
   11.431859860    1.138334561    1.137480889    2.704750024
   11.451878879    1.344864996    1.344710879    1.604404281
   11.471897898    1.271747823    1.271641033    0.974453256
   11.491916917    1.039979840    1.039926889    0.792286553
   11.511935936    0.698854080    0.698892464    0.597050945
   11.531954955    0.437670608    0.437731440    0.448367578
   11.551973974    0.327956360    0.328060967    0.381132201
   11.571992993    0.301401640    0.301602049    0.360316819
   11.592012012    0.323872917    0.324082218    0.374868016
   11.612031031    0.382004179    0.382007297    0.418778868
   11.632050050    0.530684087    0.530719366    0.507496084
   11.652069069    0.823829904    0.823806822    0.677988876
   11.672088088    1.456725884    1.456650503    1.006715710
   11.692107107    2.490846532    2.492764211    1.761062274
   11.712126126    2.343873274    2.350438056    2.607700167
   11.732145145    2.214027806    2.220117664    3.081875124
   11.752164164    1.597835132    1.595756620    3.548089543
   11.772183183    0.930225547    0.928931634    2.671756274
   11.792202202    0.632787123    0.632332188    2.297462306
   11.812221221    0.567260069    0.567100086    2.504243243
   11.832240240    0.658764695    0.658835185    3.122575226
   11.852259259    0.933153911    0.933454155    3.487347010
   11.872278278    1.310767534    1.309277863    2.626153238
   11.892297297    1.240087003    1.234900515    1.984415716
   11.912316316    1.291226988    1.286088867    1.472280862
   11.932335335    0.936607300    0.935293856    1.342452514
   11.952354354    0.563924743    0.563574314    1.413519698
   11.972373373    0.414970337    0.414941257    1.566541237
   11.992392392    0.403959420    0.404400063    1.150448284
   12.012411411    0.522711931    0.523766311    0.895389367
   12.032430430    0.711701152    0.712396007    0.983609256
   12.052449449    0.606483650    0.606874979    0.945759479
   12.072468468    0.436097617    0.436384283    0.886553102
   12.092487487    0.407883792    0.408208318    1.098156160
   12.112506507    0.477222995    0.477727813    1.597794501
   12.132525526    0.656674269    0.657665759    1.903428806
   12.152544545    1.000421784    1.002721074    2.209374418
   12.172563564    1.762200253    1.766553536    1.997140830
   12.192582583    3.036639171    3.035909585    1.710227278
   12.212601602    3.274717451    3.270671621    1.709413364
   12.232620621    2.296073109    2.296471297    1.776853734
   12.252639640    1.364326296    1.366485257    1.993478384
   12.272658659    1.190209662    1.196199108    2.951100644
   12.292677678    1.526809584    1.532502506    4.336827055
   12.312696697    1.404402343    1.397403669    3.889628979
   12.332715716    1.281022052    1.278674586    2.606768429
   12.352734735    1.436114187    1.435708357    2.274647223
   12.372753754    1.041817438    1.040597890    1.993486645
   12.392772773    0.768994803    0.767936792    1.626313858
   12.412791792    0.595442368    0.594727248    1.195580621
   12.432810811    0.470453979    0.469575181    1.000269098
   12.452829830    0.439782450    0.438794257    0.926317571
   12.472848849    0.342697905    0.342240998    0.856734367
   12.492867868    0.277367159    0.277073921    0.990661673
   12.512886887    0.256982233    0.256739535    1.046199414
   12.532905906    0.256356360    0.256118377    1.282871770
   12.552924925    0.275851828    0.275587213    1.425950593
   12.572943944    0.319512419    0.319183297    1.857312724
   12.592962963    0.402104548    0.401644062    1.536250455
   12.612981982    0.565345143    0.564600662    1.066900580
   12.633001001    0.923287140    0.921887493    1.006116452
   12.653020020    1.577525357    1.575736210    0.815442728
   12.673039039    1.796409768    1.795133535    0.712746536
   12.693058058    2.336789623    2.332643009    0.665464933
   12.713077077    3.314289051    3.304903756    0.689213656
   12.733096096    2.780685062    2.777783254    0.910566824
   12.753115115    1.843580732    1.849143382    0.974224722
   12.773134134    1.595742005    1.596487623    0.931364510
   12.793153153    2.208178214    2.204908901    0.847973868
   12.813172172    2.804396316    2.805235789    0.982515008
   12.833191191    2.129200100    2.130915441    0.892712187
   12.853210210    1.971611244    1.972533096    0.837735713
   12.873229229    1.692304113    1.692955274    0.811027076
   12.893248248    1.376789561    1.376315010    0.948712192
   12.913267267    1.358633810    1.357839704    1.337266404
   12.933286286    1.554445219    1.553692111    1.797825016
   12.953305305    2.502089280    2.500986825    2.259629483
   12.973324324    3.816093842    3.812405225    2.559019347
   12.993343343    3.540032101    3.532473738    3.482049819
   13.013362362    3.492827932    3.487264374    3.872700422
   13.033381381    2.651202068    2.646735010    2.903311880
   13.053400400    2.143615986    2.137750020    1.921115081
   13.073419419    1.734221761    1.730021996    1.467995705
   13.093438438    1.310053932    1.307406034    1.035784296
   13.113457457    1.187831122    1.185485507    0.868730768
   13.133476476    1.479332693    1.475427149    1.003112296
   13.153495495    2.038781408    2.034638044    1.415082804
   13.173514515    2.534944416    2.533922807    1.326372613
   13.193533534    2.070196751    2.067217369    1.039049400
   13.213552553    1.448260796    1.446027518    0.914700799
   13.233571572    0.955468268    0.954501253    1.086687817
   13.253590591    0.726755331    0.726251088    1.488339541
   13.273609610    0.569665029    0.569350926    1.681384602
   13.293628629    0.498081587    0.497874477    2.258860260
   13.313647648    0.505923934    0.505804236    3.005186052
   13.333666667    0.597826536    0.597800164    3.525123619
   13.353685686    0.839708951    0.839812216    4.104774188
   13.373704705    1.358451645    1.358740604    5.001676732
   13.393723724    2.068213060    2.068758042    5.382763580
   13.413742743    1.792951973    1.793424811    5.343546880
   13.433761762    1.671761804    1.672043739    4.716196979
   13.453780781    1.910717587    1.910753208    3.769535410
   13.473799800    1.814371978    1.814480970    3.397703639
   13.493818819    1.731830718    1.732397078    4.160729838
   13.513837838    1.789600678    1.791135401    4.619574484
   13.533856857    2.359922033    2.363624450    3.900347087
   13.553875876    3.665347995    3.673796708    3.953946628
   13.573894895    5.197244764    5.203770576    4.130845090
   13.593913914    6.741547428    6.732941441    3.566648265
   13.613932933    4.368379721    4.360324850    2.366057271
   13.633951952    2.916451578    2.913203856    1.400849179
   13.653970971    2.551337270    2.549997924    0.958962489
   13.673989990    2.342213191    2.341427469    0.776421125
   13.694009009    1.915220388    1.914782417    0.717030060
   13.714028028    2.278857734    2.278712355    0.754012584
   13.734047047    3.472120440    3.472110292    0.933835751
   13.754066066    3.281515089    3.281382451    1.380722223
   13.774085085    2.844903449    2.844751749    2.271559964
   13.794104104    2.493417011    2.492809901    2.904702753
   13.814123123    2.207171794    2.205970716    2.308953744
   13.834142142    2.945107015    2.942732897    1.958754575
   13.854161161    3.603358430    3.601374990    1.813420541
   13.874180180    3.243883327    3.243700471    2.209544458
   13.894199199    3.660214859    3.661595757    2.791446480
   13.914218218    5.506780630    5.509262372    2.522558436
   13.934237237    7.235764882    7.238857583    2.794622300
   13.954256256    4.989075837    4.992559918    4.117614023
   13.974275275    3.864063076    3.868171887    6.455102912
   13.994294294    3.425335507    3.431461368    6.216127285
   14.014313313    3.691790851    3.706711268    4.089110432
   14.034332332    2.841505179    2.859394718    2.811191402
   14.054351351    1.810427795    1.819571972    2.628131635
   14.074370370    1.545257308    1.550073223    2.949138613
   14.094389389    1.868761049    1.871917796    3.777602310
   14.114408408    2.067349640    2.070701149    4.665297909
   14.134427427    1.950709200    1.953063453    5.628202699
   14.154446446    1.524723785    1.526704705    5.645729841
   14.174465465    1.284898958    1.286028381    4.306205718
   14.194484484    1.488211178    1.489043427    2.920768683
   14.214503504    2.366131348    2.366890957    2.061666726
   14.234522523    4.227486452    4.227908911    1.919526719
   14.254541542    3.879387338    3.879563133    2.059315833
   14.274560561    2.262993161    2.263058774    1.999090269
   14.294579580    1.633332669    1.633423779    2.001741031
   14.314598599    1.604925799    1.605274179    1.767906782
   14.334617618    2.087894241    2.088440822    1.535200540
   14.354636637    3.471745737    3.472423258    1.676265218
   14.374655656    6.669434770    6.670574901    2.208351993
   14.394674675    8.528434588    8.529703589    2.926184199
   14.414693694    5.382566059    5.385270526    4.631772858
   14.434712713    3.642895717    3.646131199    6.285006639
   14.454731732    3.628694828    3.630481681    5.502561128
   14.474750751    5.141695620    5.142781256    3.844843955
   14.494769770    4.289292109    4.289816020    3.022116397
   14.514788789    2.784491451    2.784951795    3.129238393
   14.534807808    2.777911317    2.778525811    2.713789051
   14.554826827    4.161031946    4.161853448    2.241482231
   14.574845846    4.084477174    4.085105083    1.606633527
   14.594864865    2.349995811    2.350864738    1.093725519
   14.614883884    1.679300524    1.680697982    0.966028663
   14.634902903    1.780159455    1.782644947    1.067327108
   14.654921922    2.808802579    2.813982526    1.085902314
   14.674940941    4.544349222    4.554506133    1.215300725
   14.694959960    3.183524214    3.191417440    1.652831175
   14.714978979    1.648921047    1.652308474    2.744326337
   14.734997998    1.046896125    1.048524626    4.175476984
   14.755017017    0.703734997    0.704691040    4.290857001
   14.775036036    0.506961325    0.507509902    3.174549685
   14.795055055    0.393376398    0.393531351    2.131264385
   14.815074074    0.317889434    0.317476616    2.079433376
   14.835093093    0.275075553    0.273550094    2.164985164
   14.855112112    0.250931104    0.248595824    1.834613960
   14.875131131    0.219719482    0.219201776    1.594154409
   14.895150150    0.199539484    0.199402608    1.393110470
   14.915169169    0.200790358    0.200737744    1.457367126
   14.935188188    0.239955753    0.239956680    1.623278175
   14.955207207    0.337069103    0.337089173    0.962816009
   14.975226226    0.316806395    0.316766461    0.555598653
   14.995245245    0.233445389    0.233408912    0.382843191
   15.015264264    0.178357951    0.178268806    0.305213724
   15.035283283    0.150839937    0.150628192    0.279738879
   15.055302302    0.142363203    0.142286889    0.276530294
   15.075321321    0.124607126    0.124671773    0.289177963
   15.095340340    0.116393100    0.116412563    0.351943188
   15.115359359    0.114169383    0.114148909    0.517667702
   15.135378378    0.114984451    0.114917515    0.703672932
   15.155397397    0.123909995    0.123752628    0.582398435
   15.175416416    0.154894104    0.154509130    0.362317616
   15.195435435    0.228529570    0.227460890    0.292805511
   15.215454454    0.268551254    0.266963584    0.350944505
   15.235473473    0.247972333    0.248413878    0.474816268
   15.255492492    0.260342165    0.261976527    0.356638484
   15.275511512    0.198263120    0.199192742    0.210797401
   15.295530531    0.161220053    0.161692066    0.143510237
   15.315549550    0.151217552    0.151462865    0.110025981
   15.335568569    0.162172742    0.162321232    0.093829870
   15.355587588    0.194027083    0.194126865    0.086188252
   15.375606607    0.259211984    0.259276634    0.085561067
   15.395625626    0.389881450    0.389849093    0.098205821
   15.415644645    0.652047317    0.651529458    0.111109774
   15.435663664    1.282423946    1.281367063    0.112573734
   15.455682683    1.998356404    1.998985114    0.111880327
   15.475701702    1.372645677    1.375335831    0.102063014
   15.495720721    1.034871482    1.037530892    0.100791054
   15.515739740    0.878770048    0.880594548    0.116272630
   15.535758759    0.525137301    0.526068774    0.148396810
   15.555777778    0.339688689    0.340311607    0.113618227
   15.575796797    0.235458691    0.235883923    0.076343989
   15.595815816    0.172591506    0.172856186    0.057367847
   15.615834835    0.139955382    0.140141872    0.048141104
   15.635853854    0.122179540    0.122325540    0.044805123
   15.655872873    0.112602581    0.112725204    0.046435819
   15.675891892    0.108349667    0.108461572    0.055048779
   15.695910911    0.108225343    0.108341509    0.060937204
   15.715929930    0.112016098    0.112138743    0.059198328
   15.735948949    0.119515093    0.119634336    0.054440091
   15.755967968    0.133077270    0.133198423    0.051028413
   15.775986987    0.155991106    0.156113560    0.042448142
   15.796006006    0.195285712    0.195392254    0.041517192
   15.816025025    0.267544199    0.267577084    0.044976711
   15.836044044    0.414376765    0.414357529    0.040910004
   15.856063063    0.749330776    0.749556685    0.034849002
   15.876082082    1.425452756    1.425964535    0.033103089
   15.896101101    1.427700058    1.429338296    0.034132026
   15.916120120    1.040970058    1.045448013    0.039168695
   15.936139139    1.125327589    1.135308148    0.048497779
   15.956158158    0.867912578    0.876086736    0.052274250
   15.976177177    0.644460606    0.647464890    0.043231097
   15.996196196    0.593757629    0.593066280    0.037626721
   16.016215215    0.753884025    0.748301420    0.035437665
   16.036234234    0.891410662    0.885272405    0.036240631
   16.056253253    0.997921367    0.996570827    0.036282818
   16.076272272    0.921355731    0.922154835    0.038501595
   16.096291291    0.563981498    0.564363278    0.040209632
   16.116310310    0.421312009    0.421433947    0.052391885
   16.136329329    0.408067198    0.408118419    0.063208231
   16.156348348    0.487842849    0.487881274    0.047491266
   16.176367367    0.711801909    0.711851862    0.039208032
   16.196386386    1.283069373    1.283155409    0.043672849
   16.216405405    2.385317087    2.385434248    0.064370430
   16.236424424    2.095166943    2.095185215    0.095949795
   16.256443443    1.215668502    1.215686298    0.070970887
   16.276462462    0.965360291    0.965377332    0.042357016
   16.296481481    1.134413910    1.134450800    0.030905162
   16.316500501    1.856552587    1.856643283    0.025025546
   16.336519520    3.116343827    3.116427686    0.022966418
   16.356538539    3.007041804    3.007051387    0.023108145
   16.376557558    3.578404782    3.578518310    0.026664704
   16.396576577    3.691853398    3.691972277    0.031481532
   16.416595596    1.968075888    1.968133407    0.028403496
   16.436614615    1.109842428    1.109865973    0.023034640
   16.456633634    0.802051644    0.802060422    0.019984728
   16.476652653    0.758100200    0.758089988    0.018777309
   16.496671672    0.901357738    0.901340831    0.017778557
   16.516690691    1.406129549    1.406170884    0.018918776
   16.536709710    2.473713570    2.473770432    0.023803561
   16.556728729    2.177151987    2.177071147    0.030231812
   16.576747748    1.468731039    1.468665681    0.025791749
   16.596766767    1.605277851    1.605193579    0.022671946
   16.616785786    1.366301804    1.366170374    0.023569051
   16.636804805    0.738168934    0.738083046    0.031000254
   16.656823824    0.458559433    0.458469405    0.048459850
   16.676842843    0.340034701    0.339862574    0.045212647
   16.696861862    0.280974154    0.280912758    0.027391680
   16.716880881    0.280537070    0.280592158    0.019529130
   16.736899900    0.240222885    0.240310264    0.016380271
   16.756918919    0.197300470    0.197346794    0.015226177
   16.776937938    0.157960625    0.157963266    0.014765192
   16.796956957    0.135731333    0.135708138    0.015082231
   16.816975976    0.114375303    0.114337599    0.017161927
   16.836994995    0.104086532    0.104038410    0.023203856
   16.857014014    0.104035668    0.103959794    0.028733147
   16.877033033    0.111945150    0.111791300    0.022518035
   16.897052052    0.139741671    0.139423454    0.019201686
   16.917071071    0.214926310    0.214192480    0.020766448
   16.937090090    0.312298183    0.310506513    0.028154703
   16.957109109    0.355904011    0.354291114    0.048066739
   16.977128128    0.342775425    0.342729515    0.068751339
   16.997147147    0.377213976    0.379305181    0.044450985
   17.017166166    0.243298964    0.245570184    0.025898236
   17.037185185    0.138699768    0.139676169    0.018176488
   17.057204204    0.093041848    0.093488988    0.014778111
   17.077223223    0.075575106    0.075821560    0.013259103
   17.097242242    0.068069243    0.068216372    0.012760469
   17.117261261    0.053916927    0.054000521    0.013127121
   17.137280280    0.044510801    0.044563392    0.014818586
   17.157299299    0.039900456    0.039934975    0.019375325
   17.177318318    0.037216932    0.037237894    0.024783166
   17.197337337    0.033842727    0.033852296    0.022161113
   17.217356356    0.031393077    0.031395612    0.022835349
   17.237375375    0.029934499    0.029931391    0.027891633
   17.257394394    0.029411953    0.029404573    0.035733656
   17.277413413    0.030210423    0.030200991    0.046958040
   17.297432432    0.030732250    0.030717888    0.073714094
   17.317451451    0.030414281    0.030392525    0.077010281
   17.337470470    0.032800537    0.032771852    0.053064244
   17.357489489    0.040484229    0.040446587    0.034277116
   17.377508509    0.045476024    0.045421267    0.027216043
   17.397527528    0.035875611    0.035810805    0.021930046
   17.417546547    0.030913875    0.030837095    0.022881947
   17.437565566    0.030386192    0.030288302    0.023117653
   17.457584585    0.032384834    0.032252395    0.016948407
   17.477603604    0.035739599    0.035548173    0.013757559
   17.497622623    0.042776423    0.042478277    0.013299564
   17.517641642    0.056648357    0.056135006    0.014178313
   17.537660661    0.085766810    0.084730673    0.012907035
   17.557679680    0.157746212    0.154654035    0.012133215
   17.577698699    0.304584013    0.298755883    0.012366014
   17.597717718    0.285857115    0.290679024    0.014005490
   17.617736737    0.143621281    0.146880176    0.018614064
   17.637755756    0.080727056    0.082149394    0.028504460
   17.657774775    0.057127001    0.058259418    0.031766249
   17.677793794    0.047794697    0.048583823    0.030393282
   17.697812813    0.039041235    0.038638199    0.034843001
   17.717831832    0.033980712    0.032657396    0.036505792
   17.737850851    0.032871366    0.030619500    0.032017070
   17.757869870    0.038113455    0.033550612    0.040551061
   17.777888889    0.050990983    0.041557919    0.068314996
   17.797907908    0.048597874    0.040602395    0.083460975
   17.817926927    0.043595883    0.040481245    0.067678674
   17.837945946    0.044728639    0.043758618    0.059888971
   17.857964965    0.044088004    0.043490959    0.039869957
   17.877983984    0.048959399    0.048501406    0.025426954
   17.898003003    0.048811844    0.048453524    0.020896112
   17.918022022    0.034889443    0.034614151    0.020638351
   17.938041041    0.029933536    0.029721434    0.016365435
   17.958060060    0.032146437    0.031981040    0.013642575
   17.978079079    0.031607686    0.031465537    0.012282338
   17.998098098    0.027051025    0.026924873    0.010993777
   18.018117117    0.026351735    0.026237615    0.010648349
   18.038136136    0.029076237    0.028966361    0.011087620
   18.058155155    0.036103185    0.035988135    0.011864190
   18.078174174    0.043072285    0.042944168    0.013224425
   18.098193193    0.050995925    0.050841735    0.016048741
   18.118212212    0.077739067    0.077495347    0.022309886
   18.138231231    0.129431196    0.128982713    0.034887807
   18.158250250    0.134515878    0.134110471    0.051248820
   18.178269269    0.122628561    0.122506434    0.082867457
   18.198288288    0.097613084    0.097591268    0.082684300
   18.218307307    0.083422631    0.083422550    0.074367683
   18.238326326    0.105962088    0.105927801    0.075171764
   18.258345345    0.142516162    0.142449636    0.051299247
   18.278364364    0.122432273    0.122114359    0.033472760
   18.298383383    0.079601589    0.079309313    0.028685816
   18.318402402    0.064547098    0.064285733    0.021807177
   18.338421421    0.063551494    0.063166608    0.016385391
   18.358440440    0.058693233    0.058311736    0.014551347
   18.378459459    0.057233592    0.057039942    0.015353745
   18.398478478    0.067183490    0.067203953    0.020081790
   18.418497497    0.095511455    0.095789991    0.033031394
   18.438516517    0.102225485    0.102570654    0.040531862
   18.458535536    0.086462234    0.086577096    0.025083350
   18.478554555    0.087698945    0.087684639    0.016837263
   18.498573574    0.108244472    0.108145893    0.014949412
   18.518592593    0.153902739    0.153699789    0.014728715
   18.538611612    0.254391500    0.253964145    0.015624325
   18.558630631    0.495860286    0.494789280    0.014891853
   18.578649650    0.932388143    0.930678840    0.015467731
   18.598668669    0.739389376    0.738864748    0.017350947
   18.618687688    0.361234499    0.361022551    0.016940755
   18.638706707    0.203415490    0.203277431    0.019834963
   18.658725726    0.138774665    0.138679217    0.019118768
   18.678744745    0.110588187    0.110520932    0.014788893
   18.698763764    0.099531947    0.099484887    0.013208442
   18.718782783    0.098896721    0.098862957    0.012158781
   18.738801802    0.107161159    0.107137459    0.012149078
   18.758820821    0.125777201    0.125761951    0.013312901
   18.778839840    0.160852072    0.160844425    0.016237186
   18.798858859    0.225194201    0.225193604    0.022493315
   18.818877878    0.355567492    0.355576403    0.034791171
   18.838896897    0.660997593    0.661021578    0.059536749
   18.858915916    1.269837280    1.269867183    0.075891933
   18.878934935    1.328458317    1.328483560    0.067458419
   18.898953954    1.276066252    1.276176530    0.084723431
   18.918972973    1.326429851    1.326517088    0.071380117
   18.938991992    0.816840450    0.816982575    0.044232786
   18.959011011    0.652069226    0.652364644    0.038604152
   18.979030030    0.796411472    0.796960600    0.045122016
   18.999049049    0.664946438    0.666303356    0.044474217
   19.019068068    0.496583383    0.501433278    0.054611000
   19.039087087    0.498370454    0.499477422    0.072046111
   19.059106106    0.341499978    0.337262204    0.048764810
   19.079125125    0.229743698    0.227938727    0.032009363
   19.099144144    0.198060734    0.197327345    0.027583608
   19.119163163    0.215496259    0.215153324    0.030120951
   19.139182182    0.293047121    0.292865718    0.041031940
   19.159201201    0.503402825    0.503299140    0.069778242
   19.179220220    0.980956056    0.980873888    0.111568750
   19.199239239    1.160800846    1.160616230    0.104512333
   19.219258258    0.920333055    0.920237006    0.118964726
   19.239277277    0.528008600    0.527983825    0.128841335
   19.259296296    0.293014147    0.292993257    0.081703359
   19.279315315    0.198090197    0.198075960    0.050806852
   19.299334334    0.175632275    0.175630951    0.042820720
   19.319353353    0.214315532    0.214324372    0.046985451
   19.339372372    0.214481599    0.214446888    0.050031603
   19.359391391    0.135632860    0.135606781    0.051627630
   19.379410410    0.100625332    0.100614751    0.072750467
   19.399429429    0.099433308    0.099435366    0.106367322
   19.419448448    0.124982630    0.124993135    0.162646307
   19.439467467    0.123940567    0.123931181    0.144287396
   19.459486486    0.125513525    0.125507454    0.084928056
   19.479505506    0.169246282    0.169219889    0.060920462
   19.499524525    0.137881969    0.137819654    0.047298457
   19.519543544    0.097276782    0.097230687    0.041712465
   19.539562563    0.089355756    0.089308635    0.049819851
   19.559581582    0.089965536    0.089930518    0.075786620
   19.579600601    0.089399769    0.089378189    0.084359708
   19.599619620    0.123709982    0.123669084    0.081944728
   19.619638639    0.178589339    0.178659521    0.102264188
   19.639657658    0.123810127    0.123934522    0.099903455
   19.659676677    0.069183263    0.069219021    0.133661975
   19.679695696    0.044332715    0.044335917    0.149764202
   19.699714715    0.032802452    0.032804771    0.087186141
   19.719733734    0.027475206    0.027476980    0.053415831
   19.739752753    0.026085683    0.026084989    0.041767958
   19.759771772    0.028675331    0.028668964    0.040974471
   19.779790791    0.028561335    0.028552946    0.044918969
   19.799809810    0.025486368    0.025484650    0.049181715
   19.819828829    0.028478566    0.028481359    0.064411173
   19.839847848    0.039493414    0.039500991    0.095806104
   19.859866867    0.043203478    0.043210939    0.164912802
   19.879885886    0.032575327    0.032580036    0.304225322
   19.899904905    0.027733987    0.027743466    0.276843449
   19.919923924    0.030275568    0.030293659    0.187652044
   19.939942943    0.035460240    0.035466510    0.188214084
   19.959961962    0.039659501    0.039650267    0.202627698
   19.979980981    0.057514795    0.057500344    0.167563199
   20.000000000    0.095121146    0.095110192    0.180366296
