# energy grid [eV]     epsr_x  epsr_y  epsr_z
# plasmon frequences [eV]:    10.684827731   10.685125750    9.640424127
    0.001000000    7.973867914    7.974107588    1.734653428
    0.021019019    7.976510269    7.976750078    1.734687377
    0.041038038    7.983729531    7.983969932    1.734783232
    0.061057057    7.995658578    7.995899957    1.734941492
    0.081076076    8.012374942    8.012617696    1.735162985
    0.101095095    8.033988334    8.034232872    1.735448889
    0.121114114    8.060642655    8.060889406    1.735800745
    0.141133133    8.092518606    8.092768019    1.736220486
    0.161152152    8.129837028    8.130089579    1.736710473
    0.181171171    8.172863114    8.173119313    1.737273540
    0.201190190    8.221911640    8.222172037    1.737913045
    0.221209209    8.277353424    8.277618615    1.738632939
    0.241228228    8.339623266    8.339893905    1.739437849
    0.261247247    8.409229719    8.409506526    1.740333181
    0.281266266    8.486767117    8.487050894    1.741325242
    0.301285285    8.572930449    8.573222091    1.742421395
    0.321304304    8.668533818    8.668834334    1.743630256
    0.341323323    8.774533502    8.774844040    1.744961927
    0.361342342    8.892056944    8.892378815    1.746428301
    0.381361361    9.022439489    9.022774207    1.748043444
    0.401380380    9.167271341    9.167620665    1.749824084
    0.421399399    9.328458169    9.328824162    1.751790236
    0.441418418    9.508300159    9.508685264    1.753966029
    0.461437437    9.709596355    9.710003489    1.756380788
    0.481456456    9.935784150    9.936216838    1.759070485
    0.501475475   10.191128457   10.191591005    1.762079701
    0.521494494   10.480982278   10.481480014    1.765464337
    0.541513514   10.812151884   10.812691494    1.769295410
    0.561532533   11.193418522   11.194008524    1.773664470
    0.581551552   11.636299717   11.636951161    1.778691516
    0.601570571   12.156186812   12.156914314    1.784536813
    0.621589590   12.774089889   12.774913227    1.791419035
    0.641608609   13.519393275   13.520339903    1.799643895
    0.661627628   14.434346860   14.435456029    1.809650836
    0.681646647   15.581633857   15.582963574    1.822091688
    0.701665666   17.057524727   17.059163873    1.837967405
    0.721684685   19.015130920   19.017220498    1.858869782
    0.741703704   21.703770259   21.706537328    1.887390655
    0.761722723   25.513318003   25.517094582    1.927582764
    0.781741742   30.800624968   30.805483357    1.983153589
    0.801760761   35.179101029   35.180517561    2.029273773
    0.821779780   16.599960257   16.575174084    1.836682478
    0.841798799  -20.161696774  -20.172385670    1.455337009
    0.861817818  -21.678659945  -21.676945253    1.440317224
    0.881836837  -15.991613677  -15.989576401    1.500124656
    0.901855856  -11.474272959  -11.472925591    1.547781597
    0.921874875   -8.285067772   -8.284223872    1.581644141
    0.941893894   -5.984629930   -5.984103824    1.606273974
    0.961912913   -4.259763903   -4.259440377    1.624919009
    0.981931932   -2.916722244   -2.916532962    1.639582854
    1.001950951   -1.834437796   -1.834341859    1.651509478
    1.021969970   -0.934090620   -0.934063405    1.661497250
    1.041988989   -0.161542480   -0.161569610    1.670077834
    1.062008008    0.523055113    0.522980840    1.677618003
    1.082027027    1.152027822    1.151907614    1.684379190
    1.102046046    1.755470198    1.755298963    1.690553504
    1.122065065    2.366397600    2.366162372    1.696286275
    1.142084084    3.024464839    3.024145575    1.701690618
    1.162103103    3.752105154    3.751718582    1.706857157
    1.182122122    4.244029961    4.244077026    1.711860709
    1.202141141    2.649167237    2.650854816    1.716765042
    1.222160160    1.040049604    1.040262831    1.721626406
    1.242179179    1.534398608    1.534110834    1.726496226
    1.262198198    2.284594856    2.284279618    1.731423289
    1.282217217    2.995515402    2.995184432    1.736455682
    1.302236236    3.668829999    3.668518802    1.741642577
    1.322255255    3.883949466    3.884292393    1.747036037
    1.342274274    2.375143182    2.376209540    1.752692997
    1.362293293    1.880057105    1.880073233    1.758677595
    1.382312312    2.372728344    2.372596007    1.765063974
    1.402331331    2.883611917    2.883504862    1.771939948
    1.422350350    3.322823056    3.322743032    1.779411884
    1.442369369    3.713694979    3.713632756    1.787611399
    1.462388388    4.079666896    4.079616314    1.796704818
    1.482407407    4.437989957    4.437947676    1.806906925
    1.502426426    4.802422648    4.802387244    1.818501495
    1.522445445    5.185726990    5.185698515    1.831872885
    1.542464464    5.601708137    5.601688129    1.847556240
    1.562483483    6.067334068    6.067326018    1.866320005
    1.582502503    6.605587647    6.605598110    1.889306175
    1.602521522    7.249964482    7.250005249    1.918274625
    1.622540541    8.051908322    8.052000150    1.956022698
    1.642559560    9.091139281    9.091314924    2.006967328
    1.662578579   10.467586351   10.467859586    2.076564746
    1.682597598   12.035194697   12.035157055    2.154796862
    1.702616617   11.149909181   11.146412481    2.077453833
    1.722635636    5.033813838    5.030071581    1.671384940
    1.742654655    5.137522237    5.136362920    1.636431202
    1.762673674    8.068523671    8.067324878    1.762094392
    1.782692693    9.807622481    9.809136243    1.844227841
    1.802711712    0.907362303    0.918708895    1.556420138
    1.822730731   -8.274924326   -8.273139513    1.253770545
    1.842749750   -7.094622543   -7.095797112    1.301709697
    1.862768769   -4.881104287   -4.882171576    1.383565206
    1.882787788   -3.320508014   -3.321358960    1.446138939
    1.902806807   -2.182870236   -2.183388869    1.492504863
    1.922825826   -1.230905677   -1.231271799    1.528164348
    1.942844845   -0.462376013   -0.462667305    1.556814626
    1.962863864    0.172599662    0.172353750    1.580796600
    1.982882883    0.716673336    0.716455589    1.601643155
    2.002901902    1.199898683    1.199697106    1.620419186
    2.022920921    1.644201827    1.644007098    1.637922250
    2.042939940    2.066962611    2.066766613    1.654807994
    2.062958959    2.483545977    2.483340702    1.671679242
    2.082977978    2.909381348    2.909157838    1.689163490
    2.102996997    3.362136276    3.361883300    1.707999209
    2.123016016    3.864510759    3.864212632    1.729155248
    2.143035035    4.447662406    4.447293266    1.754021190
    2.163054054    5.148223282    5.147718404    1.784731088
    2.183073073    5.969610846    5.968808185    1.824687411
    2.203092092    7.071747367    7.070708875    1.878981180
    2.223111111    8.627463062    8.626269937    1.950223518
    2.243130130    9.428209908    9.429173306    1.985571264
    2.263149149    2.455327239    2.464221315    1.657333218
    2.283168168   -5.039913199   -5.038588840    1.304438521
    2.303187187   -4.411630141   -4.412751683    1.332033544
    2.323206206   -2.859764393   -2.860733887    1.402963753
    2.343225225   -1.670716859   -1.671410857    1.456914944
    2.363244244   -0.801782889   -0.802288119    1.495851881
    2.383263263   -0.143151401   -0.143534974    1.524889753
    2.403282282    0.378895759    0.378592199    1.547455366
    2.423301301    0.809972450    0.809723178    1.565658922
    2.443320320    1.178904832    1.178693437    1.580822348
    2.463339339    1.504705464    1.504521058    1.593804366
    2.483358358    1.800547879    1.800382950    1.605184950
    2.503377377    2.076067840    2.075917008    1.615371045
    2.523396396    2.338757446    2.338616712    1.624659165
    2.543415415    2.594868392    2.594734667    1.633274007
    2.563434434    2.850057990    2.849928798    1.641393456
    2.583453453    3.109922589    3.109795857    1.649165865
    2.603472472    3.380527132    3.380401049    1.656723211
    2.623491491    3.669040711    3.668913624    1.664192669
    2.643510511    3.984627225    3.984497559    1.671708948
    2.663529530    4.339836281    4.339702474    1.679430319
    2.683548549    4.752932407    4.752792876    1.687562915
    2.703567568    5.251925571    5.251778696    1.696400943
    2.723586587    5.881205284    5.881049431    1.706391641
    2.743605606    6.707797688    6.707631134    1.718195649
    2.763624625    7.779211588    7.779030650    1.732271824
    2.783643644    8.549449890    8.549229235    1.743249178
    2.803662663    5.081933187    5.081569533    1.712513818
    2.823681682    0.475833015    0.475409914    1.670354419
    2.843700701    1.061930867    1.061447488    1.678663691
    2.863719720    2.480874274    2.480274489    1.694493768
    2.883738739    3.873461865    3.872678117    1.709023448
    2.903757758    5.344929923    5.343874210    1.722658264
    2.923776777    7.010667993    7.009404056    1.736243811
    2.943795796    7.948438443    7.948978505    1.747944860
    2.963814815    2.122319049    2.129920602    1.743273558
    2.983833834   -4.290563414   -4.289230903    1.737657511
    3.003852853   -3.622629786   -3.623457627    1.750237615
    3.023871872   -2.142364184   -2.143114261    1.765976636
    3.043890891   -0.978286550   -0.978840529    1.782568906
    3.063909910   -0.088046430   -0.088472117    1.800784349
    3.083928929    0.631517512    0.631164776    1.821861433
    3.103947948    1.253992415    1.253674924    1.847292549
    3.123966967    1.826917637    1.826601035    1.876938309
    3.143985986    2.344006829    2.343621625    1.892399298
    3.164005005    2.802803505    2.802364433    1.877597135
    3.184024024    3.445260747    3.444773060    1.918764661
    3.204043043    4.186571727    4.186105087    1.985850001
    3.224062062    4.171327981    4.172142713    1.966132915
    3.244081081    1.393515785    1.395314581    1.624627252
    3.264100100    0.542054601    0.541910566    1.507256965
    3.284119119    1.213878701    1.213487080    1.567282436
    3.304138138    1.919126464    1.918768414    1.631020098
    3.324157157    2.531813351    2.531480088    1.683668555
    3.344176176    3.098785117    3.098449449    1.729950962
    3.364195195    3.666139761    3.665772264    1.774914368
    3.384214214    4.278136324    4.277705336    1.823242642
    3.404233233    4.987001399    4.986466251    1.880206572
    3.424252252    5.851988338    5.851311371    1.951446446
    3.444271271    6.816071662    6.815432384    2.028115300
    3.464290290    6.671588795    6.672765730    1.974022360
    3.484309309    3.216635726    3.218783011    1.588774412
    3.504328328    2.511897175    2.511231976    1.486409400
    3.524347347    3.850481852    3.849336811    1.577536505
    3.544366366    5.438307704    5.437055296    1.679407785
    3.564385385    6.829817990    6.829267489    1.762651931
    3.584404404    5.152362433    5.156782627    1.692451248
    3.604423423    0.686398555    0.687812588    1.483693318
    3.624442442    1.230281724    1.228871684    1.509496257
    3.644461461    3.058426206    3.056773903    1.592243116
    3.664480480    5.013755186    5.012036336    1.676021275
    3.684499499    6.790196042    6.789193021    1.744905737
    3.704518519    5.407435852    5.411500820    1.656147978
    3.724537538    1.248816180    1.250212837    1.434415641
    3.744556557    0.272151113    0.273321718    1.437039390
    3.764575576   -1.460307854   -1.460298590    1.477184208
    3.784594595   -0.000160386   -0.001434453    1.529925665
    3.804613614    1.040802514    1.039402114    1.546357456
    3.824632633   -1.082625139   -1.081057081    1.508558124
    3.844651652   -4.890112374   -4.887698548    1.525721066
    3.864670671   -4.963738921   -4.964102948    1.558461805
    3.884689690   -3.594198553   -3.594788960    1.587939596
    3.904708709   -2.397914124   -2.398404827    1.613990205
    3.924727728   -1.434445947   -1.434864948    1.638167890
    3.944746747   -0.617566540   -0.617958916    1.661846559
    3.964765766    0.124209005    0.123803782    1.686294537
    3.984784785    0.847228132    0.846767907    1.712931116
    4.004803804    1.608533705    1.607974113    1.743641315
    4.024822823    2.473786526    2.473067890    1.781079451
    4.044841842    3.496677709    3.495786588    1.827562196
    4.064860861    4.399226169    4.398894293    1.868316092
    4.084879880    3.042998324    3.045811484    1.793152977
    4.104898899   -0.480484752   -0.477895336    1.611554430
    4.124917918   -1.143843986   -1.144138924    1.575882800
    4.144936937    0.065498855    0.064738870    1.632594873
    4.164955956    1.421318957    1.420523033    1.695305289
    4.184974975    2.840978234    2.840065603    1.759174626
    4.204993994    4.461146028    4.460045415    1.831306432
    4.225013013    5.999707700    5.999144513    1.914230747
    4.245032032    4.148080984    4.152057390    1.941373177
    4.265051051   -2.726660231   -2.722048686    1.649385448
    4.285070070   -4.424648845   -4.425312693    1.503112649
    4.305089089   -2.533611402   -2.535033658    1.601098334
    4.325108108   -0.922854619   -0.923096759    1.688379179
    4.345127127   -3.133695258   -3.129598687    1.491459327
    4.365146146   -6.336976808   -6.336421655    1.224279429
    4.385165165   -5.641301046   -5.642083582    1.261316928
    4.405184184   -4.506725099   -4.507386904    1.334905268
    4.425203203   -3.604507191   -3.604986699    1.392415120
    4.445222222   -2.900760827   -2.901115928    1.435796021
    4.465241241   -2.327171113   -2.327447253    1.469796801
    4.485260260   -1.835527627   -1.835755207    1.497677107
    4.505279279   -1.392450829   -1.392651527    1.521539015
    4.525298298   -0.972056225   -0.972247902    1.542808019
    4.545317317   -0.550344055   -0.550544582    1.562546688
    4.565336336   -0.100395477   -0.100625957    1.581661382
    4.585355355    0.409477905    0.409196130    1.601068201
    4.605374374    0.979653082    0.979372964    1.621861889
    4.625393393    1.200875764    1.201312722    1.645436141
    4.645412412   -0.041134145   -0.040116599    1.673517424
    4.665431431   -0.202538697   -0.202784231    1.707217134
    4.685450450    0.449025411    0.448847877    1.719727683
    4.705469469    0.288140725    0.288521997    1.589492706
    4.725488488    0.201482671    0.201322298    1.500027358
    4.745507508   -0.647131305   -0.646835069    1.520411376
    4.765526527   -1.993328064   -1.992120086    1.549931385
    4.785545546   -3.227580901   -3.226925974    1.577857301
    4.805564565   -2.909414607   -2.909636267    1.603346767
    4.825583584   -2.240029234   -2.240269102    1.628003327
    4.845602603   -1.655985808   -1.656175924    1.654175103
    4.865621622   -1.136897720   -1.137063826    1.684581259
    4.885640641   -0.646642792   -0.646776527    1.719575484
    4.905659660   -0.381322361   -0.381078563    1.727557254
    4.925678679   -1.205263215   -1.204403051    1.582593403
    4.945697698   -1.618042138   -1.618008766    1.498445269
    4.965716717   -1.411747624   -1.411999486    1.523038696
    4.985735736   -1.548942180   -1.549181516    1.548564034
    5.005754755   -1.401921946   -1.401953534    1.572952962
    5.025773774   -1.117850692   -1.117852725    1.595628713
    5.045792793   -0.859066871   -0.859069696    1.616232200
    5.065811812   -0.625038896   -0.625048254    1.636450260
    5.085830831   -0.398776970   -0.398797938    1.658154507
    5.105849850   -0.164918846   -0.164958930    1.682737227
    5.125868869    0.066007020    0.065940922    1.703365416
    5.145887888    0.171457388    0.171444224    1.684404727
    5.165906907   -0.064240663   -0.063721445    1.631268918
    5.185925926   -0.601222741   -0.600971702    1.555671314
    5.205944945   -0.486144016   -0.486189509    1.565236058
    5.225963964   -0.212440549   -0.212509897    1.593703516
    5.245982983    0.063994413    0.063917008    1.620593176
    5.266002002    0.353326013    0.353228017    1.646826009
    5.286021021    0.654673963    0.654592145    1.671424240
    5.306040040    0.711273642    0.711590794    1.659583613
    5.326059059    0.223015015    0.223301784    1.570437349
    5.346078078    0.359221472    0.359130020    1.558422567
    5.366097097    0.323574658    0.324046124    1.578860313
    5.386116116   -0.961981898   -0.961275207    1.597484387
    5.406135135   -1.224136758   -1.224132102    1.613011372
    5.426154154   -0.896061968   -0.896118523    1.626723597
    5.446173173   -0.577400159   -0.577430094    1.639801563
    5.466192192   -0.305750683   -0.305760592    1.653309323
    5.486211211   -0.065553533   -0.065547072    1.666314387
    5.506230230    0.081028585    0.081095293    1.660570016
    5.526249249    0.073102158    0.073147567    1.618539708
    5.546268268    0.264186599    0.264160468    1.615204322
    5.566287287    0.569263475    0.569209031    1.626571949
    5.586306306    0.907469195    0.907440623    1.636925661
    5.606325325    0.866178436    0.866716402    1.645357398
    5.626344344   -0.656630671   -0.655674928    1.652263283
    5.646363363   -1.230276744   -1.230297044    1.658423277
    5.666382382   -0.956825554   -0.956951798    1.664103706
    5.686401401   -0.666042297   -0.666128302    1.669368662
    5.706420420   -0.434319077   -0.434370931    1.674329760
    5.726439439   -0.242629620   -0.242661523    1.679078221
    5.746458458   -0.071332163   -0.071354996    1.683686408
    5.766477477    0.093383661    0.093362129    1.688217213
    5.786496496    0.262330458    0.262298979    1.692732316
    5.806515516    0.457294347    0.457250217    1.697295313
    5.826534535    0.622786742    0.622847969    1.701920478
    5.846553554    0.343734062    0.344269637    1.706296431
    5.866572573   -0.020001748   -0.019846044    1.710866962
    5.886591592    0.142070164    0.142078173    1.715970701
    5.906610611    0.026965999    0.027053303    1.717645034
    5.926629630   -0.563699630   -0.563636452    1.714743489
    5.946648649   -0.539409554   -0.539386503    1.718590692
    5.966667668   -0.353070506   -0.353041182    1.724490183
    5.986686687   -0.191568459   -0.191530868    1.730545221
    6.006705706   -0.057955539   -0.057912102    1.736818005
    6.026724725    0.059740415    0.059787854    1.743597628
    6.046743744    0.171955557    0.172005789    1.751263597
    6.066762763    0.287752429    0.287803969    1.760336107
    6.086781782    0.409742497    0.409786285    1.771326477
    6.106800801    0.474642847    0.474616662    1.782472953
    6.126819820    0.357754086    0.357714165    1.789043852
    6.146838839    0.346642350    0.346779541    1.791638791
    6.166857858    0.065036947    0.065380029    1.728156901
    6.186876877   -0.119133712   -0.119053362    1.683936646
    6.206895896   -0.019254880   -0.019229162    1.696028660
    6.226914915    0.096000998    0.096032093    1.712228262
    6.246933934    0.192743038    0.192780916    1.725624011
    6.266952953    0.276382529    0.276424061    1.737003703
    6.286971972    0.353507625    0.353550122    1.747460225
    6.306990991    0.429567986    0.429609030    1.757910686
    6.327010010    0.509900164    0.509937044    1.769272692
    6.347029029    0.600758204    0.600787654    1.782648140
    6.367048048    0.707347287    0.707369445    1.798921402
    6.387067067    0.799784573    0.799848509    1.812063987
    6.407086086    0.614899390    0.615213278    1.770214133
    6.427105105    0.265789986    0.265915853    1.695182812
    6.447124124    0.317650629    0.317660514    1.697456760
    6.467143143    0.451095761    0.451101418    1.713567233
    6.487162162    0.587588381    0.587594287    1.726843888
    6.507181181    0.733982808    0.733983359    1.737149522
    6.527200200    0.877109960    0.877126411    1.745461908
    6.547219219    0.751289827    0.751520137    1.752383928
    6.567238238    0.074469313    0.074706251    1.758250753
    6.587257257   -0.027482432   -0.027430664    1.763696039
    6.607276276    0.101250072    0.101288252    1.768781438
    6.627295295    0.217899674    0.217944735    1.773545145
    6.647314314    0.308561612    0.308612210    1.778064837
    6.667333333    0.381356541    0.381410460    1.782402388
    6.687352352    0.442841812    0.442897757    1.786601917
    6.707371371    0.497297675    0.497354613    1.790704580
    6.727390390    0.547591953    0.547648862    1.794743548
    6.747409409    0.595790413    0.595846585    1.798741791
    6.767428428    0.643611124    0.643665895    1.802722595
    6.787447447    0.692713973    0.692766567    1.806709406
    6.807466466    0.744962403    0.745011797    1.810727166
    6.827485485    0.802747458    0.802792185    1.814804546
    6.847504505    0.869475404    0.869513229    1.818977161
    6.867523524    0.950359364    0.950386750    1.823292542
    6.887542543    1.053492535    1.053504109    1.827818189
    6.907561562    1.188707851    1.188699454    1.832653861
    6.927580581    1.336450234    1.336462124    1.837937205
    6.947599600    1.205752530    1.206081699    1.843747680
    6.967618619    0.597914516    0.598220339    1.850320536
    6.987637638    0.267942130    0.268188070    1.858050091
    7.007656657    0.140790523    0.140847633    1.861136657
    7.027675676    0.179773727    0.179825929    1.837845465
    7.047694695    0.258689302    0.258738473    1.825991119
    7.067713714    0.373238242    0.373295038    1.832916075
    7.087732733    0.474941280    0.475006626    1.840894082
    7.107751752    0.567069967    0.567142722    1.847870436
    7.127770771    0.658128769    0.658208148    1.854142984
    7.147789790    0.739164391    0.739241595    1.859905922
    7.167808809    0.667525953    0.667545674    1.863961436
    7.187827828    0.399305893    0.399334311    1.866020532
    7.207846847    0.398011890    0.398074070    1.870624181
    7.227865866    0.469128698    0.469193955    1.875969630
    7.247884885    0.531356441    0.531421015    1.881344401
    7.267903904    0.582137051    0.582200676    1.886803508
    7.287922923    0.625500248    0.625562778    1.892490388
    7.307941942    0.664735773    0.664796854    1.898589185
    7.327960961    0.702440568    0.702499561    1.905361442
    7.347979980    0.741032037    0.741087952    1.913190005
    7.367998999    0.782314807    0.782366928    1.922408309
    7.388018018    0.818220966    0.818278438    1.930682590
    7.408037037    0.777185431    0.777297404    1.917661252
    7.428056056    0.688395093    0.688487379    1.891427231
    7.448075075    0.709502720    0.709573288    1.896367586
    7.468094094    0.752183295    0.752250574    1.907590834
    7.488113113    0.793504962    0.793570167    1.918558485
    7.508132132    0.829902756    0.829965022    1.927874079
    7.528151151    0.839594437    0.839675867    1.929209087
    7.548170170    0.779625851    0.779737053    1.914031780
    7.568189189    0.760352944    0.760423312    1.909772158
    7.588208208    0.789527175    0.789591495    1.917792833
    7.608227227    0.820036262    0.820101180    1.926136491
    7.628246246    0.847116850    0.847181869    1.933554595
    7.648265265    0.871836690    0.871901248    1.940304461
    7.668284284    0.895396967    0.895460377    1.946660465
    7.688303303    0.918748906    0.918810230    1.952815800
    7.708322322    0.942742846    0.942802075    1.958914989
    7.728341341    0.968298671    0.968355347    1.965086570
    7.748360360    0.996599756    0.996652926    1.971472052
    7.768379379    1.029363633    1.029411866    1.978258669
    7.788398398    1.069221436    1.069262643    1.985713151
    7.808417417    1.119738013    1.119769932    1.994093273
    7.828436436    1.179616969    1.179643209    2.002125273
    7.848455455    1.196674464    1.196737915    1.996824129
    7.868474474    1.065974741    1.066092882    1.978160439
    7.888493493    0.760814306    0.760981564    1.981491275
    7.908512513    0.711398545    0.711511536    1.990240708
    7.928531532    0.775395803    0.775496008    1.998491961
    7.948550551    0.833517942    0.833613809    2.005998038
    7.968569570    0.879394535    0.879488004    2.013061055
    7.988588589    0.917078117    0.917169253    2.019934496
    8.008607608    0.949912570    0.950000441    2.026805235
    8.028626627    0.979818540    0.979903044    2.033652117
    8.048645646    1.002980043    1.003064279    2.038785989
    8.068664665    1.012539673    1.012624645    2.039663665
    8.088683684    1.034985667    1.035068069    2.044522293
    8.108702703    1.065387456    1.065467583    2.051387744
    8.128721722    1.099205446    1.099282865    2.058285019
    8.148740741    1.138459379    1.138533135    2.065099323
    8.168759760    1.186896060    1.186964908    2.071912784
    8.188778779    1.247103930    1.247168973    2.078804489
    8.208797798    1.289736533    1.289828562    2.085846077
    8.228816817    1.104336057    1.104554820    2.093108971
    8.248835836    0.858550215    0.858661253    2.100696412
    8.268854855    0.886255430    0.886320744    2.108758296
    8.288873874    0.954051042    0.954116532    2.117490036
    8.308892893    1.014795658    1.014864567    2.127114228
    8.328911912    1.071723789    1.071794229    2.137128679
    8.348930931    1.130393999    1.130462571    2.144141972
    8.368949950    1.195398642    1.195466296    2.145647743
    8.388968969    1.222229825    1.222296226    2.126837039
    8.408987988    0.996845933    0.996968134    2.122790413
    8.429007007    0.804811364    0.804915110    2.131455598
    8.449026026    0.838629895    0.838712481    2.142966171
    8.469045045    0.894986949    0.895068253    2.153752035
    8.489064064    0.939500329    0.939582015    2.163737896
    8.509083083    0.973929117    0.974010588    2.173388419
    8.529102102    1.001708696    1.001789665    2.182922529
    8.549121121    1.025164187    1.025244947    2.192466354
    8.569140140    1.045773188    1.045853625    2.202149063
    8.589159159    1.064537937    1.064617827    2.212098636
    8.609178178    1.082203690    1.082282779    2.222459847
    8.629197197    1.099295749    1.099374202    2.233421965
    8.649216216    1.115794456    1.115875577    2.245259544
    8.669235235    1.133113760    1.133197706    2.258381922
    8.689254254    1.152625526    1.152708276    2.273236425
    8.709273273    1.169224291    1.169310476    2.288431409
    8.729292292    1.145694780    1.145800360    2.291117456
    8.749311311    1.107553647    1.107641884    2.286888907
    8.769330330    1.118923504    1.119003681    2.271565993
    8.789349349    1.137382678    1.137462290    2.252735144
    8.809368368    1.152482634    1.152561793    2.264514800
    8.829387387    1.166049752    1.166131050    2.281050119
    8.849406406    1.179404881    1.179486545    2.297949718
    8.869425425    1.192019069    1.192099805    2.313899880
    8.889444444    1.203919716    1.203997663    2.329330579
    8.909463463    1.215644134    1.215725788    2.344790739
    8.929482482    1.227534655    1.227619036    2.360799405
    8.949501502    1.239586843    1.239670712    2.377941547
    8.969520521    1.251464844    1.251546794    2.396893967
    8.989539540    1.262898869    1.262979186    2.417335858
    9.009558559    1.276301401    1.276381677    2.427041013
    9.029577578    1.291502120    1.291581748    2.395728489
    9.049596597    1.308679229    1.308757878    2.394289785
    9.069615616    1.328765754    1.328843465    2.417071766
    9.089634635    1.353122556    1.353199865    2.441858211
    9.109653654    1.382999707    1.383075932    2.466786885
    9.129672673    1.408452432    1.408539219    2.487197216
    9.149691692    1.377049862    1.377159863    2.482653137
    9.169710711    1.311532176    1.311632014    2.490123334
    9.189729730    1.178938041    1.179031451    2.518699812
    9.209748749    1.170946076    1.171028023    2.551518711
    9.229767768    1.204759695    1.204839871    2.571918950
    9.249786787    1.234329424    1.234411415    2.530596416
    9.269805806    1.258461527    1.258546130    2.478828710
    9.289824825    1.278294971    1.278381933    2.496216138
    9.309843844    1.295140293    1.295227779    2.529735381
    9.329862863    1.310591079    1.310673253    2.561583175
    9.349881882    1.325089095    1.325165547    2.591705004
    9.369900901    1.339027833    1.339104425    2.621729772
    9.389919920    1.352717437    1.352794795    2.652944487
    9.409938939    1.366401433    1.366479117    2.682750436
    9.429957958    1.379987766    1.380065230    2.690789812
    9.449976977    1.394345250    1.394423193    2.699203730
    9.469995996    1.410402787    1.410480573    2.704088726
    9.490015015    1.428455687    1.428533244    2.675664644
    9.510034034    1.449459125    1.449537202    2.697870404
    9.530053053    1.473270702    1.473348857    2.734147017
    9.550072072    1.486221161    1.486285376    2.767384498
    9.570091091    1.452828488    1.452876227    2.793042472
    9.590110110    1.458716580    1.458787796    2.823010894
    9.610129129    1.498551275    1.498638775    2.856309785
    9.630148148    1.519550133    1.519658129    2.890054275
    9.650167167    1.409033514    1.409178461    2.924460345
    9.670186186    1.346066247    1.346160559    2.960550294
    9.690205205    1.380718280    1.380806645    2.998807703
    9.710224224    1.377382487    1.377499471    3.039587085
    9.730243243    1.325499643    1.325604120    3.083492587
    9.750262262    1.339380402    1.339468238    3.129078556
    9.770281281    1.366586554    1.366661189    3.159557882
    9.790300300    1.390037429    1.390110730    3.184820727
    9.810319319    1.408086093    1.408158619    3.235022616
    9.830338338    1.423962199    1.424039448    3.296679372
    9.850357357    1.439176302    1.439257094    3.368350531
    9.870376376    1.452882357    1.452964540    3.425388559
    9.890395395    1.466301431    1.466384565    3.398608972
    9.910414414    1.479112589    1.479196644    3.424817335
    9.930433433    1.489798655    1.489882066    3.501140902
    9.950452452    1.499323252    1.499406549    3.584570623
    9.970471471    1.510926146    1.511010913    3.683532056
    9.990490490    1.522704538    1.522790881    3.738760860
   10.010509510    1.534466916    1.534554214    3.807096111
   10.030528529    1.546231258    1.546314341    3.924807084
   10.050547548    1.558078674    1.558154466    3.978961624
   10.070566567    1.571289893    1.571365833    4.072291031
   10.090585586    1.585241547    1.585320216    4.250707155
   10.110604605    1.593545980    1.593630408    4.458496232
   10.130623624    1.588278862    1.588366198    4.693221537
   10.150642643    1.596159545    1.596241329    4.993488174
   10.170661662    1.607085232    1.607145939    5.379707670
   10.190680681    1.613940207    1.613994952    5.855439747
   10.210699700    1.610010397    1.610074864    6.168912236
   10.230718719    1.618548332    1.618608064    5.731187365
   10.250737738    1.633194641    1.633249901    5.354917147
   10.270756757    1.647883222    1.647938852    4.317158064
   10.290775776    1.662187657    1.662243672    3.935730817
   10.310794795    1.676258293    1.676313742    4.374703082
   10.330813814    1.690215118    1.690269652    3.304761562
   10.350832833    1.704940768    1.704993079    2.875583395
   10.370851852    1.720601260    1.720649443    2.763334290
   10.390870871    1.737472690    1.737514742    3.428922357
   10.410889890    1.755885957    1.755922307    3.834073912
   10.430908909    1.774338652    1.774397551    2.670408867
   10.450927928    1.791190972    1.791314371    1.482379508
   10.470946947    1.812532967    1.812639868    2.072332095
   10.490965966    1.818634630    1.818729487    2.452541156
   10.510984985    1.759764136    1.759850451    2.424558789
   10.531004004    1.748436003    1.748514927    3.136070658
   10.551023023    1.775440098    1.775516412    3.072405994
   10.571042042    1.803976139    1.804050665    1.950018269
   10.591061061    1.830641846    1.830714313    1.716523163
   10.611080080    1.855997744    1.856066854    0.570268481
   10.631099099    1.882234299    1.882302459    0.840369344
   10.651118118    1.907933254    1.908007120    1.506148168
   10.671137137    1.923861533    1.923939824    2.254390770
   10.691156156    1.942408907    1.942481903    2.866346991
   10.711175175    1.979762059    1.979835791    2.691667419
   10.731194194    2.026542292    2.026620186    2.559240393
   10.751213213    2.082836905    2.082908055    2.143541590
   10.771232232    2.155644311    2.155706291    1.013274379
   10.791251251    2.244955494    2.245006638    0.340610933
   10.811270270    2.295010950    2.295085923    1.034483483
   10.831289289    2.019342715    2.019612705    1.802420428
   10.851308308    1.542972671    1.543104356    1.971298710
   10.871327327    1.549625862    1.549672246    0.669753397
   10.891346346    1.649290576    1.649337011    0.628147411
   10.911365365    1.729620691    1.729665154    1.249589006
   10.931384384    1.782353760    1.782399165    1.637708610
   10.951403403    1.830972292    1.831037403    1.773394497
   10.971422422    1.874751653    1.874827982    2.151467631
   10.991441441    1.909661399    1.909735887    2.254240949
   11.011460460    1.943268572    1.943339625    0.931701950
   11.031479479    1.977756271    1.977829069    0.655413701
   11.051498498    2.014229462    2.014303984    1.062646767
   11.071517518    2.051623519    2.051699686    1.424832093
   11.091536537    2.090086854    2.090162215    1.355447857
   11.111555556    2.128008060    2.128070399    0.011720172
   11.131574575    2.165875886    2.165928391   -0.004032054
   11.151593594    2.177443377    2.177496629    0.472663890
   11.171612613    2.164598842    2.164636803    0.828871900
   11.191631632    2.200126987    2.200156909    1.118660117
   11.211650651    2.244833796    2.244862196    1.458541753
   11.231669670    2.292816322    2.292842316    1.766522352
   11.251688689    2.348479302    2.348498296    2.069172607
   11.271707708    2.408972480    2.408953899    2.313277167
   11.291726727    2.476330859    2.476268239    2.726637380
   11.311745746    2.550577046    2.550482713    3.266883951
   11.331764765    2.622383623    2.622304207    3.357641845
   11.351783784    2.702714877    2.702657226    1.780643201
   11.371802803    2.818789588    2.818676948    0.633919518
   11.391821822    2.984320727    2.984098679    1.075774867
   11.411840841    3.123414307    3.123164647    1.477561065
   11.431859860    2.983312104    2.984031545    0.495632622
   11.451878879    2.630282096    2.630947943   -0.014052427
   11.471897898    2.157693858    2.158217774    0.391861829
   11.491916917    1.979034110    1.979583466    0.723794535
   11.511935936    1.868757691    1.869262553    0.926159822
   11.531954955    2.038208206    2.038703931    1.212457718
   11.551973974    2.245288349    2.245801651    1.493739422
   11.571992993    2.449757114    2.450274597    1.765838919
   11.592012012    2.644419846    2.644778569    2.035389445
   11.612031031    2.864341551    2.864834824    2.315657056
   11.632050050    3.127216244    3.127919164    2.631552020
   11.652069069    3.412131832    3.413094520    2.991832392
   11.672088088    3.668560259    3.670439336    3.429710145
   11.692107107    3.146570474    3.150440886    3.783550884
   11.712126126    2.097963400    2.099724284    3.428924600
   11.732145145    1.681472226    1.674897706    3.059214688
   11.752164164    1.094888238    1.090290853    1.982701489
   11.772183183    1.242993388    1.241625428    1.371855175
   11.792202202    1.595585794    1.594563250    1.739495272
   11.812221221    1.930079449    1.928982627    1.998415932
   11.832240240    2.211943425    2.210630444    1.959898310
   11.852259259    2.410833108    2.408604828    0.848605333
   11.872278278    2.223915390    2.219761817    0.239694891
   11.892297297    1.949914986    1.947527423    0.194845066
   11.912316316    1.749573091    1.752286301    0.510297462
   11.932335335    1.467243925    1.470403835    0.853650743
   11.952354354    1.616137309    1.618273826    1.095270464
   11.972373373    1.876181377    1.877986218    0.961770389
   11.992392392    2.124962949    2.126627668    0.839719416
   12.012411411    2.321756927    2.322803292    1.209999237
   12.032430430    2.317279220    2.317623312    1.495446689
   12.052449449    2.189264109    2.189593450    1.582684584
   12.072468468    2.357468459    2.357915129    1.901751084
   12.092487487    2.615546431    2.616161812    2.308480549
   12.112506507    2.900032425    2.900867693    2.423060977
   12.132525526    3.219454818    3.220583782    2.312778123
   12.152544545    3.570713178    3.571875309    1.987965433
   12.172563564    3.903633978    3.902296210    1.585619142
   12.192582583    3.383539132    3.376973025    1.760007829
   12.212601602    1.876035610    1.877827984    1.915740564
   12.232620621    0.896650000    0.898968084    2.202309883
   12.252639640    1.155636469    1.157831557    2.557419978
   12.272658659    1.679476569    1.680288427    2.992967108
   12.292677678    1.803635681    1.793817223    1.919993859
   12.312696697    1.479444697    1.474982182    0.073589018
   12.332715716    1.637622310    1.638675196   -0.156115060
   12.352734735    1.421372229    1.420534353    0.114216544
   12.372753754    1.204378252    1.203509352   -0.014537020
   12.392772773    1.354619625    1.354237274   -0.018476950
   12.412791792    1.469634718    1.469189360    0.145019474
   12.432810811    1.665748544    1.665138804    0.494680314
   12.452829830    1.799946183    1.799824575    0.693439105
   12.472848849    1.917474167    1.917384305    0.994273111
   12.492867868    2.102305632    2.101988031    1.197578907
   12.512886887    2.288871514    2.288367389    1.358212191
   12.532905906    2.477889291    2.477209205    1.449858333
   12.552924925    2.679437036    2.678572687    1.493988262
   12.572943944    2.902812805    2.901735518    1.238821859
   12.592962963    3.163027242    3.161686729    0.656241591
   12.612981982    3.477269086    3.475602516    0.789791493
   12.633001001    3.827252169    3.825361925    0.957069927
   12.653020020    3.883801201    3.882634822    1.005444365
   12.673039039    3.665075468    3.662677012    1.235658638
   12.693058058    3.888642671    3.885004746    1.402896129
   12.713077077    3.033350346    3.033428717    1.669868794
   12.733096096    1.877383195    1.889045592    1.790250186
   12.753115115    1.862494518    1.863954416    1.741536495
   12.773134134    2.510887081    2.508497983    1.709846282
   12.793153153    2.953863966    2.953402979    1.879047464
   12.813172172    2.127901360    2.131766045    1.978028288
   12.833191191    1.740527612    1.739884281    1.960294944
   12.853210210    1.873388125    1.872607184    2.167193180
   12.873229229    1.771205678    1.769476003    2.406773662
   12.893248248    2.123699710    2.121370093    2.792685806
   12.913267267    2.534575951    2.532745832    3.063373698
   12.933286286    3.136749521    3.134393868    3.191701697
   12.953305305    3.672310498    3.668867385    3.012404868
   12.973324324    2.774448445    2.769339627    3.047187340
   12.993343343    1.802324226    1.799634010    2.760064970
   13.013362362    1.024873479    1.027086117    1.327418520
   13.033381381    0.597111286    0.597140198    0.370669512
   13.053400400    0.624543989    0.626537994    0.425820229
   13.073419419    0.728899807    0.732238961    0.688650913
   13.093438438    1.020301412    1.023426336    1.032123931
   13.113457457    1.526402474    1.528313096    1.542887950
   13.133476476    1.992448490    1.993862867    2.018906218
   13.153495495    2.033873232    2.038682229    2.140011511
   13.173514515    1.429919650    1.433105524    1.891310388
   13.193533534    0.771992763    0.774870469    2.086141207
   13.213552553    0.632781740    0.637338895    2.533067022
   13.233571572    0.906570806    0.910875894    3.053035515
   13.253590591    1.231588857    1.235417342    3.347415099
   13.273609610    1.548091766    1.551583321    3.606622085
   13.293628629    1.897384566    1.900667273    4.047590219
   13.313647648    2.255074001    2.258224705    4.037381545
   13.333666667    2.636034468    2.639106423    3.771157530
   13.353685686    3.042507103    3.045534254    3.844440933
   13.373704705    3.360094111    3.363054369    3.172691765
   13.393723724    3.041023666    3.043783528    2.269505967
   13.413742743    2.587878951    2.590292422    1.345654431
   13.433761762    2.826238593    2.828571151    0.288202710
   13.453780781    2.947187206    2.949693607    0.355744406
   13.473799800    2.823646913    2.826672907    0.930381164
   13.493818819    3.149885439    3.153427409    1.414253744
   13.513837838    3.641574536    3.645644771    0.217723561
   13.533856857    4.371017371    4.375467099   -0.021615964
   13.553875876    4.636864739    4.638542954   -0.014115117
   13.573894895    4.292708073    4.283322541   -0.632178711
   13.593913914    1.598232373    1.589387625   -1.486417146
   13.613932933   -0.400326593   -0.397081417   -1.805486699
   13.633951952    0.206169050    0.210927016   -1.274653353
   13.653970971    0.817196867    0.821345877   -0.605344924
   13.673989990    0.932963907    0.936538501   -0.013938952
   13.694009009    1.525036269    1.528463872    0.515756658
   13.714028028    2.381122523    2.384358878    1.039191891
   13.734047047    2.318661219    2.321596686    1.586651221
   13.754066066    1.218960063    1.221807199    2.117495573
   13.774085085    1.350181530    1.352846417    2.333407940
   13.794104104    1.311186654    1.313791532    1.471803878
   13.814123123    2.036525167    2.039211521    1.024198374
   13.834142142    2.706287396    2.710114087    1.234052343
   13.854161161    2.127676058    2.133739460    1.740709968
   13.874180180    2.151073433    2.158059145    2.255284908
   13.894199199    2.907445197    2.914867401    2.078456697
   13.914218218    3.278055621    3.285036727    2.117025591
   13.934237237    0.396053599    0.402449884    2.876360138
   13.954256256   -1.446239602   -1.439339678    3.603079544
   13.974275275   -1.001382547   -0.993840325    2.425086474
   13.994294294   -0.744222156   -0.734307777   -0.546065264
   14.014313313   -0.784363737   -0.773777467   -1.402382049
   14.034332332   -1.588078246   -1.591753857   -0.627141798
   14.054351351   -1.045387711   -1.052798302    0.359416815
   14.074370370   -0.228559235   -0.234583000    0.984701326
   14.094389389    0.303931314    0.300104406    1.469902524
   14.114408408    0.200657710    0.196874622    1.075295939
   14.134427427    0.145497881    0.142525356    0.371416987
   14.154446446    0.283946663    0.280687337   -1.571866997
   14.174465465    0.908893882    0.906193837   -2.517822568
   14.194484484    1.702325888    1.700221520   -2.595057082
   14.214503504    2.468980899    2.467227557   -1.848716190
   14.234522523    2.014989306    2.013369697   -1.146630029
   14.254541542   -0.283861267   -0.284894789   -0.875371334
   14.274560561   -0.233506372   -0.234254709   -0.677965575
   14.294579580    0.653962683    0.653841489   -0.607838892
   14.314598599    1.655239361    1.655444582   -0.485660682
   14.334617618    2.761518705    2.761920249   -0.005277385
   14.354636637    3.921596585    3.922290531    0.681567837
   14.374655656    3.984520713    3.985431812    1.214378811
   14.394674675   -0.555331528   -0.554262612    1.772623912
   14.414693694   -2.552854690   -2.551382242    1.863243178
   14.434712713   -1.764285591   -1.765091498    0.143350281
   14.454731732   -0.497516589   -0.498834822   -2.257742268
   14.474750751   -0.760394314   -0.761501564   -2.850876777
   14.494769770   -2.696575523   -2.697176278   -2.262250359
   14.514788789   -2.159247878   -2.159265814   -2.165218814
   14.534807808   -1.035126204   -1.034721744   -2.578127941
   14.554826827   -0.894992797   -0.894424472   -2.531533558
   14.574845846   -2.955058425   -2.954161257   -2.514102211
   14.594864865   -3.020553801   -3.018935037   -1.997749437
   14.614883884   -2.126410267   -2.124050006   -1.420385126
   14.634902903   -1.193237937   -1.189896636   -1.010145110
   14.654921922   -0.510275747   -0.506065269   -0.689901466
   14.674940941   -1.810321751   -1.809060870   -0.193055971
   14.694959960   -3.937807517   -3.943714778    0.385672215
   14.714978979   -3.689784857   -3.695874247    0.768152833
   14.734997998   -3.167198240   -3.172157614   -0.079220586
   14.755017017   -2.769865951   -2.774020098   -1.712709590
   14.775036036   -2.417716571   -2.421481154   -2.857231173
   14.795055055   -2.131775478   -2.135338426   -2.502834564
   14.815074074   -1.894371521   -1.897852636   -2.095924512
   14.835093093   -1.688686065   -1.691872359   -2.190102912
   14.855112112   -1.523022570   -1.524060667   -2.445585904
   14.875131131   -1.377073374   -1.377374179   -2.289358486
   14.895150150   -1.229900152   -1.230596093   -2.246127200
   14.915169169   -1.086672999   -1.087463944   -2.006965143
   14.935188188   -0.953383086   -0.954202889   -2.465044962
   14.955207207   -0.895124753   -0.895991101   -2.679249153
   14.975226226   -0.948322635   -0.949163129   -2.395831337
   14.995245245   -0.892968217   -0.893780311   -2.110910333
   15.015264264   -0.810152817   -0.810952516   -1.874110836
   15.035283283   -0.712861985   -0.713562276   -1.677958317
   15.055302302   -0.633614685   -0.634045420   -1.518347058
   15.075321321   -0.557548124   -0.558113513   -1.365842405
   15.095340340   -0.475810984   -0.476420665   -1.211630313
   15.115359359   -0.397900782   -0.398517844   -1.105315212
   15.135378378   -0.319775330   -0.320408909   -1.243424332
   15.155397397   -0.235431290   -0.236111397   -1.458843228
   15.175416416   -0.147440829   -0.148202246   -1.402509235
   15.195435435   -0.084801014   -0.085488392   -1.249012355
   15.215454454   -0.109551616   -0.108557493   -1.121104557
   15.235473473   -0.076133116   -0.074225395   -1.178329628
   15.255492492   -0.067994965   -0.067651172   -1.303559896
   15.275511512   -0.037823645   -0.038329419   -1.245160683
   15.295530531    0.051373232    0.050825262   -1.152579704
   15.315549550    0.155330221    0.154892562   -1.068519076
   15.335568569    0.269839146    0.269511338   -0.994815780
   15.355587588    0.399532210    0.399288805   -0.930171934
   15.375606607    0.554395735    0.554205961   -0.869494263
   15.395625626    0.740145236    0.739929789   -0.816736264
   15.415644645    0.962243355    0.962116248   -0.787275105
   15.435663664    1.082612627    1.083607695   -0.758582157
   15.455682683    0.244966777    0.247729003   -0.734901235
   15.475701702   -0.506347571   -0.504998622   -0.705899640
   15.495720721   -0.432012939   -0.432393003   -0.669000817
   15.515739740   -0.600637435   -0.601960047   -0.632706851
   15.535758759   -0.577298009   -0.578594391   -0.637216828
   15.555777778   -0.420247813   -0.421294852   -0.658248865
   15.575796797   -0.286081959   -0.287030374   -0.629006603
   15.595815816   -0.156789807   -0.157583463   -0.591784624
   15.615834835   -0.043442562   -0.044090129   -0.555043177
   15.635853854    0.056011723    0.055484509   -0.520621171
   15.655872873    0.146643481    0.146220078   -0.488272675
   15.675891892    0.232358214    0.232032705   -0.461441063
   15.695910911    0.316455169    0.316218635   -0.446913816
   15.715929930    0.401299994    0.401138836   -0.433279797
   15.735948949    0.490392718    0.490313185   -0.415436062
   15.755967968    0.587540954    0.587554691   -0.400179756
   15.775986987    0.697146371    0.697261598   -0.379755741
   15.796006006    0.826165935    0.826398452   -0.355450349
   15.816025025    0.984689963    0.985106477   -0.338825171
   15.836044044    1.182418120    1.183261406   -0.325789599
   15.856063063    1.392773888    1.394174771   -0.306356355
   15.876082082    1.244730544    1.246803202   -0.284721297
   15.896101101    0.437877849    0.441211128   -0.263952891
   15.916120120    0.416626243    0.420828914   -0.243946803
   15.936139139    0.380154176    0.381539277   -0.229869580
   15.956158158    0.169536830    0.162625344   -0.227888086
   15.976177177    0.327210184    0.318889989   -0.218484153
   15.996196196    0.538281414    0.529836161   -0.202873680
   16.016215215    0.712881244    0.706473740   -0.184999885
   16.036234234    0.629889549    0.630475857   -0.169660432
   16.056253253    0.595416459    0.597916054   -0.153815945
   16.076272272    0.275229777    0.275691890   -0.139404510
   16.096291291    0.343644560    0.343063506   -0.122788297
   16.116310310    0.603909315    0.603217523   -0.106693656
   16.136329329    0.881417768    0.880735467   -0.113208295
   16.156348348    1.183933498    1.183270567   -0.110985461
   16.176367367    1.537524539    1.536881245   -0.090662602
   16.196386386    1.886113478    1.885478917   -0.067104201
   16.216405405    1.493987569    1.493282867   -0.048783273
   16.236424424    0.154956536    0.154255033   -0.065321813
   16.256443443    0.240038560    0.239384627   -0.096695450
   16.276462462    0.770442710    0.769817435   -0.083470100
   16.296481481    1.355292657    1.354704582   -0.064724186
   16.316500501    1.877519884    1.876936727   -0.047239523
   16.336519520    1.403057114    1.402387931   -0.030870319
   16.356538539    0.496311920    0.495725115   -0.015868733
   16.376557558    0.370678390    0.370120120   -0.002611342
   16.396576577   -1.568704638   -1.569360726    0.004341520
   16.416595596   -2.071493768   -2.072167515    0.007510720
   16.436614615   -1.520233194   -1.520888329    0.017271999
   16.456633634   -0.966565183   -0.967204158    0.029104785
   16.476652653   -0.488076625   -0.488702650    0.040540359
   16.496671672   -0.054317370   -0.054897714    0.052548487
   16.516690691    0.358266778    0.357697716    0.065322356
   16.536709710   -0.006111976   -0.006788792    0.077025453
   16.556728729   -1.295147109   -1.295797986    0.080807685
   16.576747748   -1.220641771   -1.221241135    0.084092724
   16.596766767   -1.124622479   -1.125231538    0.095197199
   16.616785786   -1.702210356   -1.702757430    0.108154324
   16.636804805   -1.647317270   -1.647827803    0.121420061
   16.656823824   -1.377284131   -1.377822849    0.123197118
   16.676842843   -1.168260981   -1.168720577    0.105127855
   16.696861862   -0.995838006   -0.996193680    0.109783030
   16.716880881   -0.884306178   -0.884701060    0.122439430
   16.736899900   -0.828344465   -0.828833019    0.134478166
   16.756918919   -0.752702408   -0.753269006    0.145490027
   16.776937938   -0.675072625   -0.675644173    0.155846027
   16.796956957   -0.599384604   -0.599967800    0.166395945
   16.816975976   -0.527591520   -0.528178401    0.177314842
   16.836994995   -0.453398608   -0.454014650    0.186709988
   16.857014014   -0.382168785   -0.382842011    0.186762795
   16.877033033   -0.311060832   -0.311820081    0.189878823
   16.897052052   -0.233117393   -0.233993373    0.201235298
   16.917071071   -0.167056584   -0.168072311    0.214396183
   16.937090090   -0.179040180   -0.179648850    0.228305263
   16.957109109   -0.249230894   -0.247716574    0.237636140
   16.977128128   -0.274705992   -0.272730938    0.214063383
   16.997147147   -0.361977904   -0.360138516    0.195450124
   17.017166166   -0.441577451   -0.442452369    0.205308864
   17.037185185   -0.390593771   -0.391929207    0.218092354
   17.057204204   -0.326078265   -0.327234401    0.229689233
   17.077223223   -0.272780169   -0.273780393    0.240230116
   17.097242242   -0.237169851   -0.238085077    0.250205197
   17.117261261   -0.205775656   -0.206621424    0.260049515
   17.137280280   -0.171680598   -0.172479436    0.270058146
   17.157299299   -0.140513892   -0.141283869    0.279373851
   17.177318318   -0.113561640   -0.114315804    0.282489732
   17.197337337   -0.088504594   -0.089248045    0.287085933
   17.217356356   -0.064006220   -0.064744449    0.297491929
   17.237375375   -0.040536272   -0.041275075    0.307964000
   17.257394394   -0.018012105   -0.018755316    0.315176700
   17.277413413    0.003345154    0.002591935    0.325165272
   17.297432432    0.022275586    0.021505025    0.320053394
   17.317451451    0.042506085    0.041717163    0.289167326
   17.337470470    0.063429513    0.062617888    0.274588438
   17.357489489    0.081913335    0.081072547    0.284071911
   17.377508509    0.087513123    0.086640538    0.293868735
   17.397527528    0.099808392    0.098903652    0.304298414
   17.417546547    0.121137571    0.120183227    0.313983708
   17.437565566    0.143622205    0.142603139    0.315705837
   17.457584585    0.166298405    0.165194553    0.321161140
   17.477603604    0.190554601    0.189337089    0.330156004
   17.497622623    0.218562999    0.217185522    0.338989626
   17.517641642    0.251197181    0.249580961    0.345652271
   17.537660661    0.291777892    0.289760020    0.351761174
   17.557679680    0.332868710    0.330483055    0.359736770
   17.577698699    0.286213037    0.290096083    0.368230738
   17.597717718    0.078716165    0.082845428    0.377538904
   17.617736737    0.054969884    0.053158730    0.387306765
   17.637755756    0.098818356    0.096531601    0.392984177
   17.657774775    0.138236111    0.135857343    0.389904763
   17.677793794    0.165727202    0.162245503    0.394532855
   17.697812813    0.188370120    0.184440928    0.400719391
   17.717831832    0.211425739    0.207314456    0.399012344
   17.737850851    0.234003655    0.229414008    0.408222673
   17.757869870    0.255481339    0.250113565    0.424304730
   17.777888889    0.266372750    0.263358630    0.429086109
   17.797907908    0.266391594    0.270705911    0.397703542
   17.817926927    0.280025484    0.285120902    0.385038331
   17.837945946    0.292267890    0.295784349    0.375728456
   17.857964965    0.302513165    0.304904996    0.372737508
   17.877983984    0.314738277    0.316622075    0.383952386
   17.898003003    0.312033721    0.313593310    0.396265507
   17.918022022    0.322542922    0.323872791    0.403192623
   17.938041041    0.341314042    0.342458715    0.408667241
   17.958060060    0.357485372    0.358474794    0.416969523
   17.978079079    0.367113573    0.367970874    0.424333077
   17.998098098    0.382590637    0.383344286    0.432065909
   18.018117117    0.401447603    0.402109279    0.440105562
   18.038136136    0.421291246    0.421869052    0.448084974
   18.058155155    0.440672148    0.441173752    0.456144267
   18.078174174    0.456776154    0.457208269    0.465062906
   18.098193193    0.480805556    0.481159416    0.475359606
   18.118212212    0.508258333    0.508530264    0.487154725
   18.138231231    0.505320854    0.505645141    0.497458313
   18.158250250    0.462215940    0.462839234    0.504472616
   18.178269269    0.454695348    0.455334946    0.497715595
   18.198288288    0.450296434    0.450775565    0.463524397
   18.218307307    0.481809840    0.482170687    0.459883960
   18.238326326    0.510952017    0.511211533    0.444639958
   18.258345345    0.495664233    0.495799040    0.432066847
   18.278364364    0.456344816    0.456469317    0.442769910
   18.298383383    0.468512650    0.468809337    0.452249215
   18.318402402    0.501520621    0.501778027    0.457824340
   18.338421421    0.526030340    0.526316242    0.467792169
   18.358440440    0.549276251    0.549771686    0.478183727
   18.378459459    0.579906376    0.580532828    0.488467595
   18.398478478    0.615849120    0.616465977    0.498739639
   18.418497497    0.640279080    0.640774476    0.504236542
   18.438516517    0.636856394    0.636946246    0.489136568
   18.458535536    0.666303398    0.666218962    0.484892281
   18.478554555    0.718933909    0.718814860    0.493641408
   18.498573574    0.783754742    0.783581906    0.502322962
   18.518592593    0.864424271    0.864151872    0.508894288
   18.538611612    0.965966758    0.965523786    0.514531030
   18.558630631    1.057734560    1.057236320    0.518968582
   18.578649650    0.805924343    0.806584029    0.525362353
   18.598668669    0.223878350    0.225080530    0.529350715
   18.618687688    0.209804846    0.210654774    0.533595347
   18.638706707    0.327939987    0.328648265    0.538278726
   18.658725726    0.431602429    0.432232187    0.537545237
   18.678744745    0.517760292    0.518337606    0.542716495
   18.698763764    0.594382767    0.594920808    0.549385244
   18.718782783    0.668546960    0.669055599    0.556829357
   18.738801802    0.745791688    0.746279381    0.565120441
   18.758820821    0.832116052    0.832589001    0.574419827
   18.778839840    0.934526556    0.934989926    0.584955749
   18.798858859    1.062452254    1.062911760    0.596923799
   18.818877878    1.229908331    1.230369900    0.609077383
   18.838896897    1.416251626    1.416717598    0.614531208
   18.858915916    1.284552541    1.285013486    0.592027399
   18.878934935    0.656943120    0.657462215    0.587755745
   18.898953954    0.572771967    0.573315209    0.583283879
   18.918972973    0.073846767    0.074386191    0.551966650
   18.938991992   -0.074598009   -0.073911996    0.559908895
   18.959011011    0.145971055    0.146797546    0.578247976
   18.979030030    0.170099773    0.171132635    0.587404967
   18.999049049   -0.044696792   -0.043060256    0.592172925
   19.019068068    0.039351035    0.039742127    0.604098525
   19.039087087    0.041469298    0.034064083    0.587701792
   19.059106106    0.019987634    0.018842341    0.573889880
   19.079125125    0.141018341    0.141979380    0.588659339
   19.099144144    0.277730809    0.278606498    0.607242108
   19.119163163    0.417368862    0.418038880    0.626685448
   19.139182182    0.572976915    0.573498994    0.648047707
   19.159201201    0.739270939    0.739690878    0.666785030
   19.179220220    0.698651900    0.698961960    0.648789441
   19.199239239    0.110204935    0.110524293    0.622463756
   19.219258258   -0.255568870   -0.255156323    0.625575598
   19.239277277   -0.367362308   -0.367016146    0.577351544
   19.259296296   -0.242069779   -0.241756736    0.556999998
   19.279315315   -0.108569047   -0.108270592    0.577497136
   19.299334334    0.000291529    0.000576191    0.602242434
   19.319353353    0.059068041    0.059318955    0.620475555
   19.339372372    0.014994128    0.015233462    0.629802444
   19.359391391    0.034072293    0.034338434    0.649421940
   19.379410410    0.094922830    0.095187071    0.671156715
   19.399429429    0.151382589    0.151640140    0.677750227
   19.419448448    0.182553958    0.182787748    0.652491132
   19.439467467    0.183056716    0.183282769    0.569737490
   19.459486486    0.216465870    0.216689861    0.565604284
   19.479505506    0.211823907    0.212020822    0.587311661
   19.499524525    0.167054431    0.167289833    0.605393265
   19.519543544    0.192343720    0.192597715    0.629909744
   19.539562563    0.221526680    0.221791758    0.655197042
   19.559581582    0.241718441    0.242001359    0.668012293
   19.579600601    0.266797468    0.267079694    0.653017187
   19.599619620    0.295567358    0.295874057    0.665318445
   19.619638639    0.247478690    0.247868646    0.664781096
   19.639657658    0.187585984    0.187803886    0.664368862
   19.659676677    0.202891861    0.203079414    0.672862765
   19.679695696    0.231148128    0.231362133    0.605796378
   19.699714715    0.256238729    0.256466924    0.586789546
   19.719733734    0.277858228    0.278090553    0.613320750
   19.739752753    0.296851382    0.297085817    0.642469624
   19.759771772    0.311960539    0.312198529    0.669059288
   19.779790791    0.320731818    0.320981576    0.691415338
   19.799809810    0.334296078    0.334551828    0.717989853
   19.819828829    0.350028608    0.350286191    0.751674259
   19.839847848    0.359802879    0.360060844    0.788063523
   19.859866867    0.354224327    0.354477975    0.828074975
   19.879885886    0.358793151    0.359051063    0.780504437
   19.899904905    0.372505522    0.372767449    0.613879353
   19.919923924    0.387015701    0.387271144    0.619511739
   19.939942943    0.396385836    0.396627456    0.647130647
   19.959961962    0.409125735    0.409376165    0.626731268
   19.979980981    0.424590793    0.424851752    0.620831595
   20.000000000    0.412302921    0.412581268    0.644218124
