# energy grid [eV]     ieps_x  ieps_y  ieps_z
#
    0.001000000    7.967189771    7.967411024    1.727648706
    0.021019019    7.960530865    7.960751567    1.727560262
    0.041038038    7.947623640    7.947843270    1.727388690
    0.061057057    7.930171194    7.930389375    1.727156390
    0.081076076    7.908320229    7.908536597    1.726865031
    0.101095095    7.882208364    7.882422575    1.726516100
    0.121114114    7.851994685    7.852206411    1.726111307
    0.141133133    7.817858736    7.818067672    1.725652588
    0.161152152    7.779998052    7.780203917    1.725142070
    0.181171171    7.738625337    7.738827871    1.724582052
    0.201190190    7.693965504    7.694164476    1.723974965
    0.221209209    7.646252700    7.646447903    1.723323348
    0.241228228    7.595727370    7.595918625    1.722629812
    0.261247247    7.542633439    7.542820592    1.721897015
    0.281266266    7.487215653    7.487398577    1.721127630
    0.301285285    7.429717132    7.429895725    1.720324322
    0.321304304    7.370377150    7.370551333    1.719489723
    0.341323323    7.309429183    7.309598902    1.718626414
    0.361342342    7.247099219    7.247264439    1.717736905
    0.381361361    7.183604338    7.183765048    1.716823618
    0.401380380    7.119151573    7.119307775    1.715888881
    0.421399399    7.053937009    7.054088726    1.714934910
    0.441418418    6.988145141    6.988292411    1.713963809
    0.461437437    6.921948447    6.922091318    1.712977563
    0.481456456    6.855507156    6.855645693    1.711978032
    0.501475475    6.788969210    6.789103485    1.710966955
    0.521494494    6.722470363    6.722600458    1.709945947
    0.541513514    6.656134421    6.656260425    1.708916503
    0.561532533    6.590073587    6.590195597    1.707880001
    0.581551552    6.524388895    6.524507011    1.706837704
    0.601570571    6.459170710    6.459285037    1.705790769
    0.621589590    6.394499277    6.394609923    1.704740247
    0.641608609    6.330445307    6.330552382    1.703687093
    0.661627628    6.267070582    6.267174198    1.702632170
    0.681646647    6.204428570    6.204528839    1.701576254
    0.701665666    6.142565038    6.142662070    1.700520041
    0.721684685    6.081518652    6.081612561    1.699464156
    0.741703704    6.021321573    6.021412467    1.698409152
    0.761722723    5.962000018    5.962088006    1.697355520
    0.781741742    5.903574804    5.903659994    1.696303696
    0.801760761    5.846061865    5.846144361    1.695254061
    0.821779780    5.789472737    5.789552642    1.694206950
    0.841798799    5.733815012    5.733892427    1.693162652
    0.861817818    5.679092764    5.679167785    1.692121421
    0.881836837    5.625306941    5.625379663    1.691083472
    0.901855856    5.572455730    5.572526244    1.690048991
    0.921874875    5.520534890    5.520603285    1.689018133
    0.941893894    5.469538059    5.469604421    1.687991030
    0.961912913    5.419457032    5.419521444    1.686967789
    0.981931932    5.370282016    5.370344559    1.685948499
    1.001950951    5.322001859    5.322062609    1.684933229
    1.021969970    5.274604258    5.274663290    1.683922032
    1.041988989    5.228075945    5.228133330    1.682914950
    1.062008008    5.182402857    5.182458664    1.681912008
    1.082027027    5.137570282    5.137624576    1.680913223
    1.102046046    5.093562995    5.093615840    1.679918602
    1.122065065    5.050365377    5.050416835    1.678928142
    1.142084084    5.007961520    5.008011648    1.677941834
    1.162103103    4.966335316    4.966384170    1.676959662
    1.182122122    4.925470544    4.925518179    1.675981606
    1.202141141    4.885350939    4.885397405    1.675007637
    1.222160160    4.845960251    4.846005599    1.674037727
    1.242179179    4.807282306    4.807326581    1.673071841
    1.262198198    4.769301043    4.769344292    1.672109941
    1.282217217    4.732000563    4.732042829    1.671151988
    1.302236236    4.695365157    4.695406482    1.670197940
    1.322255255    4.659379338    4.659419760    1.669247753
    1.342274274    4.624027861    4.624067420    1.668301382
    1.362293293    4.589295747    4.589334479    1.667358779
    1.382312312    4.555168297    4.555206236    1.666419897
    1.402331331    4.521631103    4.521668283    1.665484688
    1.422350350    4.488670063    4.488706516    1.664553101
    1.442369369    4.456271381    4.456307137    1.663625089
    1.462388388    4.424421579    4.424456668    1.662700599
    1.482407407    4.393107496    4.393141947    1.661779583
    1.502426426    4.362316293    4.362350132    1.660861990
    1.522445445    4.332035449    4.332068701    1.659947770
    1.542464464    4.302252762    4.302285452    1.659036872
    1.562483483    4.272956346    4.272988499    1.658129246
    1.582502503    4.244134631    4.244166268    1.657224842
    1.602521522    4.215776353    4.215807496    1.656323612
    1.622540541    4.187870555    4.187901226    1.655425504
    1.642559560    4.160406579    4.160436797    1.654530472
    1.662578579    4.133374061    4.133403845    1.653638464
    1.682597598    4.106762926    4.106792295    1.652749435
    1.702616617    4.080563380    4.080592351    1.651863335
    1.722635636    4.054765905    4.054794494    1.650980118
    1.742654655    4.029361251    4.029389476    1.650099736
    1.762673674    4.004340432    4.004368308    1.649222144
    1.782692693    3.979694717    3.979722257    1.648347295
    1.802711712    3.955415622    3.955442842    1.647475144
    1.822730731    3.931494906    3.931521819    1.646605646
    1.842749750    3.907924564    3.907951184    1.645738757
    1.862768769    3.884696819    3.884723157    1.644874433
    1.882787788    3.861804115    3.861830184    1.644012631
    1.902806807    3.839239112    3.839264923    1.643153308
    1.922825826    3.816994678    3.817020243    1.642296422
    1.942844845    3.795063885    3.795089214    1.641441931
    1.962863864    3.773440000    3.773465104    1.640589794
    1.982882883    3.752116482    3.752141370    1.639739972
    2.002901902    3.731086972    3.731111653    1.638892422
    2.022920921    3.710345291    3.710369776    1.638047108
    2.042939940    3.689885435    3.689909731    1.637203988
    2.062958959    3.669701564    3.669725680    1.636363026
    2.082977978    3.649788002    3.649811946    1.635524182
    2.102996997    3.630139230    3.630163010    1.634687421
    2.123016016    3.610749882    3.610773505    1.633852705
    2.143035035    3.591614738    3.591638211    1.633019998
    2.163054054    3.572728721    3.572752051    1.632189264
    2.183073073    3.554086892    3.554110086    1.631360469
    2.203092092    3.535684445    3.535707509    1.630533577
    2.223111111    3.517516704    3.517539644    1.629708554
    2.243130130    3.499579117    3.499601939    1.628885368
    2.263149149    3.481867256    3.481889966    1.628063984
    2.283168168    3.464376807    3.464399409    1.627244371
    2.303187187    3.447103570    3.447126071    1.626426496
    2.323206206    3.430043457    3.430065861    1.625610328
    2.343225225    3.413192484    3.413214796    1.624795835
    2.363244244    3.396546771    3.396568996    1.623982988
    2.383263263    3.380102538    3.380124680    1.623171756
    2.403282282    3.363856102    3.363878165    1.622362110
    2.423301301    3.347803871    3.347825860    1.621554020
    2.443320320    3.331942347    3.331964265    1.620747458
    2.463339339    3.316268117    3.316289969    1.619942396
    2.483358358    3.300777856    3.300799644    1.619138806
    2.503377377    3.285468317    3.285490046    1.618336662
    2.523396396    3.270336337    3.270358009    1.617535935
    2.543415415    3.255378828    3.255400448    1.616736601
    2.563434434    3.240592778    3.240614348    1.615938633
    2.583453453    3.225975247    3.225996770    1.615142005
    2.603472472    3.211523366    3.211544845    1.614346694
    2.623491491    3.197234334    3.197255772    1.613552674
    2.643510511    3.183105416    3.183126816    1.612759921
    2.663529530    3.169133942    3.169155306    1.611968412
    2.683548549    3.155317304    3.155338634    1.611178123
    2.703567568    3.141652953    3.141674252    1.610389032
    2.723586587    3.128138401    3.128159671    1.609601116
    2.743605606    3.114771215    3.114792459    1.608814354
    2.763624625    3.101549020    3.101570239    1.608028723
    2.783643644    3.088469490    3.088490687    1.607244203
    2.803662663    3.075530356    3.075551533    1.606460772
    2.823681682    3.062729397    3.062750554    1.605678410
    2.843700701    3.050064440    3.050085581    1.604897098
    2.863719720    3.037533362    3.037554488    1.604116816
    2.883738739    3.025134086    3.025155198    1.603337543
    2.903757758    3.012864579    3.012885679    1.602559262
    2.923776777    3.000722852    3.000743942    1.601781954
    2.943795796    2.988706958    2.988728039    1.601005601
    2.963814815    2.976814993    2.976836067    1.600230184
    2.983833834    2.965045093    2.965066160    1.599455687
    3.003852853    2.953395430    2.953416493    1.598682091
    3.023871872    2.941864218    2.941885277    1.597909381
    3.043890891    2.930449705    2.930470762    1.597137540
    3.063909910    2.919150177    2.919171232    1.596366552
    3.083928929    2.907963954    2.907985009    1.595596400
    3.103947948    2.896889389    2.896910445    1.594827070
    3.123966967    2.885924870    2.885945928    1.594058546
    3.143985986    2.875068817    2.875089878    1.593290813
    3.164005005    2.864319681    2.864340745    1.592523857
    3.184024024    2.853675942    2.853697010    1.591757663
    3.204043043    2.843136112    2.843157186    1.590992218
    3.224062062    2.832698731    2.832719811    1.590227508
    3.244081081    2.822362368    2.822383455    1.589463519
    3.264100100    2.812125618    2.812146713    1.588700239
    3.284119119    2.801987105    2.802008208    1.587937654
    3.304138138    2.791945477    2.791966589    1.587175752
    3.324157157    2.781999409    2.782020530    1.586414522
    3.344176176    2.772147599    2.772168731    1.585653949
    3.364195195    2.762388772    2.762409914    1.584894024
    3.384214214    2.752721674    2.752742828    1.584134735
    3.404233233    2.743145076    2.743166242    1.583376070
    3.424252252    2.733657771    2.733678948    1.582618019
    3.444271271    2.724258572    2.724279762    1.581860570
    3.464290290    2.714946315    2.714967519    1.581103714
    3.484309309    2.705719859    2.705741076    1.580347440
    3.504328328    2.696578079    2.696599310    1.579591739
    3.524347347    2.687519873    2.687541118    1.578836600
    3.544366366    2.678544157    2.678565417    1.578082014
    3.564385385    2.669649868    2.669671143    1.577327971
    3.584404404    2.660835959    2.660857249    1.576574464
    3.604423423    2.652101402    2.652122708    1.575821483
    3.624442442    2.643445188    2.643466509    1.575069019
    3.644461461    2.634866323    2.634887660    1.574317064
    3.664480480    2.626363831    2.626385185    1.573565610
    3.684499499    2.617936754    2.617958124    1.572814649
    3.704518519    2.609584148    2.609605535    1.572064173
    3.724537538    2.601305085    2.601326489    1.571314175
    3.744556557    2.593098654    2.593120074    1.570564648
    3.764575576    2.584963957    2.584985395    1.569815583
    3.784594595    2.576900113    2.576921567    1.569066975
    3.804613614    2.568906252    2.568927724    1.568318817
    3.824632633    2.560981523    2.561003013    1.567571102
    3.844651652    2.553125085    2.553146592    1.566823824
    3.864670671    2.545336111    2.545357636    1.566076976
    3.884689690    2.537613790    2.537635332    1.565330553
    3.904708709    2.529957320    2.529978880    1.564584548
    3.924727728    2.522365914    2.522387492    1.563838957
    3.944746747    2.514838797    2.514860393    1.563093773
    3.964765766    2.507375207    2.507396820    1.562348992
    3.984784785    2.499974392    2.499996023    1.561604607
    4.004803804    2.492635613    2.492657262    1.560860616
    4.024822823    2.485358143    2.485379810    1.560117011
    4.044841842    2.478141264    2.478162949    1.559373790
    4.064860861    2.470984272    2.471005975    1.558630946
    4.084879880    2.463886470    2.463908191    1.557888477
    4.104898899    2.456847176    2.456868914    1.557146378
    4.124917918    2.449865714    2.449887470    1.556404644
    4.144936937    2.442941420    2.442963194    1.555663273
    4.164955956    2.436073642    2.436095434    1.554922259
    4.184974975    2.429261734    2.429283543    1.554181601
    4.204993994    2.422505062    2.422526888    1.553441293
    4.225013013    2.415803000    2.415824844    1.552701334
    4.245032032    2.409154932    2.409176793    1.551961719
    4.265051051    2.402560251    2.402582129    1.551222446
    4.285070070    2.396018358    2.396040254    1.550483511
    4.305089089    2.389528664    2.389550577    1.549744913
    4.325108108    2.383090588    2.383112518    1.549006647
    4.345127127    2.376703557    2.376725503    1.548268713
    4.365146146    2.370367005    2.370388968    1.547531107
    4.385165165    2.364080377    2.364102356    1.546793828
    4.405184184    2.357843123    2.357865119    1.546056872
    4.425203203    2.351654703    2.351676715    1.545320238
    4.445222222    2.345514583    2.345536612    1.544583924
    4.465241241    2.339422238    2.339444282    1.543847929
    4.485260260    2.333377148    2.333399208    1.543112250
    4.505279279    2.327378802    2.327400878    1.542376886
    4.525298298    2.321426697    2.321448788    1.541641836
    4.545317317    2.315520333    2.315542440    1.540907097
    4.565336336    2.309659222    2.309681344    1.540172670
    4.585355355    2.303842879    2.303865017    1.539438552
    4.605374374    2.298070827    2.298092979    1.538704743
    4.625393393    2.292342595    2.292364762    1.537971241
    4.645412412    2.286657719    2.286679901    1.537238047
    4.665431431    2.281015741    2.281037937    1.536505158
    4.685450450    2.275416208    2.275438418    1.535772574
    4.705469469    2.269858674    2.269880899    1.535040296
    4.725488488    2.264342701    2.264364939    1.534308321
    4.745507508    2.258867852    2.258890104    1.533576651
    4.765526527    2.253433701    2.253455967    1.532845284
    4.785545546    2.248039824    2.248062103    1.532114221
    4.805564565    2.242685804    2.242708096    1.531383460
    4.825583584    2.237371229    2.237393534    1.530653003
    4.845602603    2.232095693    2.232118011    1.529922849
    4.865621622    2.226858795    2.226881126    1.529192998
    4.885640641    2.221660139    2.221682482    1.528463451
    4.905659660    2.216499334    2.216521689    1.527734207
    4.925678679    2.211375994    2.211398361    1.527005268
    4.945697698    2.206289738    2.206312118    1.526276632
    4.965716717    2.201240192    2.201262582    1.525548302
    4.985735736    2.196226982    2.196249385    1.524820277
    5.005754755    2.191249744    2.191272157    1.524092559
    5.025773774    2.186308115    2.186330539    1.523365147
    5.045792793    2.181401738    2.181424173    1.522638042
    5.065811812    2.176530260    2.176552706    1.521911246
    5.085830831    2.171693333    2.171715790    1.521184759
    5.105849850    2.166890613    2.166913080    1.520458583
    5.125868869    2.162121761    2.162144238    1.519732718
    5.145887888    2.157386441    2.157408928    1.519007165
    5.165906907    2.152684322    2.152706819    1.518281925
    5.185925926    2.148015077    2.148037583    1.517557000
    5.205944945    2.143378382    2.143400897    1.516832391
    5.225963964    2.138773919    2.138796443    1.516108099
    5.245982983    2.134201372    2.134223905    1.515384125
    5.266002002    2.129660429    2.129682971    1.514660472
    5.286021021    2.125150785    2.125173335    1.513937140
    5.306040040    2.120672134    2.120694692    1.513214131
    5.326059059    2.116224176    2.116246743    1.512491446
    5.346078078    2.111806615    2.111829190    1.511769088
    5.366097097    2.107419159    2.107441741    1.511047057
    5.386116116    2.103061517    2.103084106    1.510325356
    5.406135135    2.098733403    2.098756000    1.509603986
    5.426154154    2.094434536    2.094457140    1.508882949
    5.446173173    2.090164636    2.090187247    1.508162247
    5.466192192    2.085923427    2.085946045    1.507441882
    5.486211211    2.081710637    2.081733261    1.506721856
    5.506230230    2.077525996    2.077548627    1.506002170
    5.526249249    2.073369239    2.073391875    1.505282827
    5.546268268    2.069240102    2.069262744    1.504563829
    5.566287287    2.065138326    2.065160973    1.503845177
    5.586306306    2.061063653    2.061086306    1.503126875
    5.606325325    2.057015830    2.057038488    1.502408924
    5.626344344    2.052994606    2.053017269    1.501691326
    5.646363363    2.048999732    2.049022400    1.500974084
    5.666382382    2.045030965    2.045053638    1.500257199
    5.686401401    2.041088061    2.041110739    1.499540675
    5.706420420    2.037170782    2.037193463    1.498824513
    5.726439439    2.033278890    2.033301576    1.498108716
    5.746458458    2.029412152    2.029434841    1.497393286
    5.766477477    2.025570336    2.025593029    1.496678226
    5.786496496    2.021753214    2.021775911    1.495963538
    5.806515516    2.017960560    2.017983260    1.495249224
    5.826534535    2.014192150    2.014214853    1.494535287
    5.846553554    2.010447764    2.010470469    1.493821730
    5.866572573    2.006727182    2.006749891    1.493108555
    5.886591592    2.003030190    2.003052901    1.492395765
    5.906610611    1.999356574    1.999379287    1.491683362
    5.926629630    1.995706122    1.995728837    1.490971349
    5.946648649    1.992078626    1.992101344    1.490259728
    5.966667668    1.988473880    1.988496599    1.489548503
    5.986686687    1.984891680    1.984914400    1.488837675
    6.006705706    1.981331824    1.981354545    1.488127248
    6.026724725    1.977794112    1.977816834    1.487417224
    6.046743744    1.974278347    1.974301070    1.486707606
    6.066762763    1.970784334    1.970807058    1.485998397
    6.086781782    1.967311880    1.967334605    1.485289600
    6.106800801    1.963860795    1.963883520    1.484581217
    6.126819820    1.960430889    1.960453615    1.483873250
    6.146838839    1.957021976    1.957044702    1.483165704
    6.166857858    1.953633872    1.953656598    1.482458581
    6.186876877    1.950266394    1.950289120    1.481751883
    6.206895896    1.946919362    1.946942087    1.481045614
    6.226914915    1.943592596    1.943615320    1.480339776
    6.246933934    1.940285921    1.940308644    1.479634372
    6.266952953    1.936999161    1.937021883    1.478929405
    6.286971972    1.933732144    1.933754865    1.478224878
    6.306990991    1.930484699    1.930507419    1.477520795
    6.327010010    1.927256657    1.927279375    1.476817157
    6.347029029    1.924047850    1.924070567    1.476113967
    6.367048048    1.920858114    1.920880828    1.475411230
    6.387067067    1.917687284    1.917709996    1.474708947
    6.407086086    1.914535198    1.914557909    1.474007121
    6.427105105    1.911401697    1.911424405    1.473305757
    6.447124124    1.908286622    1.908309328    1.472604855
    6.467143143    1.905189816    1.905212519    1.471904421
    6.487162162    1.902111125    1.902133824    1.471204455
    6.507181181    1.899050393    1.899073090    1.470504962
    6.527200200    1.896007471    1.896030165    1.469805945
    6.547219219    1.892982207    1.893004898    1.469107406
    6.567238238    1.889974454    1.889997140    1.468409348
    6.587257257    1.886984063    1.887006746    1.467711774
    6.607276276    1.884010889    1.884033568    1.467014688
    6.627295295    1.881054789    1.881077464    1.466318093
    6.647314314    1.878115620    1.878138291    1.465621990
    6.667333333    1.875193241    1.875215908    1.464926385
    6.687352352    1.872287513    1.872310175    1.464231278
    6.707371371    1.869398297    1.869420954    1.463536674
    6.727390390    1.866525456    1.866548109    1.462842575
    6.747409409    1.863668856    1.863691504    1.462148984
    6.767428428    1.860828364    1.860851006    1.461455905
    6.787447447    1.858003845    1.858026482    1.460763341
    6.807466466    1.855195170    1.855217802    1.460071293
    6.827485485    1.852402209    1.852424835    1.459379766
    6.847504505    1.849624833    1.849647453    1.458688762
    6.867523524    1.846862915    1.846885529    1.457998284
    6.887542543    1.844116330    1.844138938    1.457308336
    6.907561562    1.841384954    1.841407556    1.456618920
    6.927580581    1.838668662    1.838691258    1.455930039
    6.947599600    1.835967333    1.835989923    1.455241697
    6.967618619    1.833280847    1.833303430    1.454553895
    6.987637638    1.830609084    1.830631660    1.453866638
    7.007656657    1.827951926    1.827974495    1.453179927
    7.027675676    1.825309256    1.825331818    1.452493767
    7.047694695    1.822680958    1.822703512    1.451808159
    7.067713714    1.820066917    1.820089464    1.451123108
    7.087732733    1.817467020    1.817489559    1.450438615
    7.107751752    1.814881154    1.814903686    1.449754684
    7.127770771    1.812309209    1.812331733    1.449071318
    7.147789790    1.809751073    1.809773590    1.448388519
    7.167808809    1.807206639    1.807229148    1.447706290
    7.187827828    1.804675798    1.804698299    1.447024635
    7.207846847    1.802158444    1.802180936    1.446343556
    7.227865866    1.799654470    1.799676953    1.445663056
    7.247884885    1.797163772    1.797186247    1.444983138
    7.267903904    1.794686245    1.794708712    1.444303804
    7.287922923    1.792221789    1.792244246    1.443625059
    7.307941942    1.789770300    1.789792749    1.442946903
    7.327960961    1.787331679    1.787354118    1.442269341
    7.347979980    1.784905825    1.784928255    1.441592375
    7.367998999    1.782492640    1.782515061    1.440916008
    7.388018018    1.780092026    1.780114438    1.440240243
    7.408037037    1.777703887    1.777726289    1.439565082
    7.428056056    1.775328126    1.775350519    1.438890528
    7.448075075    1.772964650    1.772987032    1.438216584
    7.468094094    1.770613363    1.770635735    1.437543253
    7.488113113    1.768274173    1.768296535    1.436870537
    7.508132132    1.765946988    1.765969340    1.436198439
    7.528151151    1.763631717    1.763654059    1.435526963
    7.548170170    1.761328269    1.761350600    1.434856109
    7.568189189    1.759036555    1.759058875    1.434185883
    7.588208208    1.756756486    1.756778796    1.433516285
    7.608227227    1.754487974    1.754510274    1.432847318
    7.628246246    1.752230934    1.752253222    1.432178986
    7.648265265    1.749985278    1.750007555    1.431511290
    7.668284284    1.747750921    1.747773187    1.430844235
    7.688303303    1.745527779    1.745550034    1.430177821
    7.708322322    1.743315769    1.743338013    1.429512052
    7.728341341    1.741114808    1.741137040    1.428846930
    7.748360360    1.738924813    1.738947034    1.428182458
    7.768379379    1.736745703    1.736767912    1.427518638
    7.788398398    1.734577399    1.734599596    1.426855473
    7.808417417    1.732419820    1.732442005    1.426192965
    7.828436436    1.730272887    1.730295060    1.425531118
    7.848455455    1.728136522    1.728158684    1.424869933
    7.868474474    1.726010648    1.726032798    1.424209412
    7.888493493    1.723895189    1.723917325    1.423549560
    7.908512513    1.721790067    1.721812191    1.422890376
    7.928531532    1.719695208    1.719717320    1.422231866
    7.948550551    1.717610537    1.717632636    1.421574029
    7.968569570    1.715535980    1.715558067    1.420916870
    7.988588589    1.713471465    1.713493539    1.420260390
    8.008607608    1.711416919    1.711438979    1.419604592
    8.028626627    1.709372269    1.709394317    1.418949478
    8.048645646    1.707337445    1.707359479    1.418295051
    8.068664665    1.705312376    1.705334397    1.417641313
    8.088683684    1.703296992    1.703319001    1.416988265
    8.108702703    1.701291225    1.701313220    1.416335911
    8.128721722    1.699295006    1.699316987    1.415684253
    8.148740741    1.697308266    1.697330233    1.415033292
    8.168759760    1.695330938    1.695352892    1.414383032
    8.188778779    1.693362957    1.693384897    1.413733474
    8.208797798    1.691404255    1.691426181    1.413084621
    8.228816817    1.689454768    1.689476680    1.412436475
    8.248835836    1.687514430    1.687536328    1.411789038
    8.268854855    1.685583177    1.685605061    1.411142311
    8.288873874    1.683660945    1.683682815    1.410496298
    8.308892893    1.681747673    1.681769528    1.409851001
    8.328911912    1.679843296    1.679865137    1.409206421
    8.348930931    1.677947753    1.677969579    1.408562560
    8.368949950    1.676060982    1.676082794    1.407919422
    8.388968969    1.674182924    1.674204721    1.407277007
    8.408987988    1.672313517    1.672335300    1.406635318
    8.429007007    1.670452702    1.670474470    1.405994356
    8.449026026    1.668600419    1.668622172    1.405354125
    8.469045045    1.666756610    1.666778348    1.404714625
    8.489064064    1.664921217    1.664942940    1.404075859
    8.509083083    1.663094183    1.663115890    1.403437829
    8.529102102    1.661275449    1.661297142    1.402800537
    8.549121121    1.659464960    1.659486637    1.402163984
    8.569140140    1.657662659    1.657684321    1.401528173
    8.589159159    1.655868491    1.655890138    1.400893105
    8.609178178    1.654082401    1.654104032    1.400258782
    8.629197197    1.652304335    1.652325950    1.399625207
    8.649216216    1.650534237    1.650555836    1.398992380
    8.669235235    1.648772054    1.648793638    1.398360305
    8.689254254    1.647017734    1.647039302    1.397728981
    8.709273273    1.645271224    1.645292775    1.397098413
    8.729292292    1.643532470    1.643554006    1.396468600
    8.749311311    1.641801423    1.641822942    1.395839545
    8.769330330    1.640078029    1.640099533    1.395211250
    8.789349349    1.638362239    1.638383727    1.394583716
    8.809368368    1.636654003    1.636675474    1.393956945
    8.829387387    1.634953269    1.634974723    1.393330939
    8.849406406    1.633259988    1.633281427    1.392705700
    8.869425425    1.631574112    1.631595534    1.392081228
    8.889444444    1.629895592    1.629916997    1.391457526
    8.909463463    1.628224379    1.628245768    1.390834595
    8.929482482    1.626560426    1.626581798    1.390212437
    8.949501502    1.624903685    1.624925040    1.389591054
    8.969520521    1.623254109    1.623275447    1.388970446
    8.989539540    1.621611651    1.621632973    1.388350616
    9.009558559    1.619976266    1.619997571    1.387731565
    9.029577578    1.618347908    1.618369195    1.387113294
    9.049596597    1.616726531    1.616747801    1.386495806
    9.069615616    1.615112089    1.615133343    1.385879101
    9.089634635    1.613504540    1.613525776    1.385263181
    9.109653654    1.611903837    1.611925056    1.384648048
    9.129672673    1.610309938    1.610331139    1.384033702
    9.149691692    1.608722798    1.608743982    1.383420145
    9.169710711    1.607142375    1.607163542    1.382807379
    9.189729730    1.605568627    1.605589776    1.382195405
    9.209748749    1.604001509    1.604022640    1.381584225
    9.229767768    1.602440981    1.602462095    1.380973839
    9.249786787    1.600887001    1.600908097    1.380364249
    9.269805806    1.599339527    1.599360605    1.379755456
    9.289824825    1.597798518    1.597819579    1.379147462
    9.309843844    1.596263934    1.596284977    1.378540268
    9.329862863    1.594735735    1.594756760    1.377933875
    9.349881882    1.593213880    1.593234887    1.377328284
    9.369900901    1.591698330    1.591719319    1.376723496
    9.389919920    1.590189045    1.590210016    1.376119514
    9.409938939    1.588685987    1.588706940    1.375516337
    9.429957958    1.587189117    1.587210051    1.374913967
    9.449976977    1.585698396    1.585719312    1.374312406
    9.469995996    1.584213787    1.584234684    1.373711654
    9.490015015    1.582735251    1.582756131    1.373111712
    9.510034034    1.581262752    1.581283613    1.372512582
    9.530053053    1.579796252    1.579817095    1.371914265
    9.550072072    1.578335715    1.578356539    1.371316761
    9.570091091    1.576881104    1.576901909    1.370720072
    9.590110110    1.575432382    1.575453169    1.370124199
    9.610129129    1.573989515    1.574010284    1.369529142
    9.630148148    1.572552466    1.572573216    1.368934904
    9.650167167    1.571121200    1.571141931    1.368341484
    9.670186186    1.569695683    1.569716395    1.367748884
    9.690205205    1.568275878    1.568296572    1.367157105
    9.710224224    1.566861753    1.566882428    1.366566147
    9.730243243    1.565453273    1.565473928    1.365976012
    9.750262262    1.564050403    1.564071040    1.365386701
    9.770281281    1.562653111    1.562673728    1.364798214
    9.790300300    1.561261362    1.561281961    1.364210552
    9.810319319    1.559875125    1.559895705    1.363623716
    9.830338338    1.558494365    1.558514926    1.363037707
    9.850357357    1.557119052    1.557139593    1.362452526
    9.870376376    1.555749151    1.555769673    1.361868173
    9.890395395    1.554384632    1.554405135    1.361284650
    9.910414414    1.553025462    1.553045946    1.360701957
    9.930433433    1.551671610    1.551692074    1.360120095
    9.950452452    1.550323045    1.550343490    1.359539065
    9.970471471    1.548979735    1.549000161    1.358958866
    9.990490490    1.547641651    1.547662057    1.358379501
   10.010509510    1.546308761    1.546329148    1.357800970
   10.030528529    1.544981035    1.545001402    1.357223274
   10.050547548    1.543658443    1.543678791    1.356646412
   10.070566567    1.542340955    1.542361284    1.356070386
   10.090585586    1.541028542    1.541048851    1.355495197
   10.110604605    1.539721175    1.539741464    1.354920845
   10.130623624    1.538418824    1.538439093    1.354347330
   10.150642643    1.537121460    1.537141710    1.353774654
   10.170661662    1.535829055    1.535849285    1.353202817
   10.190680681    1.534541580    1.534561790    1.352631819
   10.210699700    1.533259008    1.533279198    1.352061661
   10.230718719    1.531981309    1.532001480    1.351492343
   10.250737738    1.530708457    1.530728607    1.350923867
   10.270756757    1.529440424    1.529460554    1.350356232
   10.290775776    1.528177182    1.528197292    1.349789440
   10.310794795    1.526918704    1.526938795    1.349223490
   10.330813814    1.525664964    1.525685035    1.348658382
   10.350832833    1.524415935    1.524435985    1.348094119
   10.370851852    1.523171589    1.523191620    1.347530699
   10.390870871    1.521931902    1.521951912    1.346968123
   10.410889890    1.520696846    1.520716837    1.346406393
   10.430908909    1.519466397    1.519486367    1.345845507
   10.450927928    1.518240527    1.518260477    1.345285467
   10.470946947    1.517019212    1.517039142    1.344726273
   10.490965966    1.515802427    1.515822336    1.344167925
   10.510984985    1.514590145    1.514610035    1.343610424
   10.531004004    1.513382343    1.513402212    1.343053769
   10.551023023    1.512178996    1.512198844    1.342497962
   10.571042042    1.510980078    1.510999906    1.341943002
   10.591061061    1.509785566    1.509805374    1.341388890
   10.611080080    1.508595436    1.508615223    1.340835626
   10.631099099    1.507409663    1.507429430    1.340283211
   10.651118118    1.506228223    1.506247970    1.339731644
   10.671137137    1.505051094    1.505070820    1.339180926
   10.691156156    1.503878250    1.503897956    1.338631057
   10.711175175    1.502709671    1.502729356    1.338082038
   10.731194194    1.501545331    1.501564995    1.337533867
   10.751213213    1.500385208    1.500404852    1.336986547
   10.771232232    1.499229279    1.499248903    1.336440076
   10.791251251    1.498077523    1.498097126    1.335894455
   10.811270270    1.496929915    1.496949498    1.335349685
   10.831289289    1.495786435    1.495805997    1.334805764
   10.851308308    1.494647059    1.494666600    1.334262695
   10.871327327    1.493511767    1.493531287    1.333720475
   10.891346346    1.492380535    1.492400035    1.333179106
   10.911365365    1.491253343    1.491272822    1.332638588
   10.931384384    1.490130169    1.490149627    1.332098921
   10.951403403    1.489010992    1.489030429    1.331560104
   10.971422422    1.487895790    1.487915207    1.331022139
   10.991441441    1.486784543    1.486803939    1.330485024
   11.011460460    1.485677230    1.485696605    1.329948760
   11.031479479    1.484573829    1.484593184    1.329413347
   11.051498498    1.483474321    1.483493655    1.328878785
   11.071517518    1.482378686    1.482397998    1.328345074
   11.091536537    1.481286902    1.481306193    1.327812214
   11.111555556    1.480198949    1.480218220    1.327280205
   11.131574575    1.479114809    1.479134059    1.326749047
   11.151593594    1.478034460    1.478053689    1.326218739
   11.171612613    1.476957884    1.476977092    1.325689282
   11.191631632    1.475885060    1.475904247    1.325160676
   11.211650651    1.474815970    1.474835136    1.324632921
   11.231669670    1.473750594    1.473769739    1.324106016
   11.251688689    1.472688912    1.472708036    1.323579961
   11.271707708    1.471630907    1.471650010    1.323054757
   11.291726727    1.470576559    1.470595641    1.322530402
   11.311745746    1.469525849    1.469544910    1.322006898
   11.331764765    1.468478759    1.468497799    1.321484243
   11.351783784    1.467435270    1.467454289    1.320962438
   11.371802803    1.466395364    1.466414362    1.320441483
   11.391821822    1.465359023    1.465378000    1.319921377
   11.411840841    1.464326229    1.464345185    1.319402120
   11.431859860    1.463296964    1.463315899    1.318883712
   11.451878879    1.462271210    1.462290123    1.318366152
   11.471897898    1.461248949    1.461267841    1.317849441
   11.491916917    1.460230164    1.460249035    1.317333578
   11.511935936    1.459214837    1.459233687    1.316818564
   11.531954955    1.458202951    1.458221780    1.316304396
   11.551973974    1.457194489    1.457213297    1.315791077
   11.571992993    1.456189434    1.456208220    1.315278604
   11.592012012    1.455187768    1.455206534    1.314766979
   11.612031031    1.454189476    1.454208220    1.314256200
   11.632050050    1.453194539    1.453213262    1.313746267
   11.652069069    1.452202942    1.452221644    1.313237181
   11.672088088    1.451214669    1.451233349    1.312728940
   11.692107107    1.450229701    1.450248361    1.312221544
   11.712126126    1.449248025    1.449266663    1.311714994
   11.732145145    1.448269622    1.448288239    1.311209288
   11.752164164    1.447294478    1.447313074    1.310704426
   11.772183183    1.446322576    1.446341150    1.310200409
   11.792202202    1.445353900    1.445372453    1.309697234
   11.812221221    1.444388435    1.444406967    1.309194903
   11.832240240    1.443426165    1.443444676    1.308693415
   11.852259259    1.442467074    1.442485564    1.308192769
   11.872278278    1.441511148    1.441529616    1.307692965
   11.892297297    1.440558370    1.440576817    1.307194003
   11.912316316    1.439608726    1.439627152    1.306695882
   11.932335335    1.438662201    1.438680605    1.306198601
   11.952354354    1.437718779    1.437737162    1.305702161
   11.972373373    1.436778445    1.436796807    1.305206560
   11.992392392    1.435841185    1.435859526    1.304711799
   12.012411411    1.434906985    1.434925304    1.304217876
   12.032430430    1.433975828    1.433994126    1.303724792
   12.052449449    1.433047702    1.433065979    1.303232546
   12.072468468    1.432122591    1.432140847    1.302741137
   12.092487487    1.431200482    1.431218716    1.302250565
   12.112506507    1.430281359    1.430299572    1.301760829
   12.132525526    1.429365210    1.429383401    1.301271929
   12.152544545    1.428452019    1.428470189    1.300783864
   12.172563564    1.427541773    1.427559921    1.300296634
   12.192582583    1.426634458    1.426652585    1.299810239
   12.212601602    1.425730060    1.425748166    1.299324677
   12.232620621    1.424828566    1.424846651    1.298839948
   12.252639640    1.423929962    1.423948025    1.298356052
   12.272658659    1.423034234    1.423052276    1.297872987
   12.292677678    1.422141370    1.422159391    1.297390754
   12.312696697    1.421251355    1.421269354    1.296909352
   12.332715716    1.420364177    1.420382155    1.296428780
   12.352734735    1.419479822    1.419497779    1.295949038
   12.372753754    1.418598278    1.418616213    1.295470125
   12.392772773    1.417719530    1.417737445    1.294992040
   12.412791792    1.416843568    1.416861461    1.294514782
   12.432810811    1.415970377    1.415988248    1.294038352
   12.452829830    1.415099945    1.415117795    1.293562749
   12.472848849    1.414232259    1.414250088    1.293087971
   12.492867868    1.413367307    1.413385114    1.292614018
   12.512886887    1.412505076    1.412522862    1.292140890
   12.532905906    1.411645553    1.411663318    1.291668586
   12.552924925    1.410788728    1.410806471    1.291197105
   12.572943944    1.409934586    1.409952308    1.290726447
   12.592962963    1.409083117    1.409100818    1.290256610
   12.612981982    1.408234307    1.408251987    1.289787595
   12.633001001    1.407388145    1.407405804    1.289319400
   12.653020020    1.406544619    1.406562257    1.288852025
   12.673039039    1.405703718    1.405721334    1.288385469
   12.693058058    1.404865428    1.404883023    1.287919731
   12.713077077    1.404029740    1.404047313    1.287454810
   12.733096096    1.403196640    1.403214192    1.286990707
   12.753115115    1.402366117    1.402383648    1.286527420
   12.773134134    1.401538161    1.401555670    1.286064948
   12.793153153    1.400712758    1.400730247    1.285603291
   12.813172172    1.399889899    1.399907366    1.285142448
   12.833191191    1.399069571    1.399087017    1.284682418
   12.853210210    1.398251764    1.398269189    1.284223200
   12.873229229    1.397436467    1.397453870    1.283764794
   12.893248248    1.396623667    1.396641050    1.283307199
   12.913267267    1.395813355    1.395830716    1.282850414
   12.933286286    1.395005520    1.395022860    1.282394438
   12.953305305    1.394200149    1.394217468    1.281939270
   12.973324324    1.393397233    1.393414531    1.281484911
   12.993343343    1.392596762    1.392614038    1.281031358
   13.013362362    1.391798723    1.391815978    1.280578611
   13.033381381    1.391003107    1.391020341    1.280126670
   13.053400400    1.390209903    1.390227116    1.279675533
   13.073419419    1.389419100    1.389436292    1.279225200
   13.093438438    1.388630689    1.388647859    1.278775670
   13.113457457    1.387844658    1.387861808    1.278326941
   13.133476476    1.387060998    1.387078126    1.277879014
   13.153495495    1.386279698    1.386296805    1.277431887
   13.173514515    1.385500748    1.385517834    1.276985560
   13.193533534    1.384724138    1.384741203    1.276540031
   13.213552553    1.383949857    1.383966901    1.276095300
   13.233571572    1.383177897    1.383194920    1.275651365
   13.253590591    1.382408246    1.382425248    1.275208227
   13.273609610    1.381640896    1.381657877    1.274765884
   13.293628629    1.380875836    1.380892795    1.274324336
   13.313647648    1.380113056    1.380129994    1.273883580
   13.333666667    1.379352547    1.379369464    1.273443618
   13.353685686    1.378594299    1.378611195    1.273004446
   13.373704705    1.377838303    1.377855178    1.272566066
   13.393723724    1.377084548    1.377101403    1.272128476
   13.413742743    1.376333026    1.376349860    1.271691674
   13.433761762    1.375583728    1.375600540    1.271255661
   13.453780781    1.374836642    1.374853434    1.270820434
   13.473799800    1.374091762    1.374108532    1.270385994
   13.493818819    1.373349076    1.373365826    1.269952339
   13.513837838    1.372608577    1.372625306    1.269519469
   13.533856857    1.371870254    1.371886962    1.269087382
   13.553875876    1.371134099    1.371150786    1.268656078
   13.573894895    1.370400103    1.370416769    1.268225555
   13.593913914    1.369668257    1.369684902    1.267795813
   13.613932933    1.368938551    1.368955175    1.267366850
   13.633951952    1.368210977    1.368227580    1.266938667
   13.653970971    1.367485526    1.367502109    1.266511261
   13.673989990    1.366762190    1.366778751    1.266084632
   13.694009009    1.366040959    1.366057500    1.265658779
   13.714028028    1.365321825    1.365338345    1.265233701
   13.734047047    1.364604779    1.364621278    1.264809397
   13.754066066    1.363889813    1.363906291    1.264385867
   13.774085085    1.363176917    1.363193375    1.263963108
   13.794104104    1.362466085    1.362482521    1.263541120
   13.814123123    1.361757306    1.361773722    1.263119903
   13.834142142    1.361050574    1.361066969    1.262699454
   13.854161161    1.360345878    1.360362253    1.262279774
   13.874180180    1.359643212    1.359659566    1.261860861
   13.894199199    1.358942567    1.358958900    1.261442714
   13.914218218    1.358243935    1.358260247    1.261025332
   13.934237237    1.357547307    1.357563598    1.260608715
   13.954256256    1.356852675    1.356868946    1.260192861
   13.974275275    1.356160032    1.356176283    1.259777769
   13.994294294    1.355469369    1.355485599    1.259363438
   14.014313313    1.354780679    1.354796888    1.258949868
   14.034332332    1.354093953    1.354110141    1.258537056
   14.054351351    1.353409184    1.353425351    1.258125003
   14.074370370    1.352726363    1.352742510    1.257713707
   14.094389389    1.352045483    1.352061610    1.257303167
   14.114408408    1.351366536    1.351382643    1.256893383
   14.134427427    1.350689515    1.350705601    1.256484352
   14.154446446    1.350014412    1.350030477    1.256076074
   14.174465465    1.349341219    1.349357263    1.255668549
   14.194484484    1.348669928    1.348685952    1.255261775
   14.214503504    1.348000532    1.348016536    1.254855750
   14.234522523    1.347333024    1.347349007    1.254450475
   14.254541542    1.346667396    1.346683358    1.254045947
   14.274560561    1.346003640    1.346019582    1.253642166
   14.294579580    1.345341750    1.345357672    1.253239132
   14.314598599    1.344681717    1.344697619    1.252836842
   14.334617618    1.344023536    1.344039417    1.252435295
   14.354636637    1.343367197    1.343383058    1.252034492
   14.374655656    1.342712695    1.342728535    1.251634430
   14.394674675    1.342060022    1.342075841    1.251235108
   14.414693694    1.341409170    1.341424970    1.250836526
   14.434712713    1.340760133    1.340775912    1.250438683
   14.454731732    1.340112904    1.340128663    1.250041577
   14.474750751    1.339467475    1.339483214    1.249645207
   14.494769770    1.338823840    1.338839559    1.249249573
   14.514788789    1.338181992    1.338197690    1.248854673
   14.534807808    1.337541923    1.337557601    1.248460506
   14.554826827    1.336903627    1.336919285    1.248067071
   14.574845846    1.336267097    1.336282735    1.247674367
   14.594864865    1.335632327    1.335647944    1.247282393
   14.614883884    1.334999308    1.335014906    1.246891148
   14.634902903    1.334368036    1.334383613    1.246500631
   14.654921922    1.333738502    1.333754059    1.246110840
   14.674940941    1.333110701    1.333126238    1.245721775
   14.694959960    1.332484626    1.332500142    1.245333435
   14.714978979    1.331860269    1.331875766    1.244945818
   14.734997998    1.331237625    1.331253102    1.244558923
   14.755017017    1.330616687    1.330632144    1.244172750
   14.775036036    1.329997449    1.330012886    1.243787297
   14.795055055    1.329379904    1.329395321    1.243402563
   14.815074074    1.328764045    1.328779442    1.243018546
   14.835093093    1.328149867    1.328165244    1.242635247
   14.855112112    1.327537363    1.327552719    1.242252664
   14.875131131    1.326926526    1.326941863    1.241870795
   14.895150150    1.326317350    1.326332667    1.241489640
   14.915169169    1.325709830    1.325725127    1.241109198
   14.935188188    1.325103958    1.325119235    1.240729467
   14.955207207    1.324499729    1.324514986    1.240350446
   14.975226226    1.323897136    1.323912374    1.239972134
   14.995245245    1.323296174    1.323311392    1.239594531
   15.015264264    1.322696836    1.322712034    1.239217634
   15.035283283    1.322099116    1.322114294    1.238841444
   15.055302302    1.321503008    1.321518166    1.238465958
   15.075321321    1.320908506    1.320923645    1.238091176
   15.095340340    1.320315604    1.320330723    1.237717096
   15.115359359    1.319724297    1.319739396    1.237343718
   15.135378378    1.319134578    1.319149657    1.236971040
   15.155397397    1.318546441    1.318561501    1.236599062
   15.175416416    1.317959881    1.317974921    1.236227781
   15.195435435    1.317374891    1.317389912    1.235857198
   15.215454454    1.316791467    1.316806468    1.235487311
   15.235473473    1.316209601    1.316224583    1.235118118
   15.255492492    1.315629289    1.315644251    1.234749619
   15.275511512    1.315050525    1.315065467    1.234381812
   15.295530531    1.314473303    1.314488225    1.234014697
   15.315549550    1.313897617    1.313912520    1.233648272
   15.335568569    1.313323461    1.313338345    1.233282537
   15.355587588    1.312750831    1.312765696    1.232917489
   15.375606607    1.312179721    1.312194566    1.232553128
   15.395625626    1.311610125    1.311624950    1.232189453
   15.415644645    1.311042037    1.311056843    1.231826463
   15.435663664    1.310475452    1.310490238    1.231464157
   15.455682683    1.309910365    1.309925132    1.231102532
   15.475701702    1.309346770    1.309361517    1.230741589
   15.495720721    1.308784661    1.308799390    1.230381327
   15.515739740    1.308224034    1.308238743    1.230021743
   15.535758759    1.307664883    1.307679573    1.229662837
   15.555777778    1.307107203    1.307121874    1.229304608
   15.575796797    1.306550988    1.306565640    1.228947055
   15.595815816    1.305996234    1.306010866    1.228590176
   15.615834835    1.305442934    1.305457547    1.228233971
   15.635853854    1.304891084    1.304905678    1.227878438
   15.655872873    1.304340678    1.304355253    1.227523576
   15.675891892    1.303791712    1.303806267    1.227169384
   15.695910911    1.303244180    1.303258716    1.226815861
   15.715929930    1.302698077    1.302712594    1.226463006
   15.735948949    1.302153398    1.302167896    1.226110817
   15.755967968    1.301610137    1.301624616    1.225759294
   15.775986987    1.301068291    1.301082751    1.225408435
   15.796006006    1.300527853    1.300542294    1.225058239
   15.816025025    1.299988819    1.300003241    1.224708706
   15.836044044    1.299451184    1.299465587    1.224359834
   15.856063063    1.298914943    1.298929327    1.224011621
   15.876082082    1.298380091    1.298394456    1.223664067
   15.896101101    1.297846623    1.297860969    1.223317171
   15.916120120    1.297314534    1.297328861    1.222970931
   15.936139139    1.296783819    1.296798128    1.222625346
   15.956158158    1.296254474    1.296268764    1.222280415
   15.976177177    1.295726494    1.295740764    1.221936138
   15.996196196    1.295199873    1.295214125    1.221592512
   16.016215215    1.294674608    1.294688841    1.221249538
   16.036234234    1.294150692    1.294164907    1.220907213
   16.056253253    1.293628123    1.293642319    1.220565536
   16.076272272    1.293106895    1.293121071    1.220224507
   16.096291291    1.292587003    1.292601161    1.219884124
   16.116310310    1.292068442    1.292082581    1.219544386
   16.136329329    1.291551209    1.291565329    1.219205292
   16.156348348    1.291035298    1.291049400    1.218866841
   16.176367367    1.290520704    1.290534788    1.218529031
   16.196386386    1.290007424    1.290021489    1.218191862
   16.216405405    1.289495453    1.289509499    1.217855333
   16.236424424    1.288984786    1.288998814    1.217519442
   16.256443443    1.288475418    1.288489428    1.217184188
   16.276462462    1.287967346    1.287981337    1.216849570
   16.296481481    1.287460565    1.287474537    1.216515587
   16.316500501    1.286955070    1.286969023    1.216182238
   16.336519520    1.286450856    1.286464791    1.215849521
   16.356538539    1.285947920    1.285961837    1.215517436
   16.376557558    1.285446258    1.285460156    1.215185982
   16.396576577    1.284945864    1.284959744    1.214855157
   16.416595596    1.284446734    1.284460596    1.214524959
   16.436614615    1.283948864    1.283962708    1.214195389
   16.456633634    1.283452251    1.283466076    1.213866445
   16.476652653    1.282956888    1.282970695    1.213538125
   16.496671672    1.282462773    1.282476562    1.213210429
   16.516690691    1.281969901    1.281983672    1.212883356
   16.536709710    1.281478268    1.281492020    1.212556903
   16.556728729    1.280987870    1.281001603    1.212231072
   16.576747748    1.280498701    1.280512417    1.211905859
   16.596766767    1.280010759    1.280024457    1.211581264
   16.616785786    1.279524039    1.279537719    1.211257286
   16.636804805    1.279038537    1.279052198    1.210933924
   16.656823824    1.278554249    1.278567892    1.210611176
   16.676842843    1.278071171    1.278084796    1.210289042
   16.696861862    1.277589298    1.277602905    1.209967520
   16.716880881    1.277108627    1.277122216    1.209646610
   16.736899900    1.276629154    1.276642725    1.209326309
   16.756918919    1.276150874    1.276164427    1.209006618
   16.776937938    1.275673784    1.275687319    1.208687534
   16.796956957    1.275197879    1.275211396    1.208369057
   16.816975976    1.274723156    1.274736655    1.208051186
   16.836994995    1.274249611    1.274263092    1.207733920
   16.857014014    1.273777240    1.273790703    1.207417256
   16.877033033    1.273306038    1.273319483    1.207101195
   16.897052052    1.272836002    1.272849430    1.206785736
   16.917071071    1.272367129    1.272380539    1.206470876
   16.937090090    1.271899414    1.271912806    1.206156615
   16.957109109    1.271432853    1.271446227    1.205842952
   16.977128128    1.270967443    1.270980799    1.205529886
   16.997147147    1.270503179    1.270516518    1.205217415
   17.017166166    1.270040059    1.270053380    1.204905539
   17.037185185    1.269578077    1.269591381    1.204594256
   17.057204204    1.269117231    1.269130517    1.204283565
   17.077223223    1.268657517    1.268670785    1.203973466
   17.097242242    1.268198931    1.268212182    1.203663956
   17.117261261    1.267741469    1.267754702    1.203355036
   17.137280280    1.267285128    1.267298343    1.203046703
   17.157299299    1.266829904    1.266843102    1.202738957
   17.177318318    1.266375793    1.266388973    1.202431797
   17.197337337    1.265922791    1.265935954    1.202125221
   17.217356356    1.265470896    1.265484041    1.201819229
   17.237375375    1.265020103    1.265033230    1.201513818
   17.257394394    1.264570408    1.264583519    1.201208989
   17.277413413    1.264121809    1.264134902    1.200904740
   17.297432432    1.263674302    1.263687377    1.200601071
   17.317451451    1.263227882    1.263240940    1.200297979
   17.337470470    1.262782547    1.262795588    1.199995463
   17.357489489    1.262338293    1.262351317    1.199693524
   17.377508509    1.261895117    1.261908123    1.199392159
   17.397527528    1.261453015    1.261466004    1.199091367
   17.417546547    1.261011983    1.261024955    1.198791148
   17.437565566    1.260572018    1.260584973    1.198491501
   17.457584585    1.260133117    1.260146055    1.198192423
   17.477603604    1.259695277    1.259708197    1.197893915
   17.497622623    1.259258493    1.259271396    1.197595975
   17.517641642    1.258822762    1.258835648    1.197298601
   17.537660661    1.258388082    1.258400950    1.197001794
   17.557679680    1.257954448    1.257967299    1.196705551
   17.577698699    1.257521857    1.257534692    1.196409872
   17.597717718    1.257090306    1.257103124    1.196114756
   17.617736737    1.256659792    1.256672593    1.195820201
   17.637755756    1.256230312    1.256243095    1.195526206
   17.657774775    1.255801861    1.255814627    1.195232771
   17.677793794    1.255374437    1.255387186    1.194939894
   17.697812813    1.254948036    1.254960769    1.194647575
   17.717831832    1.254522656    1.254535371    1.194355811
   17.737850851    1.254098292    1.254110991    1.194064603
   17.757869870    1.253674942    1.253687624    1.193773948
   17.777888889    1.253252603    1.253265268    1.193483846
   17.797907908    1.252831271    1.252843919    1.193194296
   17.817926927    1.252410943    1.252423575    1.192905297
   17.837945946    1.251991616    1.252004231    1.192616848
   17.857964965    1.251573287    1.251585885    1.192328947
   17.877983984    1.251155952    1.251168533    1.192041594
   17.898003003    1.250739609    1.250752173    1.191754787
   17.918022022    1.250324254    1.250336802    1.191468525
   17.938041041    1.249909884    1.249922415    1.191182808
   17.958060060    1.249496496    1.249509011    1.190897634
   17.978079079    1.249084088    1.249096586    1.190613002
   17.998098098    1.248672655    1.248685136    1.190328912
   18.018117117    1.248262195    1.248274660    1.190045361
   18.038136136    1.247852705    1.247865153    1.189762350
   18.058155155    1.247444182    1.247456614    1.189479876
   18.078174174    1.247036622    1.247049038    1.189197939
   18.098193193    1.246630024    1.246642422    1.188916539
   18.118212212    1.246224383    1.246236765    1.188635672
   18.138231231    1.245819697    1.245832062    1.188355340
   18.158250250    1.245415962    1.245428312    1.188075540
   18.178269269    1.245013176    1.245025510    1.187796272
   18.198288288    1.244611337    1.244623654    1.187517535
   18.218307307    1.244210440    1.244222740    1.187239327
   18.238326326    1.243810483    1.243822767    1.186961648
   18.258345345    1.243411463    1.243423731    1.186684496
   18.278364364    1.243013378    1.243025629    1.186407870
   18.298383383    1.242616224    1.242628459    1.186131770
   18.318402402    1.242219998    1.242232217    1.185856194
   18.338421421    1.241824698    1.241836900    1.185581141
   18.358440440    1.241430320    1.241442507    1.185306611
   18.378459459    1.241036862    1.241049033    1.185032602
   18.398478478    1.240644321    1.240656476    1.184759112
   18.418497497    1.240252695    1.240264833    1.184486142
   18.438516517    1.239861980    1.239874102    1.184213691
   18.458535536    1.239472173    1.239484279    1.183941756
   18.478554555    1.239083272    1.239095362    1.183670337
   18.498573574    1.238695274    1.238707348    1.183399433
   18.518592593    1.238308176    1.238320234    1.183129043
   18.538611612    1.237921976    1.237934018    1.182859166
   18.558630631    1.237536671    1.237548697    1.182589801
   18.578649650    1.237152257    1.237164267    1.182320947
   18.598668669    1.236768733    1.236780727    1.182052603
   18.618687688    1.236386095    1.236398074    1.181784768
   18.638706707    1.236004342    1.236016304    1.181517440
   18.658725726    1.235623469    1.235635416    1.181250619
   18.678744745    1.235243475    1.235255406    1.180984304
   18.698763764    1.234864357    1.234876272    1.180718494
   18.718782783    1.234486111    1.234498011    1.180453188
   18.738801802    1.234108737    1.234120620    1.180188384
   18.758820821    1.233732230    1.233744098    1.179924082
   18.778839840    1.233356588    1.233368441    1.179660281
   18.798858859    1.232981810    1.232993646    1.179396979
   18.818877878    1.232607891    1.232619711    1.179134176
   18.838896897    1.232234829    1.232246634    1.178871871
   18.858915916    1.231862622    1.231874412    1.178610063
   18.878934935    1.231491268    1.231503042    1.178348750
   18.898953954    1.231120763    1.231132522    1.178087932
   18.918972973    1.230751106    1.230762848    1.177827608
   18.938991992    1.230382293    1.230394020    1.177567776
   18.959011011    1.230014322    1.230026033    1.177308437
   18.979030030    1.229647190    1.229658886    1.177049587
   18.999049049    1.229280896    1.229292577    1.176791228
   19.019068068    1.228915436    1.228927101    1.176533357
   19.039087087    1.228550808    1.228562458    1.176275974
   19.059106106    1.228187009    1.228198644    1.176019078
   19.079125125    1.227824038    1.227835657    1.175762668
   19.099144144    1.227461891    1.227473495    1.175506742
   19.119163163    1.227100566    1.227112155    1.175251300
   19.139182182    1.226740061    1.226751634    1.174996341
   19.159201201    1.226380373    1.226391931    1.174741864
   19.179220220    1.226021500    1.226033042    1.174487867
   19.199239239    1.225663439    1.225674966    1.174234351
   19.219258258    1.225306188    1.225317700    1.173981313
   19.239277277    1.224949745    1.224961242    1.173728753
   19.259296296    1.224594106    1.224605588    1.173476670
   19.279315315    1.224239271    1.224250738    1.173225064
   19.299334334    1.223885236    1.223896687    1.172973932
   19.319353353    1.223531999    1.223543435    1.172723274
   19.339372372    1.223179557    1.223190979    1.172473089
   19.359391391    1.222827909    1.222839315    1.172223376
   19.379410410    1.222477052    1.222488443    1.171974135
   19.399429429    1.222126983    1.222138360    1.171725363
   19.419448448    1.221777701    1.221789062    1.171477061
   19.439467467    1.221429203    1.221440549    1.171229227
   19.459486486    1.221081486    1.221092818    1.170981861
   19.479505506    1.220734549    1.220745865    1.170734960
   19.499524525    1.220388389    1.220399691    1.170488525
   19.519543544    1.220043004    1.220054290    1.170242555
   19.539562563    1.219698391    1.219709663    1.169997048
   19.559581582    1.219354549    1.219365806    1.169752003
   19.579600601    1.219011474    1.219022716    1.169507420
   19.599619620    1.218669166    1.218680393    1.169263298
   19.619638639    1.218327621    1.218338833    1.169019635
   19.639657658    1.217986837    1.217998035    1.168776431
   19.659676677    1.217646812    1.217657996    1.168533685
   19.679695696    1.217307545    1.217318713    1.168291396
   19.699714715    1.216969032    1.216980185    1.168049562
   19.719733734    1.216631271    1.216642410    1.167808184
   19.739752753    1.216294261    1.216305385    1.167567259
   19.759771772    1.215957999    1.215969109    1.167326788
   19.779790791    1.215622483    1.215633578    1.167086769
   19.799809810    1.215287711    1.215298791    1.166847201
   19.819828829    1.214953680    1.214964746    1.166608083
   19.839847848    1.214620389    1.214631440    1.166369415
   19.859866867    1.214287835    1.214298872    1.166131195
   19.879885886    1.213956016    1.213967039    1.165893423
   19.899904905    1.213624931    1.213635939    1.165656097
   19.919923924    1.213294577    1.213305570    1.165419217
   19.939942943    1.212964951    1.212975930    1.165182782
   19.959961962    1.212636052    1.212647017    1.164946790
   19.979980981    1.212307878    1.212318828    1.164711242
   20.000000000    1.211980427    1.211991363    1.164476135
