# energy grid [eV]  eels components [arbitrary units]
#
    0.000000000    0.000000000    0.000000000    0.000000000
    0.020020020    0.000005098    0.000005098    0.000002205
    0.040040040    0.000010196    0.000010196    0.000004409
    0.060060060    0.000015295    0.000015294    0.000006614
    0.080080080    0.000020395    0.000020395    0.000008820
    0.100100100    0.000025497    0.000025497    0.000011025
    0.120120120    0.000030602    0.000030601    0.000013232
    0.140140140    0.000035709    0.000035708    0.000015439
    0.160160160    0.000040819    0.000040818    0.000017647
    0.180180180    0.000045933    0.000045932    0.000019855
    0.200200200    0.000051051    0.000051050    0.000022065
    0.220220220    0.000056173    0.000056172    0.000024276
    0.240240240    0.000061301    0.000061299    0.000026489
    0.260260260    0.000066434    0.000066432    0.000028703
    0.280280280    0.000071573    0.000071570    0.000030918
    0.300300300    0.000076718    0.000076715    0.000033135
    0.320320320    0.000081870    0.000081867    0.000035354
    0.340340340    0.000087029    0.000087026    0.000037574
    0.360360360    0.000092196    0.000092193    0.000039797
    0.380380380    0.000097371    0.000097368    0.000042022
    0.400400400    0.000102555    0.000102552    0.000044249
    0.420420420    0.000107748    0.000107744    0.000046478
    0.440440440    0.000112950    0.000112947    0.000048710
    0.460460460    0.000118163    0.000118160    0.000050945
    0.480480480    0.000123386    0.000123383    0.000053182
    0.500500501    0.000128621    0.000128617    0.000055423
    0.520520521    0.000133867    0.000133863    0.000057666
    0.540540541    0.000139125    0.000139121    0.000059912
    0.560560561    0.000144396    0.000144392    0.000062162
    0.580580581    0.000149680    0.000149675    0.000064415
    0.600600601    0.000154977    0.000154972    0.000066672
    0.620620621    0.000160288    0.000160284    0.000068932
    0.640640641    0.000165614    0.000165609    0.000071196
    0.660660661    0.000170956    0.000170950    0.000073464
    0.680680681    0.000176312    0.000176307    0.000075736
    0.700700701    0.000181685    0.000181680    0.000078013
    0.720720721    0.000187075    0.000187069    0.000080294
    0.740740741    0.000192482    0.000192476    0.000082579
    0.760760761    0.000197907    0.000197901    0.000084869
    0.780780781    0.000203350    0.000203344    0.000087163
    0.800800801    0.000208812    0.000208805    0.000089463
    0.820820821    0.000214293    0.000214286    0.000091767
    0.840840841    0.000219794    0.000219788    0.000094077
    0.860860861    0.000225316    0.000225309    0.000096392
    0.880880881    0.000230859    0.000230852    0.000098713
    0.900900901    0.000236424    0.000236417    0.000101039
    0.920920921    0.000242011    0.000242004    0.000103371
    0.940940941    0.000247622    0.000247614    0.000105709
    0.960960961    0.000253255    0.000253248    0.000108053
    0.980980981    0.000258913    0.000258905    0.000110404
    1.001001001    0.000264596    0.000264588    0.000112761
    1.021021021    0.000270304    0.000270296    0.000115124
    1.041041041    0.000276038    0.000276030    0.000117495
    1.061061061    0.000281799    0.000281791    0.000119872
    1.081081081    0.000287587    0.000287579    0.000122256
    1.101101101    0.000293404    0.000293395    0.000124648
    1.121121121    0.000299249    0.000299240    0.000127047
    1.141141141    0.000305123    0.000305114    0.000129454
    1.161161161    0.000311028    0.000311019    0.000131868
    1.181181181    0.000316963    0.000316954    0.000134291
    1.201201201    0.000322930    0.000322921    0.000136722
    1.221221221    0.000328930    0.000328920    0.000139161
    1.241241241    0.000334962    0.000334952    0.000141608
    1.261261261    0.000341028    0.000341018    0.000144065
    1.281281281    0.000347128    0.000347118    0.000146530
    1.301301301    0.000353264    0.000353254    0.000149005
    1.321321321    0.000359436    0.000359425    0.000151489
    1.341341341    0.000365645    0.000365634    0.000153982
    1.361361361    0.000371892    0.000371881    0.000156486
    1.381381381    0.000378177    0.000378166    0.000158999
    1.401401401    0.000384502    0.000384490    0.000161523
    1.421421421    0.000390866    0.000390855    0.000164057
    1.441441441    0.000397272    0.000397260    0.000166601
    1.461461461    0.000403720    0.000403708    0.000169157
    1.481481481    0.000410212    0.000410199    0.000171724
    1.501501502    0.000416746    0.000416734    0.000174302
    1.521521522    0.000423326    0.000423313    0.000176892
    1.541541542    0.000429952    0.000429939    0.000179493
    1.561561562    0.000436624    0.000436611    0.000182107
    1.581581582    0.000443344    0.000443331    0.000184733
    1.601601602    0.000450113    0.000450099    0.000187372
    1.621621622    0.000456932    0.000456918    0.000190024
    1.641641642    0.000463801    0.000463787    0.000192689
    1.661661662    0.000470723    0.000470709    0.000195368
    1.681681682    0.000477697    0.000477683    0.000198060
    1.701701702    0.000484726    0.000484712    0.000200766
    1.721721722    0.000491810    0.000491796    0.000203487
    1.741741742    0.000498951    0.000498936    0.000206223
    1.761761762    0.000506150    0.000506134    0.000208973
    1.781781782    0.000513407    0.000513392    0.000211739
    1.801801802    0.000520725    0.000520709    0.000214521
    1.821821822    0.000528104    0.000528088    0.000217319
    1.841841842    0.000535546    0.000535530    0.000220132
    1.861861862    0.000543052    0.000543035    0.000222963
    1.881881882    0.000550623    0.000550607    0.000225811
    1.901901902    0.000558262    0.000558245    0.000228676
    1.921921922    0.000565969    0.000565951    0.000231559
    1.941941942    0.000573745    0.000573728    0.000234460
    1.961961962    0.000581593    0.000581575    0.000237380
    1.981981982    0.000589514    0.000589496    0.000240319
    2.002002002    0.000597509    0.000597491    0.000243278
    2.022022022    0.000605580    0.000605561    0.000246256
    2.042042042    0.000613729    0.000613710    0.000249254
    2.062062062    0.000621957    0.000621938    0.000252274
    2.082082082    0.000630266    0.000630247    0.000255314
    2.102102102    0.000638658    0.000638638    0.000258377
    2.122122122    0.000647134    0.000647115    0.000261461
    2.142142142    0.000655697    0.000655678    0.000264569
    2.162162162    0.000664349    0.000664329    0.000267699
    2.182182182    0.000673091    0.000673070    0.000270854
    2.202202202    0.000681925    0.000681905    0.000274032
    2.222222222    0.000690854    0.000690833    0.000277236
    2.242242242    0.000699879    0.000699858    0.000280465
    2.262262262    0.000709004    0.000708982    0.000283720
    2.282282282    0.000718229    0.000718207    0.000287002
    2.302302302    0.000727557    0.000727535    0.000290312
    2.322322322    0.000736991    0.000736969    0.000293649
    2.342342342    0.000746533    0.000746511    0.000297015
    2.362362362    0.000756186    0.000756163    0.000300411
    2.382382382    0.000765952    0.000765929    0.000303836
    2.402402402    0.000775834    0.000775810    0.000307293
    2.422422422    0.000785834    0.000785810    0.000310781
    2.442442442    0.000795956    0.000795931    0.000314301
    2.462462462    0.000806201    0.000806177    0.000317855
    2.482482482    0.000816574    0.000816549    0.000321443
    2.502502503    0.000827077    0.000827052    0.000325065
    2.522522523    0.000837713    0.000837688    0.000328724
    2.542542543    0.000848486    0.000848461    0.000332419
    2.562562563    0.000859399    0.000859373    0.000336153
    2.582582583    0.000870456    0.000870429    0.000339925
    2.602602603    0.000881659    0.000881632    0.000343736
    2.622622623    0.000893013    0.000892986    0.000347589
    2.642642643    0.000904522    0.000904494    0.000351484
    2.662662663    0.000916188    0.000916160    0.000355421
    2.682682683    0.000928018    0.000927989    0.000359403
    2.702702703    0.000940013    0.000939985    0.000363431
    2.722722723    0.000952180    0.000952151    0.000367506
    2.742742743    0.000964522    0.000964493    0.000371628
    2.762762763    0.000977044    0.000977015    0.000375801
    2.782782783    0.000989752    0.000989721    0.000380024
    2.802802803    0.001002648    0.001002618    0.000384300
    2.822822823    0.001015740    0.001015709    0.000388630
    2.842842843    0.001029032    0.001029001    0.000393015
    2.862862863    0.001042530    0.001042498    0.000397458
    2.882882883    0.001056239    0.001056207    0.000401961
    2.902902903    0.001070166    0.001070134    0.000406524
    2.922922923    0.001084317    0.001084284    0.000411150
    2.942942943    0.001098697    0.001098664    0.000415841
    2.962962963    0.001113314    0.001113280    0.000420598
    2.982982983    0.001128175    0.001128141    0.000425425
    3.003003003    0.001143287    0.001143252    0.000430324
    3.023023023    0.001158657    0.001158621    0.000435296
    3.043043043    0.001174293    0.001174257    0.000440344
    3.063063063    0.001190203    0.001190167    0.000445471
    3.083083083    0.001206396    0.001206359    0.000450679
    3.103103103    0.001222880    0.001222843    0.000455972
    3.123123123    0.001239665    0.001239627    0.000461352
    3.143143143    0.001256760    0.001256722    0.000466822
    3.163163163    0.001274175    0.001274137    0.000472386
    3.183183183    0.001291922    0.001291882    0.000478048
    3.203203203    0.001310009    0.001309970    0.000483809
    3.223223223    0.001328451    0.001328410    0.000489676
    3.243243243    0.001347257    0.001347216    0.000495650
    3.263263263    0.001366441    0.001366399    0.000501737
    3.283283283    0.001386016    0.001385974    0.000507942
    3.303303303    0.001405995    0.001405953    0.000514268
    3.323323323    0.001426394    0.001426351    0.000520720
    3.343343343    0.001447228    0.001447184    0.000527304
    3.363363363    0.001468512    0.001468467    0.000534025
    3.383383383    0.001490263    0.001490218    0.000540890
    3.403403403    0.001512500    0.001512455    0.000547903
    3.423423423    0.001535241    0.001535195    0.000555072
    3.443443443    0.001558506    0.001558459    0.000562403
    3.463463463    0.001582316    0.001582268    0.000569903
    3.483483483    0.001606693    0.001606645    0.000577581
    3.503503504    0.001631660    0.001631611    0.000585444
    3.523523524    0.001657242    0.001657193    0.000593502
    3.543543544    0.001683467    0.001683416    0.000601763
    3.563563564    0.001710360    0.001710309    0.000610237
    3.583583584    0.001737953    0.001737902    0.000618936
    3.603603604    0.001766277    0.001766225    0.000627869
    3.623623624    0.001795366    0.001795313    0.000637049
    3.643643644    0.001825256    0.001825202    0.000646490
    3.663663664    0.001855985    0.001855931    0.000656204
    3.683683684    0.001887595    0.001887540    0.000666207
    3.703703704    0.001920130    0.001920073    0.000676515
    3.723723724    0.001953637    0.001953579    0.000687144
    3.743743744    0.001988167    0.001988109    0.000698113
    3.763763764    0.002023776    0.002023717    0.000709443
    3.783783784    0.002060523    0.002060462    0.000721153
    3.803803804    0.002098471    0.002098410    0.000733269
    3.823823824    0.002137691    0.002137629    0.000745814
    3.843843844    0.002178259    0.002178195    0.000758817
    3.863863864    0.002220255    0.002220191    0.000772307
    3.883883884    0.002263771    0.002263705    0.000786316
    3.903903904    0.002308903    0.002308837    0.000800879
    3.923923924    0.002355760    0.002355692    0.000816037
    3.943943944    0.002404459    0.002404390    0.000831829
    3.963963964    0.002455130    0.002455060    0.000848304
    3.983983984    0.002507917    0.002507846    0.000865513
    4.004004004    0.002562980    0.002562908    0.000883511
    4.024024024    0.002620496    0.002620423    0.000902361
    4.044044044    0.002680663    0.002680588    0.000922132
    4.064064064    0.002743702    0.002743626    0.000942902
    4.084084084    0.002809864    0.002809786    0.000964755
    4.104104104    0.002879430    0.002879351    0.000987788
    4.124124124    0.002952721    0.002952640    0.001012108
    4.144144144    0.003030101    0.003030018    0.001037836
    4.164164164    0.003111990    0.003111906    0.001065107
    4.184184184    0.003198871    0.003198785    0.001094077
    4.204204204    0.003291304    0.003291216    0.001124921
    4.224224224    0.003389943    0.003389853    0.001157841
    4.244244244    0.003495559    0.003495466    0.001193066
    4.264264264    0.003609063    0.003608968    0.001230861
    4.284284284    0.003731546    0.003731449    0.001271535
    4.304304304    0.003864323    0.003864223    0.001315447
    4.324324324    0.004008996    0.004008893    0.001363014
    4.344344344    0.004167538    0.004167432    0.001414734
    4.364364364    0.004342411    0.004342301    0.001471192
    4.384384384    0.004536724    0.004536610    0.001533090
    4.404404404    0.004754466    0.004754349    0.001601276
    4.424424424    0.005000845    0.005000722    0.001676775
    4.444444444    0.005282781    0.005282653    0.001760850
    4.464464464    0.005609681    0.005609546    0.001855062
    4.484484484    0.005994644    0.005994500    0.001961371
    4.504504505    0.006456441    0.006456286    0.002082262
    4.524524525    0.007022878    0.007022709    0.002220936
    4.544544545    0.007736790    0.007736603    0.002381580
    4.564564565    0.008667336    0.008667122    0.002569769
    4.584584585    0.009932711    0.009932457    0.002793075
    4.604604605    0.011749651    0.011749332    0.003062034
    4.624624625    0.014552361    0.014551928    0.003391708
    4.644644645    0.019313875    0.019313219    0.003804325
    4.664664665    0.028532515    0.028531354    0.004333986
    4.684684685    0.049349562    0.049347095    0.005035467
    4.704704705    0.093721280    0.093716164    0.006001022
    4.724724725    0.111260902    0.111259159    0.007397818
    4.744744745    0.103485571    0.103487901    0.009561925
    4.764764765    0.073594285    0.073590939    0.013238142
    4.784784785    0.048776083    0.048775485    0.020330446
    4.804804805    0.047047742    0.047050301    0.036283260
    4.824824825    0.066037251    0.066044047    0.070527854
    4.844844845    0.077504792    0.077507103    0.080033322
    4.864864865    0.059855221    0.059856824    0.063275761
    4.884884885    0.066762388    0.066768044    0.082946222
    4.904904905    0.080339366    0.080343851    0.095926994
    4.924924925    0.055776567    0.055776750    0.057061239
    4.944944945    0.041857806    0.041856941    0.038721741
    4.964964965    0.041002013    0.040999956    0.038641458
    4.984984985    0.049580875    0.049576523    0.055915147
    5.005005005    0.071072558    0.071064586    0.098953084
    5.025025025    0.104331316    0.104322051    0.131428704
    5.045045045    0.161825286    0.161808241    0.125291815
    5.065065065    0.286588187    0.286559003    0.066876030
    5.085085085    0.361812574    0.361821339    0.035275682
    5.105105105    0.205360446    0.205375961    0.022031344
    5.125125125    0.121795653    0.121799161    0.015831913
    5.145145145    0.102938936    0.102935335    0.012754876
    5.165165165    0.128708419    0.128695143    0.011482247
    5.185185185    0.224749912    0.224718349    0.010442608
    5.205205205    0.315715978    0.315714394    0.009197975
    5.225225225    0.190113576    0.190130944    0.008712772
    5.245245245    0.108425607    0.108431128    0.008848728
    5.265265265    0.087595469    0.087594184    0.009719323
    5.285285285    0.101193327    0.101197475    0.010964165
    5.305305305    0.108139244    0.108153570    0.010877729
    5.325325325    0.072182345    0.072182862    0.011338488
    5.345345345    0.046922062    0.046921938    0.012730940
    5.365365365    0.036621867    0.036621683    0.015071706
    5.385385385    0.032569400    0.032569032    0.018780812
    5.405405405    0.031678317    0.031677742    0.024888540
    5.425425425    0.033203854    0.033203077    0.035863948
    5.445445445    0.037783554    0.037782630    0.058254399
    5.465465465    0.047424599    0.047423600    0.106057813
    5.485485485    0.060082011    0.060078468    0.169017820
    5.505505506    0.074977674    0.074972305    0.241973335
    5.525525526    0.101400397    0.101385200    0.289116046
    5.545545546    0.176190694    0.176148394    0.174095327
    5.565565566    0.302394093    0.302369812    0.100689529
    5.585585586    0.241719885    0.241765160    0.084300371
    5.605605606    0.166339548    0.166342185    0.107035114
    5.625625626    0.170839625    0.170817453    0.152423776
    5.645645646    0.183113284    0.183113924    0.210434166
    5.665665666    0.216883962    0.216872752    0.182087561
    5.685685686    0.282243234    0.282227811    0.102362638
    5.705705706    0.398522895    0.398465342    0.059997290
    5.725725726    0.560416056    0.560434450    0.039795819
    5.745745746    0.348174384    0.348255940    0.031659915
    5.765765766    0.184157034    0.184189847    0.030125628
    5.785785786    0.121561762    0.121572635    0.034847236
    5.805805806    0.101066031    0.101065533    0.050821613
    5.825825826    0.103878540    0.103869662    0.088983633
    5.845845846    0.124211470    0.124193469    0.135456874
    5.865865866    0.189578933    0.189529401    0.101989673
    5.885885886    0.300720221    0.300691988    0.060416421
    5.905905906    0.231097297    0.231149431    0.052085471
    5.925925926    0.145431280    0.145453792    0.071282760
    5.945945946    0.119135351    0.119142125    0.121293998
    5.965965966    0.118554860    0.118552382    0.104753247
    5.985985986    0.139012200    0.139002025    0.052944377
    6.006006006    0.189781467    0.189758964    0.030026179
    6.026026026    0.304565983    0.304514780    0.020240382
    6.046046046    0.587325349    0.587198483    0.015505293
    6.066066066    1.143304675    1.143141072    0.013075806
    6.086086086    1.027653192    1.027781971    0.011971618
    6.106106106    0.573000504    0.573104746    0.011953790
    6.126126126    0.384171277    0.384193527    0.013363961
    6.146146146    0.395485473    0.395454604    0.015690558
    6.166166166    0.570492597    0.570449305    0.016316273
    6.186186186    0.484051790    0.484115249    0.019497641
    6.206206206    0.283358216    0.283386084    0.028585043
    6.226226226    0.214726073    0.214721742    0.051447135
    6.246246246    0.232289825    0.232251412    0.087934418
    6.266266266    0.316622196    0.316582409    0.076039835
    6.286286286    0.295907270    0.295937679    0.073922739
    6.306306306    0.245965178    0.245962542    0.103461953
    6.326326326    0.296882287    0.296840215    0.075230125
    6.346346346    0.387140747    0.387113328    0.039325926
    6.366366366    0.433532301    0.433487301    0.024665085
    6.386386386    0.701114793    0.700972797    0.018949730
    6.406406406    1.138730684    1.138699308    0.017278145
    6.426426426    0.783049331    0.783228507    0.018492580
    6.446446446    0.410815697    0.410890323    0.023555227
    6.466466466    0.271954952    0.271976798    0.036892774
    6.486486486    0.237235381    0.237229484    0.066814570
    6.506506507    0.264599199    0.264565157    0.085189985
    6.526526527    0.338724269    0.338664539    0.078791789
    6.546546547    0.331245877    0.331226520    0.098950514
    6.566566567    0.357097526    0.357088885    0.075068441
    6.586586587    0.378056736    0.378088906    0.046212062
    6.606606607    0.395151491    0.395157545    0.030863282
    6.626626627    0.564457182    0.564433752    0.026070777
    6.646646647    0.984282475    0.984187016    0.032331341
    6.666666667    1.306677372    1.306479027    0.046947569
    6.686686687    1.691981966    1.691899273    0.035788025
    6.706706707    1.820270892    1.820223667    0.022267711
    6.726726727    1.718871962    1.719188723    0.018187083
    6.746746747    1.238383949    1.238425718    0.019654407
    6.766766767    0.726824385    0.726824217    0.027938269
    6.786786787    0.567959240    0.567961398    0.051377795
    6.806806807    0.638724363    0.638709358    0.081129935
    6.826826827    0.955814312    0.955809888    0.053589486
    6.846846847    1.079424968    1.079515343    0.031375995
    6.866866867    1.141913833    1.141840492    0.022546533
    6.886886887    1.909793951    1.909471329    0.014888301
    6.906906907    2.545945089    2.545664959    0.011087263
    6.926926927    1.420098677    1.420019948    0.009570136
    6.946946947    0.715300367    0.715261924    0.009367518
    6.966966967    0.434097385    0.434077139    0.010478940
    6.986986987    0.318463662    0.318457525    0.013948708
    7.007007007    0.290639360    0.290652247    0.023247833
    7.027027027    0.337303794    0.337333896    0.039776475
    7.047047047    0.327020172    0.327033828    0.032024024
    7.067067067    0.274539375    0.274572284    0.018649871
    7.087087087    0.261957329    0.262000674    0.014140539
    7.107107107    0.237470433    0.237464289    0.014352867
    7.127127127    0.203721841    0.203701202    0.019095261
    7.147147147    0.221549722    0.221515096    0.032713813
    7.167167167    0.296001762    0.295940007    0.056169979
    7.187187187    0.432581442    0.432514795    0.048143657
    7.207207207    0.542183209    0.542113484    0.030693799
    7.227227227    0.822968846    0.822873358    0.020452004
    7.247247247    0.806727853    0.806791930    0.016092660
    7.267267267    0.466905140    0.466937625    0.017265579
    7.287287287    0.322912295    0.322919278    0.025542073
    7.307307307    0.299177957    0.299173691    0.047451802
    7.327327327    0.337516325    0.337505962    0.056801572
    7.347347347    0.378731663    0.378724390    0.032939938
    7.367367367    0.481377885    0.481354797    0.017468653
    7.387387387    0.739296057    0.739252137    0.010889022
    7.407407407    1.366188097    1.366104234    0.007846356
    7.427427427    2.836324045    2.836057013    0.006237244
    7.447447447    3.840106948    3.839877034    0.005301243
    7.467467467    2.563286049    2.563101954    0.004728356
    7.487487487    1.282570722    1.282400584    0.004381276
    7.507507508    0.766372611    0.766316396    0.004205913
    7.527527528    0.628865322    0.628879304    0.004213613
    7.547547548    0.588757170    0.588687006    0.004468791
    7.567567568    0.491196996    0.491100427    0.005021948
    7.587587588    0.584575602    0.584448888    0.006339079
    7.607607608    0.767321227    0.767175535    0.006300970
    7.627627628    0.508309844    0.508266633    0.005059975
    7.647647648    0.294303975    0.294282919    0.004668170
    7.667667668    0.207879400    0.207869813    0.004800963
    7.687687688    0.175904444    0.175908737    0.005340739
    7.707707708    0.176424133    0.176454727    0.006464171
    7.727727728    0.196305479    0.196348407    0.008787983
    7.747747748    0.211160831    0.211166868    0.014157133
    7.767767768    0.280577231    0.280543358    0.027287017
    7.787787788    0.453851141    0.453787599    0.039225522
    7.807807808    0.528590530    0.528622328    0.023919358
    7.827827828    0.515996603    0.515973609    0.013985050
    7.847847848    0.754805691    0.754702088    0.010409645
    7.867867868    0.947005357    0.947033665    0.009351834
    7.887887888    0.778582262    0.778548241    0.011268867
    7.907907908    0.970505822    0.970277753    0.012351095
    7.927927928    0.940616021    0.940556575    0.008841260
    7.947947948    0.584415539    0.584435975    0.007168303
    7.967967968    0.388830369    0.388795325    0.007085514
    7.987987988    0.252063116    0.252034586    0.007912483
    8.008008008    0.193586509    0.193574407    0.010133529
    8.028028028    0.179808503    0.179802130    0.011079868
    8.048048048    0.179214475    0.179208440    0.011255394
    8.068068068    0.208745409    0.208756942    0.014393746
    8.088088088    0.284972727    0.284991432    0.022850972
    8.108108108    0.362050245    0.362011114    0.043427767
    8.128128128    0.528933973    0.528847736    0.070175171
    8.148148148    0.889128907    0.888979090    0.071493167
    8.168168168    1.602114997    1.601925992    0.041240432
    8.188188188    1.389462552    1.389394181    0.021451404
    8.208208208    0.675991175    0.675965170    0.013270191
    8.228228228    0.372424239    0.372413666    0.009526996
    8.248248248    0.266107019    0.266114550    0.007604301
    8.268268268    0.237127405    0.237122278    0.006559156
    8.288288288    0.175207701    0.175178047    0.006016463
    8.308308308    0.130365412    0.130347608    0.005838152
    8.328328328    0.113454319    0.113440940    0.006029695
    8.348348348    0.114278429    0.114264152    0.006783010
    8.368368368    0.135451949    0.135430723    0.008745917
    8.388388388    0.197991681    0.197949288    0.013796987
    8.408408408    0.342497091    0.342429764    0.021671740
    8.428428428    0.446293114    0.446332722    0.018543726
    8.448448448    0.408308973    0.408312221    0.011797476
    8.468468468    0.267237228    0.267223462    0.008327146
    8.488488488    0.212199325    0.212191907    0.007161965
    8.508508509    0.185150259    0.185126149    0.007256127
    8.528528529    0.206696086    0.206663392    0.008697840
    8.548548549    0.317014905    0.316954058    0.012361712
    8.568568569    0.576571381    0.576463966    0.014794011
    8.588588589    0.729861809    0.729845062    0.012997291
    8.608608609    0.471272122    0.471295096    0.014972366
    8.628628629    0.358009013    0.357997495    0.024664891
    8.648648649    0.427161746    0.427135461    0.039217424
    8.668668669    0.349551901    0.349504032    0.027125506
    8.688688689    0.199067487    0.199045001    0.014679927
    8.708708709    0.141425454    0.141413746    0.009698169
    8.728728729    0.106155952    0.106138820    0.007598031
    8.748748749    0.082563770    0.082556022    0.006419202
    8.768768769    0.077725341    0.077730116    0.005785998
    8.788788789    0.091667060    0.091689539    0.005479476
    8.808808809    0.100849903    0.100821581    0.005369724
    8.828828829    0.080984182    0.080935363    0.005410048
    8.848848849    0.078375594    0.078311876    0.005602845
    8.868868869    0.094450177    0.094336170    0.006001698
    8.888888889    0.109328300    0.109207344    0.006756231
    8.908908909    0.128448910    0.128365846    0.008265376
    8.928928929    0.169620973    0.169539500    0.011597915
    8.948948949    0.282529055    0.282416879    0.017902253
    8.968968969    0.412266287    0.412142311    0.025629571
    8.988988989    0.540365202    0.540180177    0.028046911
    9.009009009    0.535234263    0.535143141    0.019793018
    9.029029029    0.357896104    0.357933198    0.014453948
    9.049049049    0.288139294    0.288305184    0.010108879
    9.069069069    0.314042224    0.314111369    0.007982646
    9.089089089    0.243261960    0.243167452    0.007064541
    9.109109109    0.143751433    0.143699824    0.006676777
    9.129129129    0.103589873    0.103571152    0.006588199
    9.149149149    0.081296971    0.081285235    0.006637105
    9.169169169    0.070925768    0.070919072    0.006606467
    9.189189189    0.073023402    0.073021099    0.006696332
    9.209209209    0.090235829    0.090240690    0.006953599
    9.229229229    0.136920062    0.136937539    0.007455714
    9.249249249    0.223662376    0.223649998    0.008373991
    9.269269269    0.329235342    0.329188961    0.008840180
    9.289289289    0.250591724    0.250560793    0.008598639
    9.309309309    0.164807610    0.164799976    0.008860853
    9.329329329    0.161854002    0.161858473    0.009570701
    9.349349349    0.181330951    0.181332078    0.010487553
    9.369369369    0.237208454    0.237215671    0.011986614
    9.389389389    0.247471504    0.247423258    0.014874020
    9.409409409    0.284861315    0.284793377    0.020853812
    9.429429429    0.395456784    0.395381219    0.024682775
    9.449449449    0.282818504    0.282805775    0.022678092
    9.469469469    0.174627606    0.174616221    0.023078405
    9.489489489    0.142416856    0.142395955    0.024385962
    9.509509510    0.166456658    0.166425936    0.030960774
    9.529529530    0.184941396    0.184928367    0.044928248
    9.549549550    0.165853977    0.165848954    0.061730874
    9.569569570    0.215458528    0.215461125    0.093683394
    9.589589590    0.290767992    0.290785165    0.089640286
    9.609609610    0.316650461    0.316638514    0.080403380
    9.629629630    0.255898949    0.255892521    0.106039623
    9.649649650    0.150876796    0.150859244    0.133329828
    9.669669670    0.093987519    0.093977321    0.159805363
    9.689689690    0.071081160    0.071076553    0.133240022
    9.709709710    0.065597430    0.065596242    0.122716695
    9.729729730    0.073566733    0.073569919    0.122627756
    9.749749750    0.101135328    0.101147158    0.183942990
    9.769769770    0.164361452    0.164392146    0.255238155
    9.789789790    0.283565060    0.283603378    0.165730958
    9.809809810    0.294463963    0.294392145    0.101756476
    9.829829830    0.222719893    0.222639476    0.084892848
    9.849849850    0.248759949    0.248677426    0.095936914
    9.869869870    0.190502257    0.190472927    0.132489406
    9.889889890    0.106242541    0.106227511    0.195683112
    9.909909910    0.068746543    0.068735703    0.317693985
    9.929929930    0.055828427    0.055819254    0.291693206
    9.949949950    0.059689747    0.059678484    0.269625110
    9.969969970    0.078544241    0.078532125    0.315088595
    9.989989990    0.070183861    0.070183748    0.201091747
   10.010010010    0.059987084    0.059991956    0.123100522
   10.030030030    0.072275123    0.072279694    0.099863876
   10.050050050    0.064186662    0.064171582    0.107226185
   10.070070070    0.046872627    0.046862815    0.146048691
   10.090090090    0.044065113    0.044058577    0.216053719
   10.110110110    0.051370990    0.051364738    0.369569867
   10.130130130    0.076614864    0.076605901    0.393622047
   10.150150150    0.139830606    0.139814634    0.274177648
   10.170170170    0.189424187    0.189405950    0.237167528
   10.190190190    0.123633274    0.123619301    0.241501244
   10.210210210    0.073698854    0.073687770    0.329383437
   10.230230230    0.053151060    0.053142932    0.258126614
   10.250250250    0.052562181    0.052552774    0.152912362
   10.270270270    0.066440613    0.066426536    0.107983094
   10.290290290    0.080822624    0.080810399    0.091190893
   10.310310310    0.060140757    0.060134468    0.077279772
   10.330330330    0.043760670    0.043757676    0.075396758
   10.350350350    0.043399860    0.043399961    0.085349920
   10.370370370    0.056280601    0.056282535    0.111270077
   10.390390390    0.063275834    0.063264631    0.158165385
   10.410410410    0.064382279    0.064372130    0.247011330
   10.430430430    0.081369076    0.081353010    0.410126991
   10.450450450    0.106764881    0.106739352    0.519837008
   10.470470470    0.154889128    0.154879194    0.672296096
   10.490490490    0.195651033    0.195667024    0.598583450
   10.510510511    0.206227221    0.206185508    0.358111820
   10.530530531    0.172239502    0.172208658    0.257123752
   10.550550551    0.132128982    0.132112076    0.230536643
   10.570570571    0.110436840    0.110406814    0.259631294
   10.590590591    0.070292926    0.070269143    0.346105530
   10.610610611    0.048687329    0.048675378    0.548506201
   10.630630631    0.042224395    0.042216778    0.478766840
   10.650650651    0.045755889    0.045748151    0.265466508
   10.670670671    0.063214914    0.063203411    0.167774954
   10.690690691    0.087824565    0.087819268    0.134253746
   10.710710711    0.092979296    0.092983032    0.132471069
   10.730730731    0.097266361    0.097270549    0.156242089
   10.750750751    0.119971010    0.119987462    0.208758283
   10.770770771    0.124088744    0.124100111    0.338563266
   10.790790791    0.129182359    0.129206323    0.605140286
   10.810810811    0.189763952    0.189788755    0.797792718
   10.830830831    0.201995000    0.201969937    0.814835380
   10.850850851    0.127805376    0.127773769    0.665867789
   10.870870871    0.092289273    0.092271979    0.413530111
   10.890890891    0.096787310    0.096777266    0.336399245
   10.910910911    0.096908081    0.096906693    0.337425893
   10.930930931    0.081679571    0.081662805    0.391817833
   10.950950951    0.064573534    0.064559964    0.511383379
   10.970970971    0.062589307    0.062589920    0.416924011
   10.990990991    0.067984150    0.067974038    0.250197760
   11.011011011    0.050044914    0.050033159    0.165488318
   11.031031031    0.040314017    0.040308057    0.140961898
   11.051051051    0.039460462    0.039458669    0.147437171
   11.071071071    0.041534371    0.041531307    0.155690439
   11.091091091    0.036849494    0.036844020    0.184494642
   11.111111111    0.037141103    0.037137945    0.243723453
   11.131131131    0.033722748    0.033721581    0.347842913
   11.151151151    0.032740269    0.032741665    0.404937767
   11.171171171    0.043428265    0.043433811    0.362087935
   11.191191191    0.061182575    0.061176374    0.291439845
   11.211211211    0.056771467    0.056756551    0.253422956
   11.231231231    0.053229202    0.053224631    0.240598304
   11.251251251    0.075127168    0.075131584    0.244370502
   11.271271271    0.122989395    0.122983975    0.223375575
   11.291291291    0.102216368    0.102183702    0.215842349
   11.311311311    0.060730685    0.060716900    0.262075639
   11.331331331    0.046662300    0.046662091    0.336950020
   11.351351351    0.048707805    0.048715730    0.397764597
   11.371371371    0.060343298    0.060357069    0.550653708
   11.391391391    0.091890277    0.091911746    0.779547252
   11.411411411    0.113085119    0.113096135    1.013592439
   11.431431431    0.112803854    0.112870327    1.149557101
   11.451451451    0.144653907    0.144824661    1.017552002
   11.471471471    0.152860669    0.153026167    0.746260173
   11.491491491    0.107678647    0.107765859    0.705909170
   11.511511512    0.071199774    0.071240220    0.742442321
   11.531531532    0.068271695    0.068294992    0.867637796
   11.551551552    0.097929350    0.097951140    0.850755350
   11.571571572    0.139684306    0.139711833    0.654221160
   11.591591592    0.109585193    0.109567875    0.491821181
   11.611611612    0.086320466    0.086203311    0.475502261
   11.631631632    0.076981034    0.076787806    0.506160037
   11.651651652    0.063384143    0.063274340    0.616258096
   11.671671672    0.072230020    0.072167332    0.634604840
   11.691691692    0.078935105    0.078896305    0.439736781
   11.711711712    0.070666369    0.070640246    0.345366597
   11.731731732    0.085693244    0.085670213    0.417324324
   11.751751752    0.117053155    0.117029563    0.509023502
   11.771771772    0.111940859    0.111922805    0.512511868
   11.791791792    0.064806731    0.064796387    0.438230078
   11.811811812    0.044892600    0.044885964    0.311046994
   11.831831832    0.040506215    0.040501250    0.252143738
   11.851851852    0.040734087    0.040728924    0.282870291
   11.871871872    0.046103317    0.046096719    0.268846343
   11.891891892    0.043664926    0.043651691    0.248378001
   11.911911912    0.048219208    0.048200884    0.333701616
   11.931931932    0.073009101    0.072975963    0.516148634
   11.951951952    0.106995957    0.106924958    0.465826301
   11.971971972    0.094564927    0.094487984    0.344076116
   11.991991992    0.057505193    0.057468958    0.278822971
   12.012012012    0.039459238    0.039442701    0.294657085
   12.032032032    0.034555270    0.034545369    0.309025851
   12.052052052    0.037963900    0.037955550    0.274711354
   12.072072072    0.049439544    0.049431098    0.318355520
   12.092092092    0.063926558    0.063921156    0.383485388
   12.112112112    0.067356225    0.067355482    0.424923227
   12.132132132    0.076427078    0.076434240    0.399902819
   12.152152152    0.069504539    0.069492386    0.414432564
   12.172172172    0.046138247    0.046128654    0.538540368
   12.192192192    0.040240778    0.040234191    0.883362791
   12.212212212    0.049158346    0.049150433    1.352898726
   12.232232232    0.071855507    0.071842579    1.122620091
   12.252252252    0.074034825    0.074024844    0.986626172
   12.272272272    0.081282374    0.081274296    0.989532230
   12.292292292    0.114811253    0.114803124    1.249257610
   12.312312312    0.137243016    0.137238660    1.979097581
   12.332332332    0.185945111    0.185917038    2.031577202
   12.352352352    0.134665481    0.134627870    1.035287278
   12.372372372    0.077919019    0.077947405    0.560936279
   12.392392392    0.062422974    0.062521587    0.360514376
   12.412412412    0.060608834    0.060688321    0.248362913
   12.432432432    0.069230542    0.069271471    0.191576336
   12.452452452    0.053988593    0.054002395    0.165540569
   12.472472472    0.037261099    0.037269488    0.170649997
   12.492492492    0.031219749    0.031226448    0.163358052
   12.512512513    0.031022566    0.031030282    0.145989006
   12.532532533    0.038051400    0.038064343    0.115711746
   12.552552553    0.048941721    0.048956203    0.100126200
   12.572572573    0.051340956    0.051350649    0.105403855
   12.592592593    0.055653872    0.055657280    0.132620380
   12.612612613    0.064086357    0.064088813    0.152429542
   12.632632633    0.095081636    0.095091082    0.180436871
   12.652652653    0.126540103    0.126538234    0.175960065
   12.672672673    0.105025312    0.105017173    0.170648074
   12.692692693    0.079102853    0.079091331    0.182834272
   12.712712713    0.067743435    0.067733567    0.213423332
   12.732732733    0.072883222    0.072875617    0.272382792
   12.752752753    0.106932557    0.106927620    0.289685773
   12.772772773    0.125381358    0.125362099    0.258938626
   12.792792793    0.085075813    0.085051738    0.246712789
   12.812812813    0.056169749    0.056160015    0.271295752
   12.832832833    0.051085911    0.051083544    0.329368447
   12.852852853    0.058457179    0.058449273    0.277102915
   12.872872873    0.061366415    0.061351409    0.202118789
   12.892892893    0.061813302    0.061801765    0.181920051
   12.912912913    0.066639810    0.066629568    0.215798516
   12.932932933    0.082622646    0.082610099    0.268697037
   12.952952953    0.076462904    0.076452853    0.282167047
   12.972972973    0.088319939    0.088310372    0.303145294
   12.992992993    0.106096493    0.106092720    0.294221325
   13.013013013    0.136556786    0.136558212    0.309470757
   13.033033033    0.126340604    0.126345520    0.325666959
   13.053053053    0.142032278    0.142051250    0.255841719
   13.073073073    0.134070732    0.134054221    0.214605863
   13.093093093    0.082366277    0.082356699    0.206038787
   13.113113113    0.056525251    0.056522125    0.246796789
   13.133133133    0.049128770    0.049129601    0.290333430
   13.153153153    0.054139093    0.054145040    0.262583867
   13.173173173    0.071747006    0.071758738    0.218524405
   13.193193193    0.093030432    0.093032910    0.213092105
   13.213213213    0.124643839    0.124648889    0.206399361
   13.233233233    0.130288605    0.130293288    0.195971379
   13.253253253    0.110185715    0.110177780    0.226431204
   13.273273273    0.122272414    0.122276053    0.315170519
   13.293293293    0.186154422    0.186186513    0.319826145
   13.313313313    0.209484778    0.209550829    0.231517219
   13.333333333    0.172236456    0.172275715    0.204019441
   13.353353353    0.180461031    0.180488437    0.268827264
   13.373373373    0.200058769    0.200093231    0.449237510
   13.393393393    0.173285819    0.173239164    0.468578744
   13.413413413    0.150256249    0.150188958    0.288188288
   13.433433433    0.122805376    0.122791291    0.231588066
   13.453453453    0.120849502    0.120827417    0.262029259
   13.473473473    0.139587534    0.139593277    0.280452209
   13.493493493    0.122037660    0.122046736    0.268968044
   13.513513514    0.113540438    0.113530514    0.215938767
   13.533533534    0.116316623    0.116313458    0.234359064
   13.553553554    0.131508615    0.131505891    0.302584506
   13.573573574    0.112795755    0.112792339    0.311414481
   13.593593594    0.110058296    0.110065190    0.303592709
   13.613613614    0.132158660    0.132177341    0.381779767
   13.633633634    0.190571607    0.190612975    0.398687381
   13.653653654    0.284208216    0.284287985    0.311420496
   13.673673674    0.305586949    0.305640400    0.287278448
   13.693693694    0.301066241    0.301054842    0.274272225
   13.713713714    0.271566150    0.271472653    0.328224056
   13.733733734    0.294279305    0.294262204    0.399274053
   13.753753754    0.370245238    0.370254044    0.396374204
   13.773773774    0.322156182    0.322100556    0.422081574
   13.793793794    0.343601185    0.343493879    0.550600577
   13.813813814    0.320880419    0.320795882    0.634901481
   13.833833834    0.239820180    0.239793047    0.510196991
   13.853853854    0.266442695    0.266448430    0.402399784
   13.873873874    0.423141822    0.423194502    0.397840105
   13.893893894    0.493191617    0.493364316    0.381409557
   13.913913914    0.318958459    0.319084902    0.361133010
   13.933933934    0.253982535    0.254046855    0.318017199
   13.953953954    0.298567909    0.298630182    0.376369969
   13.973973974    0.365476896    0.365452426    0.491327727
   13.993993994    0.398346538    0.398228687    0.484828730
   14.014014014    0.360326633    0.360087533    0.407370713
   14.034034034    0.330374708    0.330170197    0.384346171
   14.054054054    0.346567822    0.346268559    0.341374819
   14.074074074    0.275369655    0.275054212    0.311649342
   14.094094094    0.236013128    0.235890712    0.338258994
   14.114114114    0.301953626    0.301886360    0.432229568
   14.134134134    0.344646011    0.344473774    0.312699145
   14.154154154    0.222463440    0.222341472    0.210961204
   14.174174174    0.150798417    0.150746495    0.171597232
   14.194194194    0.129784116    0.129741653    0.168309879
   14.214214214    0.135824489    0.135770169    0.204922871
   14.234234234    0.137621560    0.137574803    0.230170734
   14.254254254    0.170950384    0.171027049    0.217231389
   14.274274274    0.205828416    0.205446860    0.260093669
   14.294294294    0.177100882    0.176874182    0.351308909
   14.314314314    0.170451349    0.170337572    0.415629139
   14.334334334    0.175579682    0.175501359    0.419488020
   14.354354354    0.219171618    0.219090635    0.401001103
   14.374374374    0.199189506    0.199128133    0.448676123
   14.394394394    0.195328657    0.195280338    0.514112503
   14.414414414    0.242350814    0.242258232    0.576904173
   14.434434434    0.328985314    0.328867278    0.679276514
   14.454454454    0.587260377    0.587079957    0.652717295
   14.474474474    0.899098801    0.898911739    0.613253049
   14.494494494    0.617684957    0.617596372    0.770811064
   14.514514515    0.406782867    0.406675204    0.935179594
   14.534534535    0.284950795    0.284858921    1.264292134
   14.554554555    0.210837436    0.210780723    1.098851243
   14.574574575    0.196650848    0.196602279    0.842729593
   14.594594595    0.200967393    0.200932320    0.620697842
   14.614614615    0.243985484    0.243984353    0.593907439
   14.634634635    0.353882241    0.353966962    0.764841596
   14.654654655    0.467011395    0.467130311    0.846673672
   14.674674675    0.615064180    0.614743669    0.824400649
   14.694694695    0.817484956    0.814557811    0.959604303
   14.714714715    0.733020993    0.732851985    1.120933154
   14.734734735    0.651615723    0.652119865    1.295447806
   14.754754755    0.694313441    0.694550726    1.551311828
   14.774774775    0.786586633    0.786742412    2.357736876
   14.794794795    0.749010517    0.749180144    2.262041925
   14.814814815    0.824357774    0.824452729    2.075127784
   14.834834835    0.590197352    0.589999059    2.615341470
   14.854854855    0.408146995    0.407999285    2.259985057
   14.874874875    0.309197364    0.309087200    1.688389105
   14.894894895    0.280539147    0.280480038    1.518810887
   14.914914915    0.322923052    0.322822518    1.462720733
   14.934934935    0.335719376    0.335493648    1.684119710
   14.954954955    0.373763982    0.373522780    1.774242961
   14.974974975    0.447670931    0.447217175    2.251244596
   14.994994995    0.521583379    0.521142194    3.025810546
   15.015015015    0.526356827    0.526132593    2.977885298
   15.035035035    0.585794096    0.585130055    2.791619542
   15.055055055    0.936032189    0.934418682    3.342651321
   15.075075075    1.508627686    1.507179575    3.623180384
   15.095095095    1.253564992    1.254250702    2.876437477
   15.115115115    0.766715766    0.767219244    2.405476285
   15.135135135    0.587259337    0.587501470    2.357245258
   15.155155155    0.600399236    0.600586277    2.293968547
   15.175175175    0.527273219    0.527431064    2.571674751
   15.195195195    0.456719002    0.456828539    2.187675701
   15.215215215    0.521617904    0.521739933    1.420028406
   15.235235235    0.595017046    0.595114816    1.121601307
   15.255255255    0.489348952    0.489391449    1.104751866
   15.275275275    0.508280625    0.508309863    1.329000823
   15.295295295    0.489016898    0.489045494    1.619813078
   15.315315315    0.431664757    0.431670161    1.489627151
   15.335335335    0.536791213    0.536983779    1.558008915
   15.355355355    0.536265654    0.537004225    1.703701517
   15.375375375    0.430069723    0.430100317    1.913344065
   15.395395395    0.434720267    0.434374405    2.133383262
   15.415415415    0.509814517    0.509414765    1.954714130
   15.435435435    0.567875235    0.567484419    1.421548329
   15.455455455    0.673316414    0.672879349    1.351662363
   15.475475475    1.065955642    1.065113726    1.403784407
   15.495495495    1.688324890    1.687301129    1.422717686
   15.515515516    1.556897331    1.556772941    1.506860097
   15.535535536    0.968928878    0.968923879    1.504514467
   15.555555556    0.762058372    0.761920839    1.763902883
   15.575575576    0.913688353    0.913382851    2.468898039
   15.595595596    1.299750533    1.299310062    3.404050873
   15.615615616    1.330596743    1.331014490    5.552486034
   15.635635636    1.182796136    1.183112598    5.239157000
   15.655655656    1.001788857    1.002110131    3.092778791
   15.675675676    0.706327501    0.706539617    2.026595615
   15.695695696    0.612039213    0.612158051    1.897348787
   15.715715716    0.798352032    0.798415395    1.886316961
   15.735735736    1.017230792    1.017439730    1.653146303
   15.755755756    0.697586972    0.697812852    2.005385411
   15.775775776    0.500139148    0.500337138    3.144897744
   15.795795796    0.466308426    0.466451883    3.159477240
   15.815815816    0.353275259    0.353291628    2.257004926
   15.835835836    0.272965676    0.272979117    1.719628984
   15.855855856    0.257938306    0.257955864    1.393961781
   15.875875876    0.241431728    0.241429928    1.335393222
   15.895895896    0.260754518    0.260735321    1.603479104
   15.915915916    0.377040352    0.376984551    1.983158823
   15.935935936    0.656331247    0.656249986    2.186707828
   15.955955956    0.677682593    0.677760174    2.476787000
   15.975975976    0.423002100    0.423064603    2.534637932
   15.995995996    0.337501026    0.337543269    3.034022557
   16.016016016    0.370219648    0.370221136    3.390965511
   16.036036036    0.414678409    0.414674739    3.932998773
   16.056056056    0.371038051    0.371055183    5.000680001
   16.076076076    0.329158215    0.329197169    3.994083970
   16.096096096    0.343535789    0.343602445    2.831301337
   16.116116116    0.446441719    0.446433924    2.511726970
   16.136136136    0.660173754    0.659972433    1.757698661
   16.156156156    0.814706271    0.814392199    1.526139092
   16.176176176    0.870152652    0.869977516    1.720802820
   16.196196196    0.629947030    0.629813413    1.790182595
   16.216216216    0.604199046    0.603905933    2.245279110
   16.236236236    0.796531262    0.796189500    2.288295429
   16.256256256    0.817594302    0.819426803    2.327042603
   16.276276276    0.593780550    0.595083377    2.500461285
   16.296296296    0.507219779    0.507557441    2.433910023
   16.316316316    0.563383906    0.563352409    2.378669366
   16.336336336    0.798045296    0.797892009    1.975484037
   16.356356356    1.239978832    1.240037739    1.911587547
   16.376376376    1.888550714    1.888754244    1.764252739
   16.396396396    1.573310182    1.573216880    2.033803624
   16.416416416    0.957971261    0.957677744    2.361952577
   16.436436436    0.619692595    0.619573567    2.478356333
   16.456456456    0.543571712    0.543575663    2.013074691
   16.476476476    0.601088093    0.601079020    2.322154721
   16.496496496    0.603656014    0.603631567    2.708589353
   16.516516517    0.599571645    0.599728675    1.999638452
   16.536536537    0.778474597    0.778945795    1.904621525
   16.556556557    1.122794584    1.123821838    2.589006754
   16.576576577    1.292984892    1.295135404    2.677824124
   16.596596597    1.437064033    1.441943303    3.182608591
   16.616616617    2.152240345    2.156457603    3.718065850
   16.636636637    3.356504723    3.337502132    2.933011636
   16.656656657    3.862572191    3.851029760    2.742698779
   16.676676677    3.414241543    3.413024031    1.951213936
   16.696696697    2.930901232    2.932657986    1.423855279
   16.716716717    2.158159657    2.160271636    1.371724961
   16.736736737    1.433135528    1.434171127    1.596205689
   16.756756757    1.065956683    1.066374808    1.995011912
   16.776776777    0.837006981    0.837196449    2.956150154
   16.796796797    0.693143245    0.693175322    3.915957511
   16.816816817    0.657861586    0.657809057    3.710243960
   16.836836837    0.671956218    0.671923361    4.357498789
   16.856856857    0.856684814    0.856890783    3.397078322
   16.876876877    1.428715943    1.429304072    1.776722380
   16.896896897    2.164709653    2.159700137    1.042162092
   16.916916917    1.770877505    1.764945565    0.734658720
   16.936936937    1.274887977    1.273724777    0.560080893
   16.956956957    1.226298551    1.226244474    0.479471558
   16.976976977    1.613497631    1.613254513    0.434908979
   16.996996997    2.490094642    2.490334949    0.390590268
   17.017017017    2.389181693    2.389833863    0.430563240
   17.037037037    2.243143978    2.243256685    0.479732679
   17.057057057    2.245943460    2.245782829    0.459287117
   17.077077077    2.823755253    2.824234479    0.423106365
   17.097097097    2.374951782    2.376339799    0.562421527
   17.117117117    2.473818168    2.475488891    0.764130606
   17.137137137    3.320849804    3.323675917    0.561346392
   17.157157157    2.259399523    2.261447303    0.434879456
   17.177177177    1.255405725    1.256361735    0.405244450
   17.197197197    0.910657784    0.911143375    0.478840493
   17.217217217    0.881106029    0.881442698    0.692864786
   17.237237237    0.938854147    0.939174096    0.839435397
   17.257257257    0.979276750    0.979627994    0.596011539
   17.277277277    1.108765772    1.109085190    0.440530115
   17.297297297    0.955371627    0.955474211    0.371760417
   17.317317317    0.902013391    0.902004563    0.367702661
   17.337337337    0.908265483    0.908132839    0.445453198
   17.357357357    0.869177896    0.868841252    0.501158624
   17.377377377    1.010653284    1.009625389    0.353369828
   17.397397397    1.548117941    1.545372279    0.273809999
   17.417417417    2.441952209    2.445241794    0.275253463
   17.437437437    2.537120810    2.550797313    0.268624336
   17.457457457    2.539931659    2.542155293    0.323323019
   17.477477477    2.279222478    2.277983422    0.465622296
   17.497497497    2.232886231    2.232319567    0.658847852
   17.517517518    2.890179023    2.890284869    0.578852694
   17.537537538    3.630192428    3.627318582    0.366617989
   17.557557558    2.511098756    2.507658832    0.325001106
   17.577577578    1.570049035    1.567723919    0.372722625
   17.597597598    1.056877949    1.055375546    0.317900261
   17.617617618    0.841821467    0.840917471    0.235628618
   17.637637638    0.798140157    0.797932602    0.204479893
   17.657657658    0.868646895    0.869126945    0.211445199
   17.677677678    1.088644264    1.089228631    0.212536283
   17.697697698    1.307174910    1.307267322    0.187210945
   17.717717718    1.510600591    1.509874483    0.177494149
   17.737737738    2.421993057    2.419440189    0.172993808
   17.757757758    3.093839208    3.088710486    0.225105511
   17.777777778    2.154510525    2.156645014    0.314772269
   17.797797798    1.221397106    1.222627306    0.357034077
   17.817817818    0.820367342    0.820667322    0.281259111
   17.837837838    0.687085852    0.687103550    0.236194375
   17.857857858    0.673078854    0.672902435    0.201527103
   17.877877878    0.854012627    0.853543164    0.223954650
   17.897897898    1.045087518    1.044613783    0.265947542
   17.917917918    0.886195923    0.885992401    0.217926019
   17.937937938    0.987200637    0.986731564    0.196599333
   17.957957958    1.549291250    1.548256773    0.245048673
   17.977977978    2.118754897    2.117823226    0.362109025
   17.997997998    1.788218773    1.788196747    0.348058417
   18.018018018    1.341377610    1.341131834    0.224809397
   18.038038038    1.491614625    1.490783368    0.168937725
   18.058058058    2.398337286    2.396550436    0.150169177
   18.078078078    3.207674390    3.207753775    0.151881977
   18.098098098    2.529380184    2.530967678    0.189815013
   18.118118118    1.874864193    1.875690011    0.291610955
   18.138138138    1.718997532    1.719417584    0.459122466
   18.158158158    1.771369523    1.771500018    0.632513253
   18.178178178    1.891979138    1.891688859    0.566935564
   18.198198198    2.404116136    2.403457615    0.356320157
   18.218218218    3.550257490    3.549355039    0.266559198
   18.238238238    5.258715270    5.261494286    0.270128859
   18.258258258    3.604785233    3.609952614    0.366693659
   18.278278278    2.054735256    2.057505919    0.600599940
   18.298298298    1.305907151    1.307313504    0.960093591
   18.318318318    0.999502067    1.000306569    0.809216622
   18.338338338    0.945178278    0.945680415    0.538626859
   18.358358358    1.065146085    1.065363440    0.493984616
   18.378378378    1.528511976    1.528189292    0.591607198
   18.398398398    2.339871563    2.339173304    0.632860508
   18.418418418    3.151806825    3.154206256    0.819363094
   18.438438438    2.556051820    2.561246766    1.464714563
   18.458458458    1.730740784    1.734525203    2.052576090
   18.478478478    1.376523203    1.379350222    1.504971883
   18.498498498    1.315353500    1.318189557    1.059324062
   18.518518519    1.264350761    1.267039401    1.144577680
   18.538538539    1.597875917    1.599238515    1.395216999
   18.558558559    1.905688016    1.901231926    1.026158911
   18.578578579    2.171880863    2.184730547    0.934974122
   18.598598599    1.933694999    1.936283893    0.953797373
   18.618618619    1.842587513    1.843194897    1.013214876
   18.638638639    2.484133379    2.484417119    0.839711242
   18.658658659    2.674140636    2.672170220    0.483642283
   18.678678679    2.162122998    2.159944608    0.319623062
   18.698698699    1.656226772    1.654910367    0.271388776
   18.718718719    1.334831516    1.333972353    0.305463743
   18.738738739    1.184619995    1.184022209    0.344721504
   18.758758759    1.212954038    1.212449618    0.394294707
   18.778778779    1.272486573    1.272185282    0.499792869
   18.798798799    1.256360308    1.256038865    0.577117345
   18.818818819    1.333556723    1.333327615    0.592195313
   18.838838839    1.505815221    1.505883092    0.722885081
   18.858858859    2.110312375    2.110693887    0.597819594
   18.878878879    2.861139054    2.861625387    0.416831362
   18.898898899    4.070635057    4.070292584    0.248687336
   18.918918919    4.939538901    4.939132527    0.165163459
   18.938938939    4.412516926    4.411588586    0.132384747
   18.958958959    4.229643224    4.228931803    0.123663489
   18.978978979    3.852992423    3.852727687    0.141057027
   18.998998999    2.561015020    2.560716656    0.195821260
   19.019019019    1.929917546    1.930102814    0.246555479
   19.039039039    1.595998624    1.596668463    0.309519235
   19.059059059    1.459874930    1.460635525    0.333598378
   19.079079079    1.558084266    1.559055561    0.244875703
   19.099099099    1.926139216    1.926890932    0.182059858
   19.119119119    3.057859305    3.058871729    0.138832377
   19.139139139    4.220094073    4.221976548    0.120478112
   19.159159159    3.363358484    3.365158480    0.129558258
   19.179179179    2.330070385    2.331399724    0.127452179
   19.199199199    1.801297374    1.802183637    0.144404775
   19.219219219    1.859324469    1.859618740    0.192543066
   19.239239239    1.754918123    1.753983377    0.160419538
   19.259259259    1.879147835    1.879445537    0.138002045
   19.279279279    2.149165535    2.150938070    0.160504462
   19.299299299    1.906459752    1.908307835    0.143422351
   19.319319319    2.394612069    2.395977216    0.111642008
   19.339339339    4.086922508    4.088209686    0.114960195
   19.359359359    4.922451849    4.921566424    0.142767039
   19.379379379    3.462161802    3.461025094    0.144973751
   19.399399399    2.686090969    2.684792490    0.159896867
   19.419419419    2.111340598    2.110480322    0.228022798
   19.439439439    1.834594928    1.834143710    0.370862707
   19.459459459    1.449329526    1.448940567    0.577804767
   19.479479479    1.354245474    1.353971848    1.017220392
   19.499499499    1.256223124    1.256139803    1.014869191
   19.519519520    0.876527731    0.876524209    0.575195692
   19.539539540    0.591474997    0.591524222    0.383203840
   19.559559560    0.441773127    0.441795562    0.316042535
   19.579579580    0.390281565    0.390288491    0.232119525
   19.599599600    0.401184651    0.401176864    0.211646941
   19.619619620    0.466785376    0.466760087    0.223033553
   19.639639640    0.663752998    0.663655355    0.248936483
   19.659659660    0.953395513    0.953277215    0.306632597
   19.679679680    0.971676128    0.971648681    0.358283913
   19.699699700    0.885442890    0.885510534    0.270720272
   19.719719720    1.035756460    1.035722969    0.261858112
   19.739739740    1.137048916    1.137249753    0.266295358
   19.759759760    1.148889405    1.149337520    0.220221338
   19.779779780    1.238481801    1.239155030    0.167198674
   19.799799800    1.283807675    1.284888266    0.172023071
   19.819819820    1.580545755    1.581288344    0.222921192
   19.839839840    1.790119833    1.792174914    0.315403531
   19.859859860    1.729161620    1.732353254    0.345546730
   19.879879880    1.854233614    1.858019094    0.312282257
   19.899899900    1.503857247    1.507875522    0.208639638
   19.919919920    1.017019677    1.019269452    0.181540783
   19.939939940    0.965982537    0.967613852    0.202075211
   19.959959960    0.987360910    0.988926374    0.204888554
   19.979979980    1.033976086    1.035806061    0.252669237
   20.000000000    1.165230462    1.165933214    0.343132427
