# energy grid [eV]     epsi_x  epsi_y  epsi_z
#
    0.000000000    0.000000000    0.000000000    0.000000000
    0.020020020    0.000025541    0.000025541    0.000005889
    0.040040040    0.000051085    0.000051085    0.000011778
    0.060060060    0.000076637    0.000076637    0.000017667
    0.080080080    0.000102200    0.000102200    0.000023559
    0.100100100    0.000127777    0.000127777    0.000029451
    0.120120120    0.000153373    0.000153373    0.000035346
    0.140140140    0.000178991    0.000178990    0.000041244
    0.160160160    0.000204634    0.000204634    0.000047144
    0.180180180    0.000230307    0.000230306    0.000053047
    0.200200200    0.000256012    0.000256012    0.000058955
    0.220220220    0.000281755    0.000281754    0.000064866
    0.240240240    0.000307538    0.000307537    0.000070782
    0.260260260    0.000333365    0.000333364    0.000076703
    0.280280280    0.000359240    0.000359239    0.000082630
    0.300300300    0.000385167    0.000385166    0.000088562
    0.320320320    0.000411149    0.000411149    0.000094501
    0.340340340    0.000437191    0.000437191    0.000100447
    0.360360360    0.000463297    0.000463296    0.000106399
    0.380380380    0.000489469    0.000489468    0.000112359
    0.400400400    0.000515713    0.000515712    0.000118328
    0.420420420    0.000542031    0.000542030    0.000124304
    0.440440440    0.000568429    0.000568428    0.000130290
    0.460460460    0.000594909    0.000594908    0.000136285
    0.480480480    0.000621477    0.000621476    0.000142290
    0.500500501    0.000648135    0.000648134    0.000148305
    0.520520521    0.000674889    0.000674888    0.000154330
    0.540540541    0.000701742    0.000701741    0.000160367
    0.560560561    0.000728699    0.000728698    0.000166416
    0.580580581    0.000755764    0.000755762    0.000172476
    0.600600601    0.000782940    0.000782939    0.000178549
    0.620620621    0.000810233    0.000810232    0.000184635
    0.640640641    0.000837647    0.000837645    0.000190735
    0.660660661    0.000865186    0.000865184    0.000196848
    0.680680681    0.000892854    0.000892853    0.000202976
    0.700700701    0.000920657    0.000920655    0.000209119
    0.720720721    0.000948599    0.000948597    0.000215277
    0.740740741    0.000976684    0.000976682    0.000221451
    0.760760761    0.001004917    0.001004915    0.000227642
    0.780780781    0.001033303    0.001033301    0.000233849
    0.800800801    0.001061847    0.001061845    0.000240074
    0.820820821    0.001090554    0.001090552    0.000246317
    0.840840841    0.001119428    0.001119426    0.000252579
    0.860860861    0.001148476    0.001148474    0.000258859
    0.880880881    0.001177701    0.001177699    0.000265159
    0.900900901    0.001207109    0.001207107    0.000271479
    0.920920921    0.001236706    0.001236704    0.000277819
    0.940940941    0.001266497    0.001266495    0.000284181
    0.960960961    0.001296488    0.001296485    0.000290565
    0.980980981    0.001326683    0.001326680    0.000296971
    1.001001001    0.001357089    0.001357086    0.000303399
    1.021021021    0.001387711    0.001387708    0.000309851
    1.041041041    0.001418555    0.001418552    0.000316328
    1.061061061    0.001449628    0.001449625    0.000322828
    1.081081081    0.001480935    0.001480932    0.000329354
    1.101101101    0.001512483    0.001512480    0.000335906
    1.121121121    0.001544277    0.001544274    0.000342485
    1.141141141    0.001576325    0.001576322    0.000349091
    1.161161161    0.001608633    0.001608630    0.000355724
    1.181181181    0.001641207    0.001641204    0.000362386
    1.201201201    0.001674055    0.001674051    0.000369077
    1.221221221    0.001707183    0.001707179    0.000375798
    1.241241241    0.001740598    0.001740595    0.000382549
    1.261261261    0.001774309    0.001774305    0.000389331
    1.281281281    0.001808321    0.001808317    0.000396145
    1.301301301    0.001842643    0.001842639    0.000402992
    1.321321321    0.001877282    0.001877278    0.000409873
    1.341341341    0.001912247    0.001912242    0.000416787
    1.361361361    0.001947545    0.001947540    0.000423736
    1.381381381    0.001983184    0.001983179    0.000430721
    1.401401401    0.002019173    0.002019168    0.000437742
    1.421421421    0.002055521    0.002055516    0.000444800
    1.441441441    0.002092237    0.002092232    0.000451896
    1.461461461    0.002129329    0.002129323    0.000459032
    1.481481481    0.002166806    0.002166800    0.000466206
    1.501501502    0.002204678    0.002204673    0.000473422
    1.521521522    0.002242956    0.002242950    0.000480679
    1.541541542    0.002281647    0.002281641    0.000487978
    1.561561562    0.002320764    0.002320757    0.000495321
    1.581581582    0.002360315    0.002360309    0.000502707
    1.601601602    0.002400313    0.002400306    0.000510139
    1.621621622    0.002440767    0.002440760    0.000517617
    1.641641642    0.002481688    0.002481681    0.000525142
    1.661661662    0.002523089    0.002523082    0.000532715
    1.681681682    0.002564982    0.002564974    0.000540338
    1.701701702    0.002607377    0.002607369    0.000548010
    1.721721722    0.002650287    0.002650279    0.000555734
    1.741741742    0.002693726    0.002693718    0.000563511
    1.761761762    0.002737706    0.002737698    0.000571341
    1.781781782    0.002782241    0.002782232    0.000579226
    1.801801802    0.002827344    0.002827335    0.000587166
    1.821821822    0.002873029    0.002873020    0.000595164
    1.841841842    0.002919312    0.002919302    0.000603220
    1.861861862    0.002966206    0.002966196    0.000611336
    1.881881882    0.003013728    0.003013718    0.000619513
    1.901901902    0.003061892    0.003061882    0.000627752
    1.921921922    0.003110716    0.003110706    0.000636054
    1.941941942    0.003160216    0.003160205    0.000644422
    1.961961962    0.003210409    0.003210398    0.000652856
    1.981981982    0.003261313    0.003261301    0.000661359
    2.002002002    0.003312945    0.003312933    0.000669930
    2.022022022    0.003365326    0.003365313    0.000678573
    2.042042042    0.003418473    0.003418460    0.000687288
    2.062062062    0.003472407    0.003472394    0.000696078
    2.082082082    0.003527149    0.003527135    0.000704944
    2.102102102    0.003582719    0.003582705    0.000713887
    2.122122122    0.003639139    0.003639125    0.000722910
    2.142142142    0.003696432    0.003696418    0.000732014
    2.162162162    0.003754621    0.003754606    0.000741201
    2.182182182    0.003813730    0.003813715    0.000750473
    2.202202202    0.003873783    0.003873768    0.000759832
    2.222222222    0.003934807    0.003934790    0.000769281
    2.242242242    0.003996826    0.003996810    0.000778820
    2.262262262    0.004059869    0.004059852    0.000788453
    2.282282282    0.004123964    0.004123946    0.000798182
    2.302302302    0.004189139    0.004189121    0.000808008
    2.322322322    0.004255424    0.004255406    0.000817935
    2.342342342    0.004322852    0.004322832    0.000827964
    2.362362362    0.004391452    0.004391433    0.000838099
    2.382382382    0.004461260    0.004461240    0.000848341
    2.402402402    0.004532309    0.004532288    0.000858694
    2.422422422    0.004604635    0.004604613    0.000869160
    2.442442442    0.004678274    0.004678252    0.000879741
    2.462462462    0.004753265    0.004753242    0.000890442
    2.482482482    0.004829648    0.004829624    0.000901265
    2.502502503    0.004907463    0.004907439    0.000912213
    2.522522523    0.004986753    0.004986728    0.000923290
    2.542542543    0.005067562    0.005067536    0.000934498
    2.562562563    0.005149936    0.005149909    0.000945842
    2.582582583    0.005233922    0.005233895    0.000957324
    2.602602603    0.005319570    0.005319542    0.000968949
    2.622622623    0.005406931    0.005406902    0.000980720
    2.642642643    0.005496058    0.005496028    0.000992642
    2.662662663    0.005587006    0.005586976    0.001004719
    2.682682683    0.005679834    0.005679803    0.001016954
    2.702702703    0.005774601    0.005774569    0.001029352
    2.722722723    0.005871370    0.005871337    0.001041919
    2.742742743    0.005970204    0.005970170    0.001054658
    2.762762763    0.006071173    0.006071138    0.001067575
    2.782782783    0.006174345    0.006174309    0.001080674
    2.802802803    0.006279796    0.006279759    0.001093962
    2.822822823    0.006387600    0.006387562    0.001107444
    2.842842843    0.006497839    0.006497800    0.001121126
    2.862862863    0.006610595    0.006610555    0.001135013
    2.882882883    0.006725956    0.006725914    0.001149112
    2.902902903    0.006844012    0.006843969    0.001163430
    2.922922923    0.006964858    0.006964814    0.001177974
    2.942942943    0.007088594    0.007088548    0.001192750
    2.962962963    0.007215323    0.007215276    0.001207766
    2.982982983    0.007345155    0.007345107    0.001223031
    3.003003003    0.007478204    0.007478154    0.001238551
    3.023023023    0.007614588    0.007614537    0.001254336
    3.043043043    0.007754433    0.007754380    0.001270394
    3.063063063    0.007897871    0.007897816    0.001286735
    3.083083083    0.008045038    0.008044982    0.001303368
    3.103103103    0.008196080    0.008196022    0.001320305
    3.123123123    0.008351149    0.008351089    0.001337554
    3.143143143    0.008510404    0.008510343    0.001355128
    3.163163163    0.008674015    0.008673951    0.001373039
    3.183183183    0.008842157    0.008842091    0.001391298
    3.203203203    0.009015017    0.009014950    0.001409919
    3.223223223    0.009192792    0.009192723    0.001428915
    3.243243243    0.009375690    0.009375618    0.001448301
    3.263263263    0.009563928    0.009563854    0.001468091
    3.283283283    0.009757740    0.009757663    0.001488302
    3.303303303    0.009957368    0.009957289    0.001508951
    3.323323323    0.010163072    0.010162990    0.001530054
    3.343343343    0.010375125    0.010375041    0.001551632
    3.363363363    0.010593819    0.010593732    0.001573703
    3.383383383    0.010819460    0.010819370    0.001596288
    3.403403403    0.011052376    0.011052283    0.001619410
    3.423423423    0.011292914    0.011292818    0.001643092
    3.443443443    0.011541443    0.011541344    0.001667359
    3.463463463    0.011798357    0.011798255    0.001692236
    3.483483483    0.012064075    0.012063969    0.001717753
    3.503503504    0.012339043    0.012338933    0.001743938
    3.523523524    0.012623739    0.012623626    0.001770824
    3.543543544    0.012918674    0.012918556    0.001798444
    3.563563564    0.013224393    0.013224271    0.001826833
    3.583583584    0.013541482    0.013541356    0.001856032
    3.603603604    0.013870570    0.013870439    0.001886079
    3.623623624    0.014212330    0.014212195    0.001917020
    3.643643644    0.014567489    0.014567348    0.001948901
    3.663663664    0.014936828    0.014936682    0.001981773
    3.683683684    0.015321190    0.015321039    0.002015689
    3.703703704    0.015721488    0.015721331    0.002050708
    3.723723724    0.016138707    0.016138544    0.002086893
    3.743743744    0.016573916    0.016573747    0.002124311
    3.763763764    0.017028275    0.017028099    0.002163035
    3.783783784    0.017503047    0.017502864    0.002203143
    3.803803804    0.017999607    0.017999417    0.002244722
    3.823823824    0.018519456    0.018519259    0.002287864
    3.843843844    0.019064239    0.019064033    0.002332669
    3.863863864    0.019635757    0.019635542    0.002379248
    3.883883884    0.020235989    0.020235765    0.002427718
    3.903903904    0.020867117    0.020866884    0.002478212
    3.923923924    0.021531550    0.021531306    0.002530872
    3.943943944    0.022231955    0.022231700    0.002585855
    3.963963964    0.022971294    0.022971027    0.002643333
    3.983983984    0.023752865    0.023752586    0.002703497
    4.004004004    0.024580354    0.024580062    0.002766555
    4.024024024    0.025457892    0.025457586    0.002832741
    4.044044044    0.026390125    0.026389804    0.002902311
    4.064064064    0.027382301    0.027381964    0.002975555
    4.084084084    0.028440370    0.028440015    0.003052791
    4.104104104    0.029571103    0.029570729    0.003134379
    4.124124124    0.030782251    0.030781857    0.003220723
    4.144144144    0.032082718    0.032082302    0.003312276
    4.164164164    0.033482799    0.033482359    0.003409554
    4.184184184    0.034994457    0.034993991    0.003513139
    4.204204204    0.036631682    0.036631189    0.003623698
    4.224224224    0.038410950    0.038410425    0.003741993
    4.244244244    0.040351797    0.040351238    0.003868901
    4.264264264    0.042477578    0.042476981    0.004005434
    4.284284284    0.044816460    0.044815821    0.004152770
    4.304304304    0.047402731    0.047402045    0.004312284
    4.324324324    0.050278578    0.050277838    0.004485590
    4.344344344    0.053496508    0.053495707    0.004674601
    4.364364364    0.057122725    0.057121855    0.004881590
    4.384384384    0.061241911    0.061240960    0.005109288
    4.404404404    0.065964148    0.065963102    0.005360996
    4.424424424    0.071435166    0.071434007    0.005640743
    4.444444444    0.077851926    0.077850628    0.005953491
    4.464464464    0.085486996    0.085485528    0.006305422
    4.484484484    0.094728020    0.094726335    0.006704324
    4.504504505    0.106144083    0.106142113    0.007160136
    4.524524525    0.120602432    0.120600077    0.007685733
    4.544544545    0.139484788    0.139481886    0.008298066
    4.564564565    0.165113935    0.165110214    0.009019864
    4.584584585    0.201660323    0.201655294    0.009882261
    4.604604605    0.257251818    0.257244516    0.010928946
    4.624624625    0.349454336    0.349442635    0.012222986
    4.644644645    0.521436335    0.521414886    0.013858510
    4.664664665    0.894652105    0.894605614    0.015981722
    4.684684685    1.785378731    1.785272988    0.018830869
    4.704704705    2.761160697    2.761095833    0.022814464
    4.724724725    2.076194440    2.076264731    0.028688300
    4.744744745    1.667021067    1.667036393    0.038005947
    4.764764765    1.118898086    1.118866436    0.054313293
    4.784784785    0.898977772    0.898998165    0.086956159
    4.804804805    1.081533772    1.081629126    0.162716963
    4.824824825    1.665609573    1.665758025    0.309785741
    4.844844845    1.605285705    1.605261450    0.300531905
    4.864864865    1.347925540    1.347947401    0.239744628
    4.884884885    1.740931517    1.741017495    0.320006693
    4.904904905    1.772742126    1.772682399    0.313770651
    4.924924925    1.283943093    1.283850711    0.181478523
    4.944944945    1.254306758    1.254177744    0.132491418
    4.964964965    1.685999258    1.685745633    0.143604143
    4.984984985    2.921366230    2.920781454    0.224722578
    5.005005005    5.463323754    5.462527839    0.391329517
    5.025025025    7.137541675    7.137340539    0.437465093
    5.045045045    5.974264859    5.974749188    0.335646556
    5.065065065    3.440593314    3.440958425    0.173332660
    5.085085085    1.958866963    1.959000339    0.097319743
    5.105105105    1.430593606    1.430615338    0.064357391
    5.125125125    1.409957973    1.409892771    0.048367787
    5.145145145    1.950227648    1.950005184    0.040407262
    5.165165165    3.415461054    3.415085110    0.037475115
    5.185185185    3.517978478    3.518285483    0.034893749
    5.205205205    1.915914703    1.916142240    0.031495776
    5.225225225    1.192602513    1.192682679    0.030592853
    5.245245245    0.991295713    0.991310789    0.031862068
    5.265265265    1.128499873    1.128472860    0.035888271
    5.285285285    1.505080389    1.505219119    0.041386090
    5.305305305    1.422527365    1.422566428    0.042075442
    5.325325325    1.000668727    1.000605025    0.045275202
    5.345345345    0.831992146    0.831943097    0.052742228
    5.365365365    0.843220092    0.843164165    0.065200353
    5.385385385    0.976706836    0.976626119    0.085652340
    5.405405405    1.261551030    1.261419873    0.121400433
    5.425425425    1.828780754    1.828542722    0.191135613
    5.445445445    3.056973947    3.056479068    0.347096184
    5.465465465    5.721422781    5.720271500    0.671681188
    5.485485485    9.474089797    9.472109543    0.934274261
    5.505505506   12.165902971   12.165251363    1.004815265
    5.525525526    9.530705537    9.532757824    0.732380681
    5.545545546    5.047095868    5.048238243    0.394597792
    5.565565566    3.306725351    3.307001251    0.267054573
    5.585585586    3.209110599    3.208788707    0.264144851
    5.605605606    4.529369592    4.528588655    0.377791099
    5.625625626    5.444441646    5.444947807    0.522619943
    5.645645646    5.408126608    5.408115509    0.586822276
    5.665665666    4.554363419    4.554670419    0.388184126
    5.685685686    3.464127632    3.464331670    0.221002425
    5.705705706    2.450292835    2.450618606    0.141200858
    5.725725726    1.655799730    1.655919567    0.102401940
    5.745745746    1.404771887    1.404745581    0.088224352
    5.765765766    1.492198586    1.492034019    0.090401957
    5.785785786    1.968106439    1.967683466    0.112796691
    5.805805806    3.260278075    3.259224719    0.177817974
    5.825825826    6.045885781    6.044277908    0.319166632
    5.845845846    7.881132640    7.881621435    0.410500439
    5.865865866    5.055843477    5.057272417    0.261216153
    5.885885886    3.321231665    3.321591197    0.163832315
    5.905905906    3.474427338    3.473991861    0.155172879
    5.925925926    5.628293733    5.626775989    0.229249382
    5.945945946    8.373483710    8.373257603    0.358741334
    5.965965966    5.590880770    5.592618543    0.250012476
    5.985985986    2.792241165    2.793022656    0.128017130
    6.006006006    1.626451133    1.626775267    0.077200401
    6.026026026    1.121205885    1.121358197    0.054828221
    6.046046046    0.887824221    0.887900410    0.043818574
    6.066066066    0.802671307    0.802705684    0.038312531
    6.086086086    0.848432231    0.848430915    0.036244262
    6.106106106    1.063755673    1.063645154    0.037341616
    6.126126126    1.613978561    1.613697070    0.043033646
    6.146146146    2.263932547    2.263905690    0.051785844
    6.166166166    1.646150667    1.646316210    0.055435747
    6.186186186    1.298508030    1.298482543    0.069108088
    6.206206206    1.534583130    1.534337167    0.106697053
    6.226226226    2.546172110    2.545532362    0.200522641
    6.246246246    3.865307781    3.865363979    0.314484288
    6.266266266    3.112911457    3.113342586    0.245272738
    6.286286286    3.158775986    3.158425987    0.247667054
    6.306306306    4.061188498    4.061288265    0.317991788
    6.326326326    2.875425717    2.876005104    0.202164240
    6.346346346    2.221173938    2.221326499    0.109415601
    6.366366366    1.745422435    1.745681255    0.072692088
    6.386386386    1.116758415    1.116889553    0.058747535
    6.406406406    0.878170714    0.878194964    0.056091568
    6.426426426    0.884855887    0.884796559    0.062879508
    6.446446446    1.136483619    1.136285091    0.084286743
    6.466466466    1.881192383    1.880655208    0.139434751
    6.486486486    3.464596971    3.463848595    0.254246422
    6.506506507    3.759850915    3.760465496    0.289205922
    6.526526527    2.785008237    2.785520206    0.261137842
    6.546546547    2.706551509    2.706686365    0.306032892
    6.566566567    2.060665130    2.060683014    0.207332332
    6.586586587    1.724815115    1.724893707    0.130587837
    6.606606607    1.108834669    1.109032137    0.091149419
    6.626626627    0.715345215    0.715449828    0.081218673
    6.646646647    0.603687620    0.603770470    0.105234736
    6.666666667    0.629121766    0.629170534    0.149744640
    6.686686687    0.548161764    0.548170218    0.108965718
    6.706706707    0.544623654    0.544651880    0.069789737
    6.726726727    0.531963601    0.531886965    0.059478330
    6.746746747    0.500710976    0.500646684    0.067173763
    6.766766767    0.646628695    0.646561424    0.100069477
    6.786786787    1.116736591    1.116602491    0.188736712
    6.806806807    1.521364727    1.521341722    0.262814111
    6.826826827    1.043223861    1.043232173    0.156713683
    6.846846847    0.916461137    0.916361074    0.094210742
    6.866866867    0.866951627    0.867047025    0.069277748
    6.886886887    0.515713465    0.515810528    0.046949784
    6.906906907    0.331561062    0.331601345    0.036006747
    6.926926927    0.255436406    0.255455945    0.031928036
    6.946946947    0.225155735    0.225168563    0.032063306
    6.966966967    0.221973860    0.221986722    0.036823435
    6.986986987    0.247719922    0.247740580    0.050436821
    7.007007007    0.327568298    0.327612613    0.086229714
    7.027027027    0.466756886    0.466802404    0.143271765
    7.047047047    0.470075312    0.470102296    0.108053653
    7.067067067    0.488793265    0.488832663    0.063940989
    7.087087087    0.589680359    0.589682650    0.050135551
    7.107107107    0.640473358    0.640335546    0.052692620
    7.127127127    0.821351130    0.821132547    0.072747740
    7.147147147    1.432428735    1.432008062    0.128334800
    7.167167167    2.335098037    2.334895506    0.209732148
    7.187187187    2.113601701    2.113853560    0.162236793
    7.207207207    1.800083124    1.800271714    0.103496411
    7.227227227    1.182985721    1.183153277    0.070597117
    7.247247247    0.849874534    0.849890897    0.057599221
    7.267267267    0.870184779    0.870126611    0.064232808
    7.287287287    1.297575623    1.297383890    0.098704185
    7.307307307    2.393938720    2.393545775    0.182883302
    7.327327327    2.954825156    2.954863233    0.193697172
    7.347347347    2.216542853    2.216906474    0.107745445
    7.367367367    1.145396081    1.145639799    0.058577042
    7.387387387    0.628028832    0.628132371    0.037597333
    7.407407407    0.404877125    0.404929434    0.027744773
    7.427427427    0.299505055    0.299541887    0.022490028
    7.447447447    0.249261803    0.249282442    0.019437573
    7.467467467    0.209234447    0.209230033    0.017597709
    7.487487487    0.186244407    0.186247849    0.016532048
    7.507507508    0.191660763    0.191673621    0.016079212
    7.527527528    0.235138752    0.235156104    0.016314650
    7.547547548    0.260303118    0.260270567    0.017517409
    7.567567568    0.283375609    0.283340770    0.019923928
    7.587587588    0.409041463    0.409001610    0.025387081
    7.607607608    0.380067319    0.380092455    0.025316344
    7.627627628    0.235966823    0.235988956    0.020542459
    7.647647648    0.177353939    0.177368117    0.019213305
    7.667667668    0.164634955    0.164651566    0.020048771
    7.687687688    0.180339071    0.180370042    0.022655538
    7.707707708    0.232036040    0.232104711    0.027913098
    7.727727728    0.318915492    0.318982345    0.038757573
    7.747747748    0.443673944    0.443655716    0.063986558
    7.767767768    0.785136667    0.785023204    0.124570266
    7.787787788    1.080568338    1.080634335    0.165716065
    7.807807808    0.892928534    0.892967685    0.096693077
    7.827827828    1.032116758    1.032006391    0.057739328
    7.847847848    1.045078802    1.045159431    0.043995248
    7.867867868    0.679135174    0.679163541    0.040430854
    7.887887888    0.645912813    0.645819756    0.049561868
    7.907907908    0.632806121    0.632831171    0.054165995
    7.927927928    0.396142321    0.396204214    0.039079339
    7.947947948    0.293662407    0.293689194    0.032306040
    7.967967968    0.238112716    0.238103572    0.032582197
    7.987987988    0.199533145    0.199528489    0.037123276
    8.008008008    0.201240554    0.201245147    0.048392768
    8.028028028    0.240015310    0.240021264    0.053494516
    8.048048048    0.309105649    0.309114142    0.055718942
    8.068068068    0.487275689    0.487313997    0.073842058
    8.088088088    0.822107280    0.822036916    0.122365704
    8.108108108    1.196904553    1.196662098    0.238138091
    8.128128128    1.509616916    1.509610909    0.349374333
    8.148148148    1.095159187    1.095320373    0.304707040
    8.168168168    0.572316100    0.572386945    0.166185026
    8.188188188    0.321158648    0.321188324    0.089752404
    8.208208208    0.214714274    0.214730109    0.057819981
    8.228228228    0.168484635    0.168497684    0.042884624
    8.248248248    0.158351320    0.158369435    0.035158243
    8.268268268    0.164146405    0.164147458    0.031037536
    8.288288288    0.136109877    0.136096411    0.029078167
    8.308308308    0.120085977    0.120079067    0.028792692
    8.328328328    0.124391473    0.124385507    0.030344946
    8.348348348    0.149757433    0.149747432    0.034867588
    8.368368368    0.215521670    0.215497951    0.045999796
    8.388388388    0.381466382    0.381409459    0.074062756
    8.408408408    0.623984159    0.624006939    0.114693088
    8.428428428    0.559857861    0.559971113    0.095088279
    8.448448448    0.402602451    0.402593537    0.060921907
    8.468468468    0.287442730    0.287440633    0.044000256
    8.488488488    0.272842228    0.272832629    0.038773677
    8.508508509    0.289486970    0.289451281    0.040240163
    8.528528529    0.420540908    0.420475734    0.049420884
    8.548548549    0.771294439    0.771192805    0.071539100
    8.568568569    0.914053579    0.914111466    0.085488620
    8.588588589    0.540964492    0.541050090    0.076151101
    8.608608609    0.348007643    0.348028784    0.090671481
    8.628628629    0.330682412    0.330680199    0.153270530
    8.648648649    0.382711958    0.382695611    0.229383700
    8.668668669    0.256580844    0.256563605    0.147883784
    8.688688689    0.164544429    0.164538749    0.081753913
    8.708708709    0.135342723    0.135338393    0.055772483
    8.728728729    0.113010445    0.112998235    0.044913551
    8.748748749    0.099276183    0.099272153    0.038878801
    8.768768769    0.105355537    0.105365781    0.035857133
    8.788788789    0.136684793    0.136712050    0.034711872
    8.808808809    0.153441845    0.153378083    0.034758519
    8.828828829    0.132346746    0.132256565    0.035788169
    8.848848849    0.144602689    0.144469868    0.037901469
    8.868868869    0.194736181    0.194488137    0.041568703
    8.888888889    0.246814772    0.246580082    0.048008444
    8.908908909    0.328977164    0.328820076    0.060434000
    8.928928929    0.517676804    0.517507269    0.087437426
    8.948948949    0.873802145    0.873682617    0.137704874
    8.968968969    0.888720253    0.888741021    0.195533472
    8.988988989    0.789753427    0.789864469    0.204021459
    9.009009009    0.508140910    0.508287737    0.142250332
    9.029029029    0.353266573    0.353448136    0.105716934
    9.049049049    0.331856365    0.332073055    0.076014570
    9.069069069    0.355077017    0.355077699    0.062037332
    9.089089089    0.245585463    0.245498567    0.056661281
    9.109109109    0.162644048    0.162613106    0.055197730
    9.129129129    0.134235982    0.134232801    0.056105052
    9.149149149    0.118548025    0.118548362    0.058186170
    9.169169169    0.117349767    0.117355666    0.059668740
    9.189189189    0.138080454    0.138095862    0.062416496
    9.209209209    0.197396624    0.197434534    0.066986932
    9.229229229    0.342553224    0.342624360    0.074345379
    9.249249249    0.550731030    0.550700910    0.086415223
    9.269269269    0.581349679    0.581334974    0.094098805
    9.289289289    0.356701191    0.356709475    0.095096198
    9.309309309    0.272492813    0.272518618    0.102430608
    9.329329329    0.312152169    0.312190388    0.116025664
    9.349349349    0.379378434    0.379412676    0.133883010
    9.369369369    0.495417897    0.495419556    0.162298393
    9.389389389    0.471518633    0.471442551    0.215103496
    9.409409409    0.568897153    0.568821520    0.319524406
    9.429429429    0.560208860    0.560242174    0.382913806
    9.449449449    0.330198819    0.330236117    0.372562094
    9.469469469    0.236326630    0.236338298    0.411681954
    9.489489489    0.228481675    0.228474741    0.488335269
    9.509509510    0.299918956    0.299909237    0.717612048
    9.529529530    0.318202557    0.318236385    1.170871831
    9.549549550    0.312809528    0.312847538    1.736523460
    9.569569570    0.438298333    0.438373389    2.289070870
    9.589589590    0.510193166    0.510244737    1.829994842
    9.609609610    0.437623334    0.437650795    2.033433276
    9.629629630    0.305680195    0.305687870    2.828582918
    9.649649650    0.188852178    0.188847327    2.952794832
    9.669669670    0.134019584    0.134019203    2.529520726
    9.689689690    0.115484728    0.115489722    2.120290543
    9.709709710    0.120768073    0.120779092    2.242206441
    9.729729730    0.154107532    0.154131445    2.878353921
    9.749749750    0.242113612    0.242167689    3.537791485
    9.769769770    0.430253098    0.430356313    2.200697221
    9.789789790    0.610489836    0.610475173    1.449687042
    9.809809810    0.441060825    0.440933458    1.336944131
    9.829829830    0.342022128    0.341928605    1.747273298
    9.849849850    0.363037202    0.362987584    2.985274995
    9.869869870    0.239628707    0.239635727    4.561792590
    9.889889890    0.144052052    0.144052199    4.522416555
    9.909909910    0.104130374    0.104127612    2.811080688
    9.929929930    0.093537281    0.093533407    2.114707448
    9.949949950    0.108961598    0.108954125    2.303183643
    9.969969970    0.147356938    0.147354758    1.728083194
    9.989989990    0.129576692    0.129593387    1.224338937
   10.010010010    0.117407042    0.117429805    1.184919046
   10.030030030    0.145903880    0.145922814    1.569082754
   10.050050050    0.126920950    0.126901648    2.723285668
   10.070070070    0.097914884    0.097904657    4.444263454
   10.090090090    0.099413523    0.099408939    4.300959316
   10.110110110    0.126164381    0.126161141    2.607121255
   10.130130130    0.205899290    0.205893744    1.708699563
   10.150150150    0.375841986    0.375835646    1.663383659
   10.170170170    0.383114497    0.383118655    1.809664148
   10.190190190    0.225030277    0.225028351    2.231189423
   10.210210210    0.142499896    0.142493796    1.870508244
   10.230230230    0.112491158    0.112485703    1.232652784
   10.250250250    0.120717440    0.120707692    1.019477323
   10.270270270    0.160149091    0.160132415    1.075810535
   10.290290290    0.188317543    0.188312374    1.272285755
   10.310310310    0.137811685    0.137813855    1.620275784
   10.330330330    0.107065754    0.107070750    2.647494488
   10.350350350    0.114918812    0.114931481    5.304167921
   10.370370370    0.157838127    0.157856022    8.321818985
   10.390390390    0.179106631    0.179087995    6.051789334
   10.410410410    0.194125973    0.194112660    3.423303990
   10.430430430    0.260421978    0.260391116    2.259626950
   10.450450450    0.359543825    0.359504130    1.918775871
   10.470470470    0.496483069    0.496542066    1.464241246
   10.490490490    0.549746703    0.549804186    1.144330887
   10.510510511    0.468050428    0.467983939    1.170532682
   10.530530531    0.356905150    0.356892777    1.441674383
   10.550550551    0.277053335    0.277049172    2.113832294
   10.570570571    0.230320746    0.230283390    2.785734225
   10.590590591    0.152697718    0.152670545    2.730451428
   10.610610611    0.116085444    0.116075584    1.685058993
   10.630630631    0.110545204    0.110542101    1.142898904
   10.650650651    0.131243594    0.131240842    1.013484980
   10.670670671    0.196130330    0.196125996    1.155824067
   10.690690691    0.270563779    0.270599598    1.712415614
   10.710710711    0.283869071    0.283924538    3.213788098
   10.730730731    0.303827824    0.303893457    5.546215059
   10.750750751    0.377515917    0.377613774    4.611252900
   10.770770771    0.368537525    0.368615109    2.420752980
   10.790790791    0.409074553    0.409187139    1.536361595
   10.810810811    0.555281421    0.555333348    1.250817586
   10.830830831    0.445975003    0.445916326    1.077391531
   10.850850851    0.272329423    0.272290042    0.905301166
   10.870870871    0.219162276    0.219147597    0.924577110
   10.890890891    0.242477115    0.242483695    1.190170884
   10.910910911    0.239608749    0.239626329    1.495568937
   10.930930931    0.199555210    0.199533336    1.686109982
   10.950950951    0.164155856    0.164144116    1.339355853
   10.970970971    0.168376420    0.168398232    0.920706915
   10.990990991    0.180294092    0.180283409    0.773261049
   11.011011011    0.133865083    0.133850730    0.805480672
   11.031031031    0.113697594    0.113696115    1.078981038
   11.051051051    0.116559091    0.116568921    1.609550268
   11.071071071    0.125824857    0.125829923    2.329130262
   11.091091091    0.114555929    0.114553526    3.402593117
   11.111111111    0.119883349    0.119889135    3.621605846
   11.131131131    0.112044018    0.112055184    2.728957589
   11.151151151    0.115674707    0.115695197    2.105041881
   11.171171171    0.163139131    0.163179083    1.894050900
   11.191191191    0.228455613    0.228449856    2.021612365
   11.211211211    0.208198574    0.208173927    2.396441588
   11.231231231    0.209336533    0.209353668    2.935682628
   11.251251251    0.319046437    0.319112310    3.251077081
   11.271271271    0.468298026    0.468306691    3.903919880
   11.291291291    0.323645505    0.323598116    4.632809136
   11.311311311    0.202397417    0.202398692    3.419524034
   11.331331331    0.172307899    0.172349655    2.467426023
   11.351351351    0.198012689    0.198094647    1.911888216
   11.371371371    0.267974072    0.268107190    1.368609817
   11.391391391    0.424164157    0.424368649    1.095798963
   11.411411411    0.470692103    0.470891103    0.958960034
   11.431431431    0.470968358    0.471453452    0.864301951
   11.451451451    0.573678054    0.574417840    0.819477436
   11.471471471    0.504305486    0.504686306    0.991275664
   11.491491491    0.333299052    0.333443368    1.144230274
   11.511511512    0.245725472    0.245787051    1.148121478
   11.531531532    0.269889372    0.269905834    1.007439597
   11.551551552    0.420595930    0.420572361    0.787447316
   11.571571572    0.512536045    0.512454142    0.765535462
   11.591591592    0.359278903    0.359054728    0.832755325
   11.611611612    0.299823332    0.299279550    1.074833453
   11.631631632    0.271730870    0.271068997    1.191578740
   11.651651652    0.239799941    0.239460184    1.145860821
   11.671671672    0.292773592    0.292604413    0.862483735
   11.691691692    0.310522319    0.310448079    0.753662834
   11.711711712    0.292594957    0.292545363    0.966610184
   11.731731732    0.372412354    0.372378788    1.330778728
   11.751751752    0.482505281    0.482488391    1.157960216
   11.771771772    0.378717708    0.378717176    1.030268835
   11.791791792    0.224408839    0.224404375    0.826888586
   11.811811812    0.170478702    0.170474335    0.779122606
   11.831831832    0.166601010    0.166597186    0.946052350
   11.851851852    0.178283203    0.178275810    1.274051887
   11.871871872    0.210267273    0.210246980    1.289207173
   11.891891892    0.206804528    0.206749282    1.798353255
   11.911911912    0.248406744    0.248315075    2.361392941
   11.931931932    0.397814635    0.397628747    1.644908647
   11.951951952    0.515404808    0.515094050    1.228304433
   11.971971972    0.388309953    0.388104601    1.238850108
   11.991991992    0.240507568    0.240430424    1.543846289
   12.012012012    0.180377735    0.180350824    2.019596913
   12.032032032    0.172884755    0.172876296    2.061087996
   12.052052052    0.206676314    0.206676503    2.638600620
   12.072072072    0.285158981    0.285172228    2.951862957
   12.092092092    0.369359546    0.369409058    2.571560517
   12.112112112    0.382112247    0.382186945    2.322089488
   12.132132132    0.431579485    0.431679862    2.499884854
   12.152152152    0.361284782    0.361268099    2.237212936
   12.172172172    0.255141956    0.255132967    1.409229606
   12.192192192    0.249599709    0.249602423    0.909103954
   12.212212212    0.341138632    0.341142578    0.735521132
   12.232232232    0.511427083    0.511433917    0.829304146
   12.252252252    0.512475810    0.512516808    0.948973941
   12.272272272    0.621213519    0.621288898    0.993526074
   12.292292292    0.852515136    0.852644255    0.800075360
   12.312312312    0.941993406    0.942155174    0.502540094
   12.332332332    0.956954456    0.956964073    0.324475688
   12.352352352    0.555748716    0.555821107    0.246914767
   12.372372372    0.361970409    0.362277054    0.214719141
   12.392392392    0.330229151    0.330842247    0.196545098
   12.412412412    0.348323296    0.348758442    0.183594152
   12.432432432    0.402758840    0.402948999    0.184277817
   12.452452452    0.306465629    0.306529174    0.202308354
   12.472472472    0.230061816    0.230114921    0.248934131
   12.492492492    0.212592055    0.212645238    0.264790396
   12.512512513    0.233814903    0.233886980    0.264819575
   12.532532533    0.315252030    0.315379223    0.242686017
   12.552552553    0.420206299    0.420335580    0.257067154
   12.572572573    0.459395017    0.459480157    0.334396608
   12.592592593    0.527044018    0.527075779    0.490753447
   12.612612613    0.669437887    0.669482547    0.610097879
   12.632632633    1.022778718    1.022877712    0.750790954
   12.652652653    1.050544301    1.050476369    0.735424044
   12.672672673    0.784565775    0.784501361    0.826413679
   12.692692693    0.621551089    0.621482522    1.008319860
   12.712712713    0.601852796    0.601793353    1.273139699
   12.732732733    0.748128491    0.748093087    1.418473963
   12.752752753    1.098679908    1.098658914    1.225022409
   12.772772773    0.977932185    0.977801190    1.138188059
   12.792792793    0.631375621    0.631273176    1.217348974
   12.812812813    0.484696190    0.484677595    1.429750132
   12.832832833    0.518945173    0.518971425    1.324704124
   12.852852853    0.651495693    0.651432784    0.997625468
   12.872872873    0.722677492    0.722576194    0.951942129
   12.892892893    0.773225437    0.773178722    1.203529372
   12.912912913    0.938964295    0.938937596    1.667454006
   12.932932933    1.145684124    1.145674386    1.797370025
   12.952952953    1.115172313    1.115210200    1.697878658
   12.972972973    1.440314153    1.440422166    1.678876340
   12.992992993    1.725198150    1.725483277    1.566958645
   13.013013013    1.858600254    1.858836708    1.674200994
   13.033033033    1.566358769    1.566635627    1.378054639
   13.053053053    1.712121726    1.712265424    1.251654656
   13.073073073    1.244945502    1.244844754    1.350515985
   13.093093093    0.865955592    0.865965209    1.691791774
   13.113113113    0.758930470    0.758996285    2.121656859
   13.133133133    0.859387954    0.859535222    1.832031245
   13.153153153    1.234964631    1.235294044    1.647952374
   13.173173173    1.978760034    1.979180738    1.698766800
   13.193193193    2.704571958    2.704787869    1.989760358
   13.213213213    3.087526135    3.087829969    2.176759573
   13.233233233    2.632494510    2.632538670    2.659616570
   13.253253253    2.726352352    2.726596445    3.340558465
   13.273273273    3.871555718    3.872512701    2.765330178
   13.293293293    3.903658079    3.904073669    2.136736615
   13.313313313    2.689132161    2.688997923    2.350730904
   13.333333333    2.658238114    2.657753143    3.614877868
   13.353353353    2.836945230    2.836440817    3.690656973
   13.373373373    2.596891873    2.595965343    2.216808988
   13.393393393    2.166147377    2.165043827    1.625255791
   13.413413413    2.185792731    2.185490435    1.745333442
   13.433433433    2.174414093    2.174378789    2.568329473
   13.453453453    2.854793198    2.854752583    2.989455369
   13.473473473    2.988284060    2.988579046    2.890994945
   13.493493493    2.953559901    2.953294559    2.813027916
   13.513513514    3.422599274    3.422127258    3.647120778
   13.533533534    4.420832850    4.420696462    4.188835354
   13.553553554    4.549217017    4.548887943    3.299395063
   13.573573574    5.240874542    5.240858132    3.156517526
   13.593593594    7.515316516    7.515153704    3.293601972
   13.613613614    7.566368166    7.565296067    2.610077036
   13.633633634    4.953997997    4.953019384    2.395785646
   13.653653654    3.473031524    3.472173837    3.024106134
   13.673673674    3.238045449    3.237265712    3.431954083
   13.693693694    3.189503671    3.189051182    3.599966677
   13.713713714    3.487835196    3.488499305    2.774548404
   13.733733734    3.387518174    3.387719785    2.405691191
   13.753753754    2.627289820    2.627023513    2.421397099
   13.773773774    2.788970108    2.788898170    2.169250650
   13.793793794    2.729815811    2.730358360    1.700381716
   13.813813814    2.487239004    2.487816208    1.573524671
   13.833833834    3.414891788    3.415612828    1.804549307
   13.853853854    3.749543952    3.749498900    2.354276780
   13.873873874    2.356753677    2.356428480    2.477110645
   13.893893894    1.770546050    1.770048612    2.593822816
   13.913913914    1.974691976    1.973606784    2.753702743
   13.933933934    2.887480246    2.885394870    3.103496948
   13.953953954    3.140061391    3.138368055    2.369008962
   13.973973974    2.580832519    2.580140434    1.957594236
   13.993993994    2.227636475    2.227080996    2.062517145
   14.014014014    2.108300737    2.108018892    2.451525194
   14.034034034    2.359508564    2.359424530    2.601509629
   14.054054054    2.119008097    2.119100361    2.916345931
   14.074074074    2.101878132    2.102816407    3.080144560
   14.094094094    2.831204866    2.832928140    2.509196938
   14.114114114    2.865356170    2.865786701    2.227792044
   14.134134134    2.010312877    2.010622677    3.197762471
   14.154154154    1.828793373    1.829167668    4.192806117
   14.174174174    2.280826698    2.281207703    2.912717355
   14.194194194    3.485708487    3.485592414    1.682211863
   14.214214214    4.987745610    4.987499743    1.248566146
   14.234234234    6.385259167    6.386455770    1.188237006
   14.254254254    5.843278385    5.840469621    0.877808809
   14.274274274    4.816980266    4.824456768    0.719283795
   14.294294294    5.604361386    5.612012076    0.725433080
   14.314314314    5.772561399    5.775671273    0.810793885
   14.334334334    4.907549535    4.908551453    0.823909133
   14.354354354    3.868863287    3.869724957    0.709475597
   14.374374374    4.060186025    4.060880149    0.642479936
   14.394394394    2.859532443    2.860195322    0.607455321
   14.414414414    1.966344877    1.966896994    0.610487011
   14.434434434    1.401676830    1.401942080    0.619496022
   14.454454454    1.108310266    1.108537569    0.687146138
   14.474474474    1.102430238    1.102643889    0.551820233
   14.494494494    1.394470924    1.394665345    0.498875048
   14.514514515    1.934136018    1.934415528    0.492676490
   14.534534535    2.723251291    2.723905458    0.547557775
   14.554554555    4.527767775    4.528880608    0.777121234
   14.574574575    4.699531672    4.700927226    0.938787272
   14.594594595    3.112427941    3.113328334    0.848675136
   14.614614615    1.865324832    1.865981844    0.538905621
   14.634634635    1.404559783    1.405282869    0.458923833
   14.654654655    1.290495886    1.291869447    0.482618519
   14.674674675    1.127357834    1.129538531    0.406869412
   14.694694695    1.116468790    1.120438847    0.360375750
   14.714714715    1.356720066    1.356387891    0.333845520
   14.734734735    1.512053706    1.510559789    0.327092560
   14.754754755    1.397542245    1.396981968    0.277876445
   14.774774775    1.270520172    1.270258883    0.288834385
   14.794794795    1.332331610    1.332039100    0.387830963
   14.814814815    1.157770050    1.157511994    0.387634031
   14.834834835    1.253093460    1.253096729    0.350470670
   14.854854855    1.726897941    1.727111681    0.442398640
   14.874874875    2.572139179    2.572723994    0.587387231
   14.894894895    3.548568225    3.549236148    0.609459155
   14.914914915    2.941433522    2.942944778    0.550237477
   14.934934935    2.597896151    2.599961615    0.440128374
   14.954954955    2.010337697    2.011855246    0.401225234
   14.974974975    1.602006213    1.603345658    0.306999595
   14.994994995    1.487510148    1.488035965    0.289581081
   15.015015015    1.393606410    1.394188396    0.327202220
   15.035035035    1.016410781    1.017419647    0.345131946
   15.055055055    0.721049209    0.721569963    0.292708878
   15.075075075    0.642169336    0.642456555    0.271826805
   15.095095095    0.709330178    0.709526025    0.313173618
   15.115115115    0.930270175    0.930477222    0.369275890
   15.135135135    1.371184827    1.371367897    0.392395131
   15.155155155    1.468114055    1.468162450    0.401249757
   15.175175175    1.642988250    1.643035817    0.357096452
   15.195195195    2.067518849    2.067418258    0.312431136
   15.215215215    1.916866126    1.916404261    0.379018857
   15.235235235    1.658177459    1.657962269    0.572484992
   15.255255255    1.999728039    1.999662816    0.790088169
   15.275275275    1.966641474    1.966513248    0.749320532
   15.295295295    2.040017470    2.039942892    0.611988043
   15.315315315    2.238520816    2.238211078    0.658929723
   15.335335335    1.724062790    1.722893957    0.641814141
   15.355355355    1.840182575    1.837891468    0.586548085
   15.375375375    2.122587679    2.124435318    0.522130030
   15.395395395    1.651353171    1.653342127    0.467323296
   15.415415415    1.250571351    1.251363503    0.460759329
   15.435435435    1.066857204    1.067244524    0.630108181
   15.455455455    0.761964493    0.762199497    0.733561828
   15.475475475    0.580324061    0.580529487    0.711843705
   15.495495495    0.547582435    0.547744630    0.678919118
   15.515515516    0.618943433    0.619114042    0.618725382
   15.535535536    0.882818590    0.883084398    0.543507693
   15.555555556    1.294998063    1.295334271    0.382141874
   15.575575576    1.056979529    1.057177997    0.285367888
   15.595595596    0.760486880    0.760638548    0.225091584
   15.615615616    0.714554107    0.714536298    0.173387091
   15.635635636    0.746968423    0.746951062    0.164370072
   15.655655656    0.732904389    0.732954589    0.186606407
   15.675675676    0.882650877    0.882740794    0.259486425
   15.695695696    1.289425479    1.289487705    0.364115103
   15.715715716    1.212933428    1.212944348    0.391711141
   15.735735736    0.837058466    0.837086404    0.511419424
   15.755755756    0.772922952    0.773004674    0.498210175
   15.775775776    0.987144286    0.987232204    0.317485222
   15.795795796    1.126786909    1.126639076    0.255279928
   15.815815816    1.243879056    1.243797470    0.279930558
   15.835835836    1.791725754    1.791921016    0.318680182
   15.855855856    2.785260024    2.785454550    0.441556040
   15.875875876    3.914032958    3.914275747    0.615810001
   15.895895896    3.469095343    3.469041608    0.617620969
   15.915915916    1.911971550    1.911888627    0.503587801
   15.935935936    1.347797822    1.347735697    0.457242895
   15.955955956    1.444097491    1.444033847    0.403177922
   15.975975976    2.211483187    2.211354258    0.394309643
   15.995995996    2.934292283    2.933860365    0.329234852
   16.016016016    2.342953934    2.342847920    0.294892290
   16.036036036    2.092831065    2.092614111    0.253716327
   16.056056056    2.204147491    2.203809893    0.190126288
   16.076076076    1.769205128    1.768857549    0.161415343
   16.096096096    1.201104291    1.201218353    0.184142025
   16.116116116    0.859364205    0.859557124    0.183211343
   16.136136136    0.818847668    0.819021473    0.188222031
   16.156156156    0.868262017    0.868280762    0.267203527
   16.176176176    1.035988912    1.035967307    0.330677738
   16.196196196    1.357826395    1.357667967    0.381225152
   16.216216216    1.046620230    1.046200566    0.358488297
   16.236236236    0.892879607    0.891816571    0.317262290
   16.256256256    1.070757953    1.068005739    0.328866896
   16.276276276    1.295551057    1.295520363    0.293182733
   16.296296296    0.933541676    0.935286668    0.284082228
   16.316316316    0.598450299    0.599044260    0.253054298
   16.336336336    0.475149324    0.475335658    0.268185380
   16.356356356    0.432446614    0.432483394    0.289918040
   16.376376376    0.468573564    0.468599104    0.335440256
   16.396396396    0.631181616    0.631181222    0.364756103
   16.416416416    0.997059105    0.997225475    0.336511665
   16.436436436    1.592263578    1.592630152    0.272946328
   16.456456456    1.238546811    1.238875555    0.304084645
   16.476476476    0.854685749    0.855019334    0.337503669
   16.496496496    0.699429516    0.699574393    0.257319046
   16.516516517    0.462645790    0.462717640    0.256429194
   16.536536537    0.351549644    0.351638889    0.360646380
   16.556556557    0.337173755    0.337253201    0.328462092
   16.576576577    0.358293565    0.358440130    0.291774892
   16.596596597    0.282996403    0.283615793    0.275072876
   16.616616617    0.239845275    0.241353780    0.191469524
   16.636636637    0.230245106    0.231611928    0.178636021
   16.656656657    0.256780922    0.257409571    0.161923227
   16.676676677    0.286239578    0.286547777    0.137450364
   16.696696697    0.300726173    0.300907651    0.152853324
   16.716716717    0.309562988    0.309705163    0.216467676
   16.736736737    0.386795625    0.386925729    0.303174228
   16.756756757    0.500688397    0.500836746    0.364832596
   16.776776777    0.714713850    0.714918618    0.305620675
   16.796796797    1.126099506    1.126295282    0.205206652
   16.816816817    1.511585291    1.511739632    0.179049996
   16.836836837    1.254383546    1.254419727    0.143924915
   16.856856857    0.695876936    0.696084115    0.088112828
   16.876876877    0.459578340    0.460128825    0.059962299
   16.896896897    0.437858705    0.439163460    0.047566975
   16.916916917    0.561564376    0.563621967    0.042332586
   16.936936937    0.783073514    0.783565430    0.038994500
   16.956956957    0.691601439    0.690504610    0.039336331
   16.976976977    0.449764355    0.449237773    0.040372816
   16.996996997    0.364801706    0.364554574    0.041500239
   17.017017017    0.417625046    0.417485665    0.051487806
   17.037037037    0.445660237    0.445627358    0.060744910
   17.057057057    0.440570413    0.440529661    0.060342911
   17.077077077    0.353904005    0.353861331    0.062718018
   17.097097097    0.398078400    0.398024210    0.092798175
   17.117117117    0.402583024    0.402354691    0.108663098
   17.137137137    0.278259512    0.278106569    0.075517253
   17.157157157    0.237594816    0.237518361    0.065600383
   17.177177177    0.269402580    0.269343260    0.068967499
   17.197197197    0.393080514    0.393008465    0.092235044
   17.217217217    0.603882892    0.603839199    0.132151293
   17.237237237    0.756660013    0.756622311    0.127227130
   17.257257257    0.850083941    0.849979694    0.084342618
   17.277277277    0.801617079    0.801454865    0.068607586
   17.297297297    0.887201373    0.887195695    0.063078476
   17.317317317    1.074565570    1.074653563    0.069181254
   17.337337337    1.099772804    1.099958739    0.087390679
   17.357357357    1.058884990    1.058961626    0.090099253
   17.377377377    0.689102219    0.688953103    0.063180443
   17.397397397    0.430582105    0.430060986    0.054479751
   17.417417417    0.367609054    0.366236946    0.059366986
   17.437437437    0.390982114    0.388978931    0.062908695
   17.457457457    0.392673263    0.392198003    0.084116896
   17.477477477    0.431728361    0.431775130    0.124938803
   17.497497497    0.447343837    0.447429022    0.152634480
   17.517517518    0.345131406    0.345151046    0.107559634
   17.537537538    0.250229880    0.250248206    0.072766070
   17.557557558    0.232196760    0.232221121    0.071629010
   17.577577578    0.243284497    0.243316547    0.083786900
   17.597597598    0.292013900    0.292155937    0.068197408
   17.617617618    0.422492773    0.422962769    0.053691097
   17.637637638    0.668150209    0.669284134    0.050058462
   17.657657658    0.946884899    0.947175874    0.054781850
   17.677677678    0.909112907    0.908630599    0.056150594
   17.697697698    0.764736700    0.764663883    0.051621675
   17.717717718    0.641791016    0.642255091    0.051562958
   17.737737738    0.401413067    0.401905838    0.054266054
   17.757757758    0.299545131    0.300154622    0.076245687
   17.777777778    0.265665983    0.266073693    0.106191532
   17.797797798    0.282619298    0.282798961    0.108049750
   17.817817818    0.372382695    0.372522776    0.083798851
   17.837837838    0.582117191    0.582316373    0.073045198
   17.857857858    0.989075355    0.989468441    0.066588455
   17.877877878    1.128278410    1.128985908    0.079688117
   17.897897898    0.926128121    0.926749644    0.092765283
   17.917917918    1.124459747    1.124791467    0.076818026
   17.937937938    0.883890939    0.884021485    0.075712182
   17.957957958    0.542347377    0.542478115    0.103421348
   17.977977978    0.468141788    0.468282155    0.147271354
   17.997997998    0.542908306    0.543042165    0.120362179
   18.018018018    0.745424250    0.745569216    0.080738181
   18.038038038    0.574239687    0.574284079    0.067325456
   18.058058058    0.361703514    0.361727841    0.066684152
   18.078078078    0.311524337    0.311535523    0.076544850
   18.098098098    0.349015503    0.349001801    0.110864983
   18.118118118    0.456293470    0.456315109    0.192908990
   18.138138138    0.559283119    0.559271654    0.291567312
   18.158158158    0.562265444    0.562262663    0.305442351
   18.178178178    0.514183925    0.514155998    0.212904353
   18.198198198    0.385148826    0.385084599    0.146430442
   18.218218218    0.262676458    0.262611083    0.135034019
   18.238238238    0.185511164    0.185482782    0.173754548
   18.258258258    0.163859320    0.163850037    0.297279811
   18.278278278    0.172285838    0.172283868    0.487391631
   18.298298298    0.201717461    0.201725006    0.450166469
   18.318318318    0.291326966    0.291354273    0.276483876
   18.338338338    0.490419896    0.490472920    0.230390687
   18.358358358    0.780895373    0.780985586    0.281570395
   18.378378378    0.654203515    0.654336834    0.378195833
   18.398398398    0.426594467    0.426680144    0.456699175
   18.418418418    0.300413049    0.300420401    0.687622735
   18.438438438    0.265091541    0.265048972    0.587820979
   18.458458458    0.283394579    0.283310223    0.328975352
   18.478478478    0.372077549    0.371900613    0.232616932
   18.498498498    0.456476337    0.456005940    0.218731669
   18.518518519    0.607431162    0.606199774    0.279589838
   18.538538539    0.589504447    0.588508773    0.237295571
   18.558558559    0.499740072    0.501100233    0.175329699
   18.578578579    0.425123041    0.423371231    0.186557173
   18.598598599    0.422661055    0.421029355    0.181199044
   18.618618619    0.501801662    0.501124885    0.180542142
   18.638638639    0.388302962    0.388007835    0.124088356
   18.658658659    0.313935004    0.313810782    0.080418293
   18.678678679    0.284604632    0.284513754    0.063536071
   18.698698699    0.318128824    0.318054313    0.063921762
   18.718718719    0.367767586    0.367696528    0.081980934
   18.738738739    0.484774856    0.484728463    0.097812100
   18.758758759    0.612948555    0.613038477    0.121472149
   18.778778779    0.667250126    0.667325572    0.152649258
   18.798798799    0.756794170    0.756959391    0.162158574
   18.818818819    0.749601862    0.749726535    0.162421437
   18.838838839    0.601189429    0.601117472    0.170655262
   18.858858859    0.393172427    0.393112126    0.119946529
   18.878878879    0.304614377    0.304616335    0.083749361
   18.898898899    0.232912429    0.232947036    0.053888187
   18.918918919    0.200898880    0.200912832    0.039925373
   18.938938939    0.203311926    0.203339243    0.035320694
   18.958958959    0.195325351    0.195373226    0.036105969
   18.978978979    0.163916382    0.163943239    0.044971221
   18.998998999    0.158431253    0.158484911    0.066164797
   19.019019019    0.181462635    0.181573895    0.083877656
   19.039039039    0.218667100    0.218816710    0.103353762
   19.059059059    0.303920388    0.304101170    0.099984301
   19.079079079    0.419872431    0.419923467    0.070965025
   19.099099099    0.484720023    0.484616120    0.054968855
   19.119119119    0.325381430    0.325286352    0.044100147
   19.139139139    0.211291209    0.211234138    0.040842363
   19.159159159    0.174659501    0.174615802    0.046204545
   19.179179179    0.166330799    0.166284154    0.047043448
   19.199199199    0.203635089    0.203545006    0.056450673
   19.219219219    0.244791085    0.244600558    0.074475823
   19.239239239    0.265722210    0.265679398    0.060586027
   19.259259259    0.330664190    0.330827933    0.055190021
   19.279279279    0.301283519    0.301271028    0.066267775
   19.299299299    0.356286174    0.356021335    0.058724281
   19.319319319    0.396945603    0.396645668    0.048702829
   19.339339339    0.241402240    0.241299227    0.054512052
   19.359359359    0.152700261    0.152644587    0.071811696
   19.379379379    0.129644015    0.129598976    0.076944051
   19.399399399    0.120592370    0.120544862    0.095847914
   19.419419419    0.116138432    0.116120113    0.158578215
   19.439439439    0.108926238    0.108914686    0.278964712
   19.459459459    0.101832888    0.101817608    0.413935838
   19.479479479    0.108905282    0.108902719    0.424094338
   19.499499499    0.097396781    0.097402478    0.230454003
   19.519519520    0.075570637    0.075578059    0.136975486
   19.539539540    0.061414843    0.061423097    0.106387529
   19.559559560    0.057394229    0.057399671    0.094286809
   19.579579580    0.063422950    0.063427694    0.075638260
   19.599599600    0.081401479    0.081406653    0.076693183
   19.619619620    0.119222286    0.119229453    0.087033777
   19.639639640    0.203014110    0.203024690    0.101761996
   19.659659660    0.253620248    0.253680211    0.129256723
   19.679679680    0.227337606    0.227423805    0.134192643
   19.699699700    0.236114059    0.236228144    0.101073421
   19.719719720    0.291298073    0.291450986    0.103258707
   19.739739740    0.282670874    0.282917921    0.104138723
   19.759759760    0.299044045    0.299304990    0.085438349
   19.779779780    0.303759438    0.304098127    0.070480583
   19.799799800    0.334751594    0.335004329    0.080422258
   19.819819820    0.339811503    0.340078127    0.113126878
   19.839839840    0.293296412    0.293625211    0.155071770
   19.859859860    0.254368493    0.254546790    0.156926336
   19.879879880    0.235945052    0.236054784    0.128790650
   19.899899900    0.166436085    0.166462051    0.091522439
   19.919919920    0.151449110    0.151401667    0.090498056
   19.939939940    0.181417955    0.181294682    0.110103479
   19.959959960    0.210215012    0.210055439    0.123880830
   19.979979980    0.237709610    0.237397675    0.178178300
   20.000000000    0.293320818    0.292563898    0.275467529
