# energy grid [eV]     epsr_x  epsr_y  epsr_z
# plasmon frequences [eV]:    11.113107652   11.113477898    9.349077768
    0.000000000    2.238357655    2.238389459    1.634335369
    0.020020020    2.238367881    2.238399685    1.634337727
    0.040040040    2.238398559    2.238430363    1.634344800
    0.060060060    2.238449695    2.238481499    1.634356589
    0.080080080    2.238521295    2.238553099    1.634373095
    0.100100100    2.238613370    2.238645174    1.634394320
    0.120120120    2.238725933    2.238757737    1.634420264
    0.140140140    2.238859000    2.238890804    1.634450929
    0.160160160    2.239012591    2.239044394    1.634486318
    0.180180180    2.239186726    2.239218529    1.634526433
    0.200200200    2.239381431    2.239413234    1.634571276
    0.220220220    2.239596735    2.239628537    1.634620852
    0.240240240    2.239832667    2.239864469    1.634675164
    0.260260260    2.240089262    2.240121064    1.634734214
    0.280280280    2.240366557    2.240398359    1.634798009
    0.300300300    2.240664592    2.240696393    1.634866552
    0.320320320    2.240983410    2.241015210    1.634939847
    0.340340340    2.241323056    2.241354856    1.635017901
    0.360360360    2.241683580    2.241715380    1.635100719
    0.380380380    2.242065035    2.242096833    1.635188306
    0.400400400    2.242467474    2.242499273    1.635280669
    0.420420420    2.242890958    2.242922756    1.635377815
    0.440440440    2.243335548    2.243367345    1.635479750
    0.460460460    2.243801308    2.243833104    1.635586482
    0.480480480    2.244288306    2.244320102    1.635698018
    0.500500501    2.244796614    2.244828409    1.635814367
    0.520520521    2.245326307    2.245358101    1.635935537
    0.540540541    2.245877462    2.245909255    1.636061537
    0.560560561    2.246450160    2.246481952    1.636192375
    0.580580581    2.247044487    2.247076278    1.636328061
    0.600600601    2.247660529    2.247692319    1.636468606
    0.620620621    2.248298379    2.248330168    1.636614018
    0.640640641    2.248958131    2.248989920    1.636764310
    0.660660661    2.249639885    2.249671672    1.636919491
    0.680680681    2.250343741    2.250375527    1.637079574
    0.700700701    2.251069806    2.251101590    1.637244570
    0.720720721    2.251818188    2.251849972    1.637414490
    0.740740741    2.252589001    2.252620784    1.637589349
    0.760760761    2.253382362    2.253414143    1.637769158
    0.780780781    2.254198391    2.254230171    1.637953931
    0.800800801    2.255037213    2.255068991    1.638143682
    0.820820821    2.255898955    2.255930732    1.638338425
    0.840840841    2.256783751    2.256815526    1.638538174
    0.860860861    2.257691736    2.257723509    1.638742944
    0.880880881    2.258623051    2.258654823    1.638952752
    0.900900901    2.259577840    2.259609610    1.639167612
    0.920920921    2.260556253    2.260588021    1.639387541
    0.940940941    2.261558442    2.261590208    1.639612556
    0.960960961    2.262584564    2.262616328    1.639842674
    0.980980981    2.263634782    2.263666544    1.640077912
    1.001001001    2.264709262    2.264741022    1.640318289
    1.021021021    2.265808175    2.265839933    1.640563824
    1.041041041    2.266931696    2.266963452    1.640814534
    1.061061061    2.268080006    2.268111760    1.641070440
    1.081081081    2.269253290    2.269285041    1.641331562
    1.101101101    2.270451738    2.270483487    1.641597920
    1.121121121    2.271675545    2.271707292    1.641869536
    1.141141141    2.272924912    2.272956656    1.642146430
    1.161161161    2.274200043    2.274231784    1.642428624
    1.181181181    2.275501150    2.275532888    1.642716142
    1.201201201    2.276828449    2.276860184    1.643009005
    1.221221221    2.278182161    2.278213893    1.643307239
    1.241241241    2.279562513    2.279594242    1.643610866
    1.261261261    2.280969739    2.281001465    1.643919912
    1.281281281    2.282404078    2.282435801    1.644234402
    1.301301301    2.283865774    2.283897493    1.644554361
    1.321321321    2.285355078    2.285386794    1.644879816
    1.341341341    2.286872248    2.286903960    1.645210794
    1.361361361    2.288417547    2.288449255    1.645547323
    1.381381381    2.289991245    2.290022950    1.645889430
    1.401401401    2.291593619    2.291625321    1.646237145
    1.421421421    2.293224954    2.293256651    1.646590497
    1.441441441    2.294885538    2.294917231    1.646949516
    1.461461461    2.296575671    2.296607359    1.647314233
    1.481481481    2.298295656    2.298327340    1.647684679
    1.501501502    2.300045807    2.300077487    1.648060887
    1.521521522    2.301826444    2.301858118    1.648442889
    1.541541542    2.303637894    2.303669564    1.648830719
    1.561561562    2.305480493    2.305512158    1.649224411
    1.581581582    2.307354586    2.307386246    1.649624000
    1.601601602    2.309260526    2.309292181    1.650029522
    1.621621622    2.311198673    2.311230322    1.650441013
    1.641641642    2.313169397    2.313201041    1.650858512
    1.661661662    2.315173078    2.315204716    1.651282055
    1.681681682    2.317210103    2.317241735    1.651711681
    1.701701702    2.319280872    2.319312497    1.652147432
    1.721721722    2.321385791    2.321417410    1.652589347
    1.741741742    2.323525278    2.323556891    1.653037467
    1.761761762    2.325699761    2.325731367    1.653491836
    1.781781782    2.327909679    2.327941278    1.653952497
    1.801801802    2.330155481    2.330187073    1.654419493
    1.821821822    2.332437628    2.332469213    1.654892871
    1.841841842    2.334756592    2.334788169    1.655372676
    1.861861862    2.337112856    2.337144426    1.655858955
    1.881881882    2.339506918    2.339538479    1.656351758
    1.901901902    2.341939284    2.341970838    1.656851132
    1.921921922    2.344410476    2.344442022    1.657357130
    1.941941942    2.346921030    2.346952566    1.657869801
    1.961961962    2.349471492    2.349503019    1.658389199
    1.981981982    2.352062424    2.352093943    1.658915378
    2.002002002    2.354694403    2.354725912    1.659448393
    2.022022022    2.357368019    2.357399519    1.659988299
    2.042042042    2.360083880    2.360115369    1.660535155
    2.062062062    2.362842606    2.362874085    1.661089020
    2.082082082    2.365644836    2.365676305    1.661649952
    2.102102102    2.368491224    2.368522682    1.662218015
    2.122122122    2.371382443    2.371413890    1.662793270
    2.142142142    2.374319182    2.374350617    1.663375782
    2.162162162    2.377302148    2.377333572    1.663965617
    2.182182182    2.380332069    2.380363480    1.664562842
    2.202202202    2.383409690    2.383441089    1.665167527
    2.222222222    2.386535778    2.386567164    1.665779741
    2.242242242    2.389711120    2.389742492    1.666399557
    2.262262262    2.392936523    2.392967882    1.667027048
    2.282282282    2.396212818    2.396244163    1.667662291
    2.302302302    2.399540858    2.399572189    1.668305362
    2.322322322    2.402921521    2.402952837    1.668956341
    2.342342342    2.406355707    2.406387008    1.669615310
    2.362362362    2.409844343    2.409875628    1.670282351
    2.382382382    2.413388382    2.413419650    1.670957549
    2.402402402    2.416988802    2.417020054    1.671640992
    2.422422422    2.420646613    2.420677848    1.672332770
    2.442442442    2.424362849    2.424394067    1.673032974
    2.462462462    2.428138579    2.428169779    1.673741698
    2.482482482    2.431974899    2.432006080    1.674459039
    2.502502503    2.435872940    2.435904102    1.675185095
    2.522522523    2.439833865    2.439865007    1.675919969
    2.542542543    2.443858872    2.443889994    1.676663763
    2.562562563    2.447949195    2.447980296    1.677416586
    2.582582583    2.452106105    2.452137185    1.678178547
    2.602602603    2.456330912    2.456361970    1.678949757
    2.622622623    2.460624967    2.460656002    1.679730334
    2.642642643    2.464989661    2.465020674    1.680520396
    2.662662663    2.469426431    2.469457420    1.681320064
    2.682682683    2.473936757    2.473967720    1.682129465
    2.702702703    2.478522166    2.478553104    1.682948726
    2.722722723    2.483184235    2.483215147    1.683777982
    2.742742743    2.487924592    2.487955477    1.684617367
    2.762762763    2.492744917    2.492775774    1.685467023
    2.782782783    2.497646945    2.497677774    1.686327093
    2.802802803    2.502632469    2.502663269    1.687197726
    2.822822823    2.507703344    2.507734114    1.688079075
    2.842842843    2.512861483    2.512892222    1.688971297
    2.862862863    2.518108869    2.518139576    1.689874555
    2.882882883    2.523447549    2.523478224    1.690789016
    2.902902903    2.528879645    2.528910286    1.691714851
    2.922922923    2.534407350    2.534437956    1.692652240
    2.942942943    2.540032937    2.540063507    1.693601364
    2.962962963    2.545758759    2.545789292    1.694562414
    2.982982983    2.551587255    2.551617750    1.695535585
    3.003003003    2.557520952    2.557551407    1.696521077
    3.023023023    2.563562471    2.563592886    1.697519100
    3.043043043    2.569714530    2.569744903    1.698529868
    3.063063063    2.575979950    2.576010281    1.699553605
    3.083083083    2.582361661    2.582391948    1.700590540
    3.103103103    2.588862703    2.588892944    1.701640911
    3.123123123    2.595486237    2.595516431    1.702704964
    3.143143143    2.602235548    2.602265693    1.703782956
    3.163163163    2.609114050    2.609144146    1.704875150
    3.183183183    2.616125299    2.616155343    1.705981820
    3.203203203    2.623272992    2.623302983    1.707103250
    3.223223223    2.630560983    2.630590919    1.708239736
    3.243243243    2.637993284    2.638023164    1.709391582
    3.263263263    2.645574079    2.645603901    1.710559107
    3.283283283    2.653307733    2.653337494    1.711742641
    3.303303303    2.661198798    2.661228498    1.712942527
    3.323323323    2.669252030    2.669281666    1.714159122
    3.343343343    2.677472397    2.677501966    1.715392797
    3.363363363    2.685865089    2.685894590    1.716643938
    3.383383383    2.694435541    2.694464971    1.717912950
    3.403403403    2.703189436    2.703218794    1.719200253
    3.423423423    2.712132730    2.712162012    1.720506284
    3.443443443    2.721271662    2.721300866    1.721831501
    3.463463463    2.730612777    2.730641901    1.723176382
    3.483483483    2.740162945    2.740191986    1.724541427
    3.503503504    2.749929381    2.749958335    1.725927159
    3.523523524    2.759919669    2.759948533    1.727334124
    3.543543544    2.770141786    2.770170558    1.728762897
    3.563563564    2.780604131    2.780632808    1.730214079
    3.583583584    2.791315557    2.791344135    1.731688299
    3.603603604    2.802285398    2.802313873    1.733186221
    3.623623624    2.813523508    2.813551877    1.734708541
    3.643643644    2.825040301    2.825068560    1.736255991
    3.663663664    2.836846791    2.836874935    1.737829343
    3.683683684    2.848954640    2.848982666    1.739429410
    3.703703704    2.861376209    2.861404112    1.741057049
    3.723723724    2.874124617    2.874152392    1.742713168
    3.743743744    2.887213799    2.887241441    1.744398722
    3.763763764    2.900658579    2.900686084    1.746114728
    3.783783784    2.914474748    2.914502109    1.747862258
    3.803803804    2.928679144    2.928706356    1.749642453
    3.823823824    2.943289752    2.943316808    1.751456524
    3.843843844    2.958325808    2.958352702    1.753305758
    3.863863864    2.973807918    2.973834645    1.755191526
    3.883883884    2.989758194    2.989784745    1.757115292
    3.903903904    3.006200399    3.006226767    1.759078618
    3.923923924    3.023160124    3.023186301    1.761083174
    3.943943944    3.040664972    3.040690949    1.763130750
    3.963963964    3.058744783    3.058770552    1.765223269
    3.983983984    3.077431884    3.077457435    1.767362795
    4.004004004    3.096761368    3.096786690    1.769551553
    4.024024024    3.116771428    3.116796511    1.771791941
    4.044044044    3.137503735    3.137528567    1.774086555
    4.064064064    3.159003877    3.159028446    1.776438205
    4.084084084    3.181321871    3.181346163    1.778849944
    4.104104104    3.204512761    3.204536762    1.781325092
    4.124124124    3.228637327    3.228661021    1.783867273
    4.144144144    3.253762917    3.253786288    1.786480451
    4.164164164    3.279964446    3.279987475    1.789168971
    4.184184184    3.307325583    3.307348251    1.791937616
    4.204204204    3.335940196    3.335962482    1.794791660
    4.224224224    3.365914104    3.365935983    1.797736943
    4.244244244    3.397367221    3.397388668    1.800779949
    4.264264264    3.430436219    3.430457204    1.803927910
    4.284284284    3.465277845    3.465298337    1.807188917
    4.304304304    3.502073113    3.502093078    1.810572066
    4.324324324    3.541032654    3.541052051    1.814087627
    4.344344344    3.582403628    3.582422412    1.817747253
    4.364364364    3.626478776    3.626496897    1.821564232
    4.384384384    3.673608465    3.673625862    1.825553809
    4.404404404    3.724216950    3.724233555    1.829733577
    4.424424424    3.778824773    3.778840505    1.834123977
    4.444444444    3.838080203    3.838094965    1.838748934
    4.464464464    3.902804389    3.902818064    1.843636672
    4.484484484    3.974057845    3.974070283    1.848820787
    4.504504505    4.053241076    4.053252091    1.854341656
    4.524524525    4.142251669    4.142261014    1.860248330
    4.544544545    4.243737811    4.243745153    1.866601127
    4.564564565    4.361521918    4.361526786    1.873475222
    4.584584585    4.501330962    4.501332666    1.880965754
    4.604604605    4.672070621    4.672068105    1.889195219
    4.624624625    4.887889715    4.887881330    1.898324500
    4.644644645    5.169731341    5.169714785    1.908569734
    4.664664665    5.527669231    5.527644711    1.920228932
    4.684684685    5.743747118    5.743750902    1.933724987
    4.704704705    4.673050142    4.673186509    1.949677530
    4.724724725    3.788140698    3.788224152    1.969039856
    4.744744745    3.650995788    3.650959400    1.993306993
    4.764764765    3.735193061    3.735237504    2.024805773
    4.784784785    4.197921816    4.197994170    2.066295836
    4.804804805    4.671005294    4.671066352    2.111433707
    4.824824825    4.737933912    4.737845024    2.072781079
    4.844844845    4.258537426    4.258437336    1.914357675
    4.864864865    4.550039796    4.550007193    1.931685341
    4.884884885    4.800592577    4.800465430    1.937936470
    4.904904905    4.350064094    4.349861416    1.781145622
    4.924924925    4.622865982    4.622704333    1.774114525
    4.944944945    5.328471923    5.328271155    1.845013467
    4.964964965    6.186866757    6.186602719    1.922420607
    4.984984985    7.098369583    7.098143744    1.992107596
    5.005005005    6.857241323    6.857687522    1.949758641
    5.025025025    4.179445403    4.180285055    1.771202894
    5.045045045    1.107317889    1.107812203    1.601955009
    5.065065065    0.409480145    0.409460958    1.600564310
    5.085085085    1.255738049    1.255624537    1.658120222
    5.105105105    2.218030373    2.217921575    1.707932129
    5.125125125    3.096520834    3.096410251    1.747209866
    5.145145145    3.891284248    3.891203192    1.779424816
    5.165165165    3.856299896    3.856609000    1.806194787
    5.185185185    1.810161746    1.810549651    1.827638012
    5.205205205    1.548465833    1.548426830    1.850193430
    5.225225225    2.202454250    2.202376464    1.873587250
    5.245245245    2.856565680    2.856503300    1.897297041
    5.265265265    3.407282362    3.407273780    1.921243919
    5.285285285    3.550781554    3.550829937    1.942409831
    5.305305305    3.336316136    3.336092476    1.966282102
    5.325325325    3.586325362    3.586206260    1.997749898
    5.345345345    4.127850840    4.127739781    2.034712915
    5.365365365    4.723772189    4.723632741    2.078884079
    5.385385385    5.388369381    5.388185523    2.133844875
    5.405405405    6.183226623    6.182976977    2.205227031
    5.425425425    7.192560341    7.192212170    2.300637086
    5.445445445    8.459458548    8.458980104    2.416155422
    5.465465465    9.375917773    9.375461164    2.425284565
    5.485485485    8.241819313    8.242659884    2.157498274
    5.505505506    3.775068967    3.777556027    1.772831927
    5.525525526   -1.776643778   -1.775294482    1.413078402
    5.545545546   -1.781142102   -1.781656187    1.452877914
    5.565565566    0.026821658    0.026177327    1.606530268
    5.585585586    1.725619856    1.725112208    1.750315569
    5.605605606    2.591229946    2.591605664    1.840346033
    5.625625626    1.492241170    1.492773184    1.776400350
    5.645645646    0.535245790    0.535205011    1.563414865
    5.665665666   -0.506806348   -0.506514773    1.407539431
    5.685685686   -0.522851741   -0.522832615    1.452643276
    5.705705706   -0.380133964   -0.380277359    1.527585103
    5.725725726    0.461429686    0.461126169    1.600842647
    5.745745746    1.435721067    1.435391407    1.666986143
    5.765765766    2.424088063    2.423707304    1.729930574
    5.785785786    3.509520476    3.509055652    1.795596706
    5.805805806    4.650750250    4.650385125    1.862054229
    5.825825826    4.652822237    4.653782233    1.866797843
    5.845845846    1.156314366    1.158658833    1.691737993
    5.865865866   -1.052260018   -1.052287564    1.578913585
    5.885885886    0.116953392    0.116286125    1.638559516
    5.905905906    1.721288231    1.720634805    1.719045771
    5.925925926    2.650097972    2.650222117    1.778623403
    5.945945946   -0.412597586   -0.410035725    1.681940199
    5.965965966   -3.987561697   -3.987086398    1.524524102
    5.985985986   -3.505665729   -3.506054751    1.549698932
    6.006006006   -2.434087708   -2.434430718    1.601606437
    6.026026026   -1.556990936   -1.557240634    1.644945861
    6.046046046   -0.850533769   -0.850722485    1.680511713
    6.066066066   -0.240377299   -0.240534004    1.711304827
    6.086086086    0.325214480    0.325056862    1.739598236
    6.106106106    0.851404356    0.851230864    1.767041671
    6.126126126    1.263435198    1.263408513    1.793955039
    6.146146146    0.773982322    0.774305603    1.815974785
    6.166166166    0.419139542    0.419096751    1.842417175
    6.186186186    0.998227269    0.998057905    1.881397698
    6.206206206    1.749501290    1.749316745    1.929050011
    6.226226226    2.318356378    2.318467911    1.964035427
    6.246246246    1.303617153    1.304598538    1.864792210
    6.266266266    0.376044744    0.375929193    1.779163703
    6.286286286    0.834876612    0.834835543    1.813563100
    6.306306306   -0.134095266   -0.133243264    1.724063652
    6.326326326   -1.190518265   -1.190515018    1.626778213
    6.346346346   -0.896530683   -0.896599125    1.664423259
    6.366366366   -0.989722115   -0.989778413    1.715191360
    6.386386386   -0.587948231   -0.588132592    1.759751855
    6.406406406    0.000219668    0.000033424    1.800900354
    6.426426426    0.589103566    0.588908945    1.842905946
    6.446446446    1.214418572    1.214198533    1.889750363
    6.466466466    1.838044970    1.837906251    1.939076489
    6.486486486    1.612642599    1.613384521    1.934066427
    6.506506507   -0.270424099   -0.269552736    1.819668839
    6.526526527   -0.682480905   -0.682561429    1.801689312
    6.546546547   -0.919457544   -0.919541627    1.731799974
    6.566566567   -1.234606834   -1.234653819    1.648916014
    6.586586587   -1.259893245   -1.259714071    1.675943193
    6.606606607   -1.255621700   -1.255629176    1.716106214
    6.626626627   -0.869250544   -0.869301316    1.763155741
    6.646646647   -0.498887632   -0.498931359    1.801057678
    6.666666667   -0.292698818   -0.292782609    1.779660340
    6.686686687   -0.153280160   -0.153317873    1.741516594
    6.706706707    0.050836090    0.050762504    1.768969186
    6.726726727    0.162784708    0.162723051    1.807435631
    6.746746747    0.391937033    0.391935538    1.847493786
    6.766766767    0.686683506    0.686679607    1.889918706
    6.786786787    0.848012990    0.848045956    1.907324274
    6.806806807    0.259478852    0.259652098    1.780547931
    6.826826827   -0.055985013   -0.055952902    1.702873217
    6.846846847    0.095530958    0.095633628    1.730249083
    6.866866867   -0.087202056   -0.087012012    1.751529907
    6.886886887   -0.063842017   -0.063813301    1.775179959
    6.906906907    0.142472090    0.142484165    1.801743898
    6.926926927    0.338562455    0.338582761    1.826251889
    6.946946947    0.513883049    0.513911338    1.849808015
    6.966966967    0.679759790    0.679794927    1.874216118
    6.986986987    0.846459771    0.846500896    1.900877128
    7.007007007    1.009831691    1.009868064    1.923984162
    7.027027027    1.079780460    1.079766086    1.892457474
    7.047047047    1.102941389    1.102940082    1.833703340
    7.067067067    1.241568922    1.241525261    1.850515197
    7.087087087    1.379613023    1.379480235    1.882287291
    7.107107107    1.512236611    1.512126156    1.915319700
    7.127127127    1.832241990    1.832158607    1.950496132
    7.147147147    2.100867308    2.100942648    1.976482906
    7.167167167    1.560805853    1.561416843    1.920910136
    7.187187187    0.647076611    0.647285577    1.828531372
    7.207207207    0.282427094    0.282596822    1.833354350
    7.227227227    0.194951034    0.194884257    1.856571973
    7.247247247    0.575497038    0.575417795    1.891006490
    7.267267267    1.051906710    1.051833982    1.927733212
    7.287287287    1.527956348    1.527896431    1.963322175
    7.307307307    1.506910414    1.507136651    1.954645546
    7.327327327    0.153695555    0.154204233    1.836449976
    7.347347347   -0.969267496   -0.968989111    1.805369161
    7.367367367   -1.033188912   -1.033218954    1.830255404
    7.387387387   -0.674592840   -0.674637656    1.857783752
    7.407407407   -0.363909115   -0.363928520    1.880222709
    7.427427427   -0.126067153   -0.126070585    1.898751724
    7.447447447    0.052713126    0.052703373    1.914739920
    7.467467467    0.194546586    0.194561974    1.929100880
    7.487487487    0.332452739    0.332483821    1.942438533
    7.507507508    0.461902990    0.461935677    1.955183632
    7.527527528    0.564463747    0.564473595    1.967644464
    7.547547548    0.611854019    0.611865743    1.979807219
    7.567567568    0.704703152    0.704747315    1.991726197
    7.587587588    0.729663541    0.729743108    2.001051848
    7.607607608    0.592339367    0.592430288    2.004297356
    7.627627628    0.639169883    0.639226646    2.014788404
    7.647647648    0.755756047    0.755813118    2.028655105
    7.667667668    0.874567738    0.874631178    2.043425486
    7.687687688    0.996337420    0.996407608    2.059492662
    7.707707708    1.123110143    1.123167690    2.077822423
    7.727727728    1.234050540    1.234027305    2.099711876
    7.747747748    1.379953624    1.379906444    2.125004858
    7.767767768    1.477109054    1.477146824    2.132994761
    7.787787788    1.101480455    1.101633051    2.048716251
    7.807807808    0.944426726    0.944375122    2.008260849
    7.827827828    0.966940764    0.966994050    2.031086585
    7.847847848    0.540718936    0.540837627    2.055348420
    7.867867868    0.505880573    0.505850908    2.078863391
    7.887887888    0.642182125    0.642210878    2.096584586
    7.907907908    0.501591310    0.501738199    2.093463074
    7.927927928    0.514026521    0.514068717    2.102042427
    7.947947948    0.645175509    0.645185220    2.122674439
    7.967967968    0.745442370    0.745466537    2.144146017
    7.987987988    0.867056200    0.867098291    2.165723260
    8.008008008    0.999520060    0.999563514    2.184758111
    8.028028028    1.130146512    1.130180829    2.196638468
    8.048048048    1.276414626    1.276453883    2.224256440
    8.068068068    1.448056816    1.448062758    2.263779171
    8.088088088    1.486271385    1.486163544    2.310837898
    8.108108108    1.368695292    1.368793168    2.329556769
    8.128128128    0.758374035    0.758685280    2.203756070
    8.148148148    0.179855085    0.179954631    2.041861364
    8.168168168    0.172277792    0.172293104    2.000511218
    8.188188188    0.357765119    0.357784224    2.043509727
    8.208208208    0.521082136    0.521109814    2.086573615
    8.228228228    0.651162564    0.651195953    2.121212025
    8.248248248    0.754977591    0.755007719    2.149937610
    8.268268268    0.815649864    0.815661549    2.175081020
    8.288288288    0.870817323    0.870850798    2.198238934
    8.308308308    0.952222881    0.952261983    2.220582696
    8.328328328    1.039676949    1.039714553    2.243136896
    8.348348348    1.134915762    1.134950658    2.266983492
    8.368368368    1.242851754    1.242885735    2.292914735
    8.388388388    1.334601901    1.334665023    2.315718697
    8.408408408    1.196875432    1.197040979    2.297636489
    8.428428428    0.970062585    0.970070623    2.262464466
    8.448448448    0.907708806    0.907696414    2.271622012
    8.468468468    0.996486596    0.996511067    2.298264164
    8.488488488    1.100608855    1.100611103    2.326441273
    8.508508509    1.216438168    1.216451117    2.354583012
    8.528528529    1.362986090    1.363008582    2.383176426
    8.548548549    1.355763983    1.355875790    2.404585967
    8.568568569    0.865928413    0.866095841    2.402350569
    8.588588589    0.669735005    0.669766115    2.419338513
    8.608608609    0.785705908    0.785702181    2.459207316
    8.628628629    0.902396684    0.902410537    2.488096772
    8.648648649    0.865721150    0.865738116    2.407573119
    8.668668669    0.817431440    0.817468175    2.330228621
    8.688688689    0.894148334    0.894185637    2.358476567
    8.708708709    0.968850963    0.968876654    2.397439398
    8.728728729    1.025572364    1.025601397    2.430883023
    8.748748749    1.092045095    1.092074777    2.460717154
    8.768768769    1.159476284    1.159496278    2.489164457
    8.788788789    1.213432203    1.213400989    2.516681194
    8.808808809    1.223904771    1.223828999    2.543982386
    8.828828829    1.271500660    1.271459515    2.571740322
    8.848848849    1.350587451    1.350529523    2.600624200
    8.868868869    1.422626157    1.422611708    2.631430990
    8.888888889    1.482106127    1.482263733    2.665238704
    8.908908909    1.566181943    1.566353329    2.703341209
    8.928928929    1.668524186    1.668716611    2.744343077
    8.948948949    1.526190244    1.526522439    2.770032306
    8.968968969    1.168704848    1.168988001    2.755173380
    8.988988989    0.915318222    0.915608112    2.689362146
    9.009009009    0.831368269    0.831540730    2.677061717
    9.029029029    0.928583504    0.928732453    2.702383452
    9.049049049    1.020584810    1.020557881    2.741132258
    9.069069069    1.002290773    1.002167445    2.787055111
    9.089089089    0.974289087    0.974328954    2.831485180
    9.109109109    1.051176717    1.051272360    2.874730559
    9.129129129    1.130407664    1.130498056    2.917677887
    9.149149149    1.201730413    1.201819700    2.960306396
    9.169169169    1.280926432    1.281019329    3.004714412
    9.189189189    1.368152284    1.368249638    3.052392802
    9.209209209    1.465809769    1.465907763    3.103052098
    9.229229229    1.544184444    1.544233475    3.156908348
    9.249249249    1.469362907    1.469374743    3.211232037
    9.269269269    1.194901570    1.194994131    3.261225153
    9.289289289    1.138507752    1.138596844    3.324214922
    9.309309309    1.256641208    1.256728386    3.398442619
    9.329329329    1.353205222    1.353263962    3.479877011
    9.349349349    1.395800837    1.395854513    3.570430161
    9.369369369    1.357606350    1.357584920    3.676088843
    9.389389389    1.297310812    1.297363140    3.796764686
    9.409409409    1.293622127    1.293736874    3.901283713
    9.429429429    1.050132429    1.050283673    3.920048302
    9.449449449    1.028833216    1.028910876    4.036022761
    9.469469469    1.139064277    1.139129918    4.203441926
    9.489489489    1.245838015    1.245914252    4.448234518
    9.509509510    1.308370243    1.308477259    4.760581597
    9.529529530    1.272519546    1.272630586    4.968901984
    9.549549550    1.337237463    1.337335618    5.011490472
    9.569569570    1.357259383    1.357354435    4.381126578
    9.589589590    1.222433227    1.222441855    4.131100289
    9.609609610    1.091111803    1.091164427    4.599515673
    9.629629630    1.049330453    1.049356806    4.321329892
    9.649649650    1.102738782    1.102791062    3.664361639
    9.669669670    1.186578413    1.186641948    3.070876879
    9.689689690    1.269390237    1.269458935    3.379006330
    9.709709710    1.351467319    1.351540817    3.639219055
    9.729729730    1.439114322    1.439193177    3.897097120
    9.749749750    1.528181224    1.528255968    2.591740376
    9.769769770    1.559681818    1.559697934    1.943981570
    9.789789790    1.334245627    1.334123948    2.577913666
    9.809809810    1.141625369    1.141645119    3.369160760
    9.829829830    1.191084087    1.191167443    4.186781396
    9.849849850    1.152211639    1.152350837    4.712238964
    9.869869870    1.095653529    1.095757201    3.690721437
    9.889889890    1.155477482    1.155561074    1.630542099
    9.909909910    1.226318332    1.226399575    0.972736683
    9.929929930    1.291004488    1.291084525    1.666666815
    9.949949950    1.346697173    1.346779187    1.799309738
    9.969969970    1.361758804    1.361855125    1.580558239
    9.989989990    1.352573898    1.352661336    2.142301001
   10.010010010    1.394066334    1.394143499    2.867331245
   10.030030030    1.413308521    1.413354070    3.640081721
   10.050050050    1.400451253    1.400511519    4.240435793
   10.070070070    1.442001835    1.442078521    3.267802712
   10.090090090    1.498724990    1.498802227    1.186864279
   10.110110110    1.562059093    1.562134848    0.507339535
   10.130130130    1.626365359    1.626440473    1.192187439
   10.150150150    1.595800921    1.595884408    1.816580489
   10.170170170    1.369578337    1.369656280    2.086968071
   10.190190190    1.330227304    1.330299104    2.064128329
   10.210210210    1.383197993    1.383273831    1.476487674
   10.230230230    1.450444129    1.450520751    1.804424441
   10.250250250    1.510657781    1.510733235    2.372284837
   10.270270270    1.544267424    1.544353257    2.967389409
   10.290290290    1.514776144    1.514872023    3.511863294
   10.310310310    1.507479233    1.507570491    4.282647533
   10.330330330    1.560499107    1.560588988    5.301409432
   10.350350350    1.623176241    1.623263359    5.831975748
   10.370370370    1.667205023    1.667269776    2.353019172
   10.390390390    1.672868819    1.672932578   -1.279945016
   10.410410410    1.725550132    1.725629454   -1.462834379
   10.430430430    1.769938829    1.770014759   -0.635346199
   10.450450450    1.799541837    1.799670226   -0.097003716
   10.470470470    1.720149403    1.720302852    0.184305028
   10.490490490    1.583543944    1.583544243    0.776040208
   10.510510511    1.431961894    1.432031348    1.377852192
   10.530530531    1.394547701    1.394658173    1.878431009
   10.550550551    1.421295694    1.421379812    2.168154611
   10.570570571    1.425656008    1.425742298    1.723154915
   10.590590591    1.465943054    1.466064753    0.658564304
   10.610610611    1.539749727    1.539874783    0.482352151
   10.630630631    1.614255521    1.614379285    1.039689533
   10.650650651    1.688525502    1.688651557    1.670508611
   10.670670671    1.750465296    1.750607477    2.356523774
   10.690690691    1.734221820    1.734387397    3.134118759
   10.710710711    1.724080520    1.724208804    3.732541731
   10.730730731    1.741079175    1.741222870    2.176481619
   10.750750751    1.733265098    1.733354580   -0.908462712
   10.770770771    1.683487864    1.683575759   -1.135795189
   10.790790791    1.731849329    1.731904736   -0.422427506
   10.810810811    1.617971474    1.617920026    0.057473478
   10.830830831    1.417377152    1.417389776    0.401805126
   10.850850851    1.434102581    1.434186365    0.734854241
   10.870870871    1.525352333    1.525448192    1.175148015
   10.890890891    1.564117052    1.564220873    1.456524836
   10.910910911    1.554066909    1.554133957    1.481742944
   10.930930931    1.550266055    1.550344261    1.208442759
   10.950950951    1.585940318    1.586052653    0.908410459
   10.970970971    1.631510982    1.631607448    1.166461079
   10.990990991    1.618485683    1.618560192    1.578818154
   11.011011011    1.630024237    1.630130188    2.053898040
   11.031031031    1.675521461    1.675635042    2.547590262
   11.051051051    1.714710968    1.714822078    2.885516118
   11.071071071    1.735967547    1.736066699    3.087905523
   11.091091091    1.759439873    1.759552760    2.620140217
   11.111111111    1.792598401    1.792718030    1.320401290
   11.131131131    1.819327265    1.819449184    0.631002393
   11.151151151    1.876092014    1.876217396    0.875917664
   11.171171171    1.931296261    1.931406851    1.281984916
   11.191191191    1.918803279    1.918878069    1.688111453
   11.211211211    1.903671041    1.903812823    1.927008089
   11.231231231    1.972033659    1.972199084    1.892976681
   11.251251251    2.035917778    2.036061472    1.653596969
   11.271271271    1.894287801    1.894348550    1.495440481
   11.291291291    1.749723475    1.749888958    0.030588745
   11.311311311    1.814315197    1.814529347   -1.163918780
   11.331331331    1.913888101    1.914122425   -1.111140764
   11.351351351    2.006516481    2.006762807   -1.072970460
   11.371371371    2.090219049    2.090487168   -0.782518099
   11.391391391    2.106197982    2.106428987   -0.452670989
   11.411411411    1.985127319    1.985421174   -0.162775542
   11.431431431    1.988290104    1.988637553    0.069560147
   11.451451451    1.907029048    1.906919685    0.365785186
   11.471471471    1.744933994    1.744514543    0.587960073
   11.491491491    1.727490711    1.727125400    0.558272683
   11.511511512    1.841420759    1.841115185    0.477732930
   11.531531532    1.969854345    1.969570966    0.382354126
   11.551551552    2.029283258    2.028993422    0.552732134
   11.571571572    1.845684848    1.845352901    0.764266493
   11.591591592    1.774670044    1.774284933    0.999863037
   11.611611612    1.839424033    1.839081004    1.051261229
   11.631631632    1.859033117    1.859200455    0.966588969
   11.651651652    1.930226844    1.930578729    0.739180350
   11.671671672    1.991892113    1.992212317    0.784353026
   11.691691692    1.958946060    1.959211426    1.070461445
   11.711711712    2.013678302    2.013891361    1.365452088
   11.731731732    2.051142779    2.051338147    1.190740836
   11.751751752    1.972128969    1.972307187    0.966433678
   11.771771772    1.799935410    1.800085795    0.974053505
   11.791791792    1.847262944    1.847394442    1.096876286
   11.811811812    1.941240831    1.941360739    1.377609106
   11.831831832    2.021192247    2.021293935    1.690272410
   11.851851852    2.084459693    2.084549856    1.697293809
   11.871871872    2.125222749    2.125274771    1.770106142
   11.891891892    2.166426141    2.166470742    2.001577926
   11.911911912    2.256082458    2.256105091    1.224819944
   11.931931932    2.300126027    2.300142320    0.693660588
   11.951951952    2.133402742    2.133546284    1.062119347
   11.971971972    1.988842419    1.989176733    1.437275962
   11.991991992    2.030891107    2.031218957    1.775824087
   12.012012012    2.130423917    2.130715856    1.665919223
   12.032032032    2.230078012    2.230345253    1.556131738
   12.052052052    2.324071233    2.324329930    1.625662854
   12.072072072    2.384641756    2.384902982    0.747480274
   12.092092092    2.375172984    2.375431129    0.304688867
   12.112112112    2.350956386    2.351193406    0.269494971
   12.132132132    2.336810612    2.336959857    0.042504219
   12.152152152    2.251105513    2.251256768   -0.627003942
   12.172172172    2.337701293    2.337906553   -0.794247773
   12.192192192    2.477974215    2.478192437   -0.450188814
   12.212212212    2.612127808    2.612356501   -0.051689233
   12.232232232    2.618373511    2.618634901    0.225780031
   12.252252252    2.580592902    2.580872891    0.247559787
   12.272272272    2.693836182    2.694131927    0.130161565
   12.292292292    2.588161529    2.588437840   -0.017890547
   12.312312312    2.444654909    2.444878196    0.037112161
   12.332332332    2.056860065    2.057057059    0.233305974
   12.352352352    1.953977120    1.954389103    0.421345335
   12.372372372    2.124722738    2.125198084    0.580243687
   12.392392392    2.276210629    2.276442772    0.711723026
   12.412412412    2.371864731    2.371725508    0.839946694
   12.432432432    2.378115235    2.377937476    0.963298760
   12.452452452    2.362745723    2.362679484    1.086820467
   12.472472472    2.474143880    2.474146042    1.181851389
   12.492492492    2.600834903    2.600877159    1.245313786
   12.512512513    2.735372076    2.735447917    1.320545304
   12.532532533    2.861034024    2.861111672    1.427738109
   12.552552553    2.899875362    2.899874024    1.581565026
   12.572572573    2.955821551    2.955803066    1.749487412
   12.592592593    3.031873654    3.031866609    1.859999649
   12.612612613    3.161917939    3.161955355    1.905327170
   12.632632633    3.116211130    3.116174230    1.896648331
   12.652652653    2.682987657    2.682937062    1.907523401
   12.672672673    2.618150243    2.618162982    2.039567519
   12.692692693    2.733345853    2.733412255    2.120903124
   12.712712713    2.919258503    2.919342127    2.084332284
   12.732732733    3.115294501    3.115396951    1.787618690
   12.752752753    3.011214879    3.011268722    1.651701359
   12.772772773    2.615972173    2.616050443    1.760715207
   12.792792793    2.650036617    2.650230112    1.858046662
   12.812812813    2.897274904    2.897478974    1.796077356
   12.832832833    3.144674784    3.144826998    1.505692899
   12.852852853    3.274200610    3.274278987    1.613983213
   12.872872873    3.354723626    3.354928648    1.950287494
   12.892892893    3.451256063    3.451495309    2.273152423
   12.912912913    3.634348167    3.634597918    2.224072665
   12.932932933    3.543144663    3.543428359    1.859749369
   12.952952953    3.652516774    3.652835505    1.770449081
   12.972972973    3.772719338    3.773074324    1.649110241
   12.992992993    3.644769312    3.645082346    1.694232165
   13.013013013    3.186857704    3.186969156    1.614600678
   13.033033033    3.153478218    3.153611643    1.527235985
   13.053053053    3.020446047    3.020265537    1.823639621
   13.073073073    2.781339116    2.781454711    2.114027577
   13.093093093    3.124674940    3.124886608    2.312763717
   13.113113113    3.584748485    3.585000537    2.023696803
   13.133133133    4.093166525    4.093465610    1.718649339
   13.153153153    4.613655984    4.613955567    1.886839066
   13.173173173    4.864585959    4.864553944    2.210882063
   13.193193193    4.664460977    4.664501555    2.319140773
   13.213213213    3.903584318    3.903527673    2.409992983
   13.233233233    3.643497540    3.643412477    2.549096662
   13.253253253    4.160558835    4.160879261    1.895719571
   13.273273273    4.083432197    4.083367671    1.061614475
   13.293293293    2.394045281    2.393078700    1.454403070
   13.313313313    2.367583999    2.366746523    2.151198308
   13.333333333    2.892650262    2.892001300    2.156608218
   13.353353353    2.769888774    2.769469944    0.328300610
   13.373373373    2.497358132    2.496946711    0.142693397
   13.393393393    2.794322148    2.794639931    0.909408137
   13.413413413    3.125605615    3.126537514    1.734945911
   13.433433433    3.602513470    3.602776760    2.119849208
   13.453453453    3.933556868    3.934092408    1.572265091
   13.473473473    3.532437743    3.532362611    1.396596537
   13.493493493    3.934275084    3.933969218    1.595452667
   13.513513514    4.293033191    4.293232138    1.894232409
   13.533533534    4.296873823    4.296998047    0.572047094
   13.553553554    3.727890091    3.728052134    0.134302689
   13.573573574    4.358513075    4.358677536    0.415285996
   13.593593594    3.435824278    3.435342660    0.030625783
   13.613613614   -0.047207296   -0.047417646   -0.155247355
   13.633633634   -1.205558502   -1.205110212    0.519032444
   13.653653654   -0.397589120   -0.396973695    0.751975016
   13.673673674    0.333485616    0.334450973    0.410035193
   13.693693694    0.648916487    0.650289912   -0.407141207
   13.713713714    0.823659426    0.825016061   -0.868962499
   13.733733734    0.189619074    0.189587920   -0.487660482
   13.753753754    0.439804697    0.440385524   -0.495683965
   13.773773774    0.937467082    0.938358953   -0.658606509
   13.793793794    0.702016669    0.702798962   -0.443771247
   13.813813814    1.250974745    1.251362501    0.048951346
   13.833833834    1.605583598    1.605488028    0.529686318
   13.853853854    0.116316269    0.115738323    0.554952609
   13.873873874   -0.123961403   -0.124247275    0.300533479
   13.893893894    0.674642606    0.674269212    0.269641893
   13.913913914    1.513821256    1.513302744    0.205662705
   13.933933934    1.741054853    1.741328121   -0.356655639
   13.953953954    0.810611160    0.812316750   -0.825929101
   13.973973974    0.633128087    0.634824432   -0.390024430
   13.993993994    0.793626604    0.795347568    0.011746013
   14.014014014    1.185812032    1.187619868    0.089141843
   14.034034034    1.254844927    1.256662881    0.028468227
   14.054054054    1.274390596    1.276413368   -0.194602984
   14.074074074    1.793053638    1.795344305   -0.629345423
   14.094094094    1.995054503    1.995999089   -1.059200764
   14.114114114    1.130984314    1.131458629   -0.437183781
   14.134134134    1.338514451    1.339474184   -0.025262703
   14.154154154    2.208203262    2.209295236   -1.514975318
   14.174174174    3.150052981    3.151005023   -2.913799718
   14.194194194    3.835046250    3.836180975   -2.676731892
   14.214214214    3.441567142    3.443794116   -2.129305407
   14.234234234    2.371854811    2.373790049   -1.936622960
   14.254254254    0.192961545    0.195719025   -1.808409451
   14.274274274    0.446758925    0.455373008   -1.499370085
   14.294294294    0.485958694    0.483898055   -1.240439616
   14.314314314   -0.737470969   -0.740829308   -1.137266956
   14.334334334   -1.966344941   -1.968466450   -1.133691479
   14.354354354   -1.638324215   -1.639480377   -1.125124587
   14.374374374   -1.974442500   -1.975488385   -1.009537238
   14.394394394   -2.542178059   -2.542812342   -0.901420605
   14.414414414   -2.060853705   -2.061631917   -0.827960005
   14.434434434   -1.515225445   -1.515750721   -0.726786459
   14.454454454   -0.811728812   -0.812014121   -0.761956121
   14.474474474   -0.103912655   -0.104017122   -0.771569257
   14.494494494    0.559488293    0.559574393   -0.631135196
   14.514514515    1.006891966    1.007321299   -0.533006015
   14.534534535    1.463154153    1.463774414   -0.365068252
   14.554554555    0.987157262    0.987653105   -0.321395388
   14.574574575   -1.346197622   -1.346154270   -0.482350956
   14.594594595   -2.408323235   -2.408650990   -0.804389470
   14.614614615   -2.041027196   -2.041094991   -0.785474791
   14.634634635   -1.412874771   -1.412542457   -0.624030123
   14.654654655   -1.047820324   -1.047195002   -0.580600139
   14.674674675   -0.749650055   -0.749370773   -0.572704873
   14.694694695   -0.345302234   -0.346604512   -0.495656655
   14.714714715   -0.100855316   -0.105102797   -0.431712153
   14.734734735   -0.184829671   -0.185991308   -0.381450224
   14.754754755   -0.244369021   -0.244515005   -0.319230650
   14.774774775   -0.031793665   -0.031980879   -0.197685674
   14.794794795    0.060674573    0.060560478   -0.145047775
   14.814814815    0.253020654    0.253263036   -0.191154219
   14.834834835    0.743595192    0.744073071   -0.105716657
   14.854854855    1.117538418    1.118127685   -0.006028955
   14.874874875    1.304937440    1.305645408   -0.053612157
   14.894894895    0.238254750    0.238896646   -0.172723565
   14.914914915   -0.675828476   -0.674810630   -0.270947775
   14.934934935   -0.994601593   -0.994916750   -0.260052549
   14.954954955   -1.156361143   -1.156980231   -0.255258977
   14.974974975   -1.006037452   -1.007196053   -0.205231772
   14.994994995   -0.799516129   -0.800677693   -0.108841338
   15.015015015   -0.839944589   -0.840308885   -0.053066773
   15.035035035   -0.837859283   -0.838838235   -0.067196581
   15.055055055   -0.500413095   -0.501547084   -0.043467105
   15.075075075   -0.115252338   -0.116248361    0.033683116
   15.095095095    0.250401756    0.249539479    0.103912474
   15.115115115    0.589843689    0.589070418    0.130957946
   15.135135135    0.674344312    0.673489035    0.111756392
   15.155155155    0.538396544    0.537631658    0.117956521
   15.175175175    0.645444733    0.644670654    0.106487899
   15.195195195    0.502255463    0.501368972    0.212605213
   15.215215215   -0.021714424   -0.022298610    0.351075568
   15.235235235    0.192926279    0.192651820    0.427409037
   15.255255255    0.295964550    0.295580344    0.301551320
   15.275275275   -0.039056395   -0.039432514    0.048386099
   15.295295295    0.099997158    0.099535308    0.057311654
   15.315315315   -0.418102868   -0.418824743    0.090316241
   15.335335335   -0.489286705   -0.490002007   -0.004439585
   15.355355355   -0.212611896   -0.211292983   -0.015492246
   15.375375375   -0.655798519   -0.652816582   -0.016400024
   15.395395395   -1.035224457   -1.035722106    0.025721685
   15.415415415   -0.942901966   -0.943696011    0.153028853
   15.435435435   -0.860521991   -0.861189787    0.214984936
   15.455455455   -0.742340207   -0.742829127    0.067807767
   15.475475475   -0.455676082   -0.456098041   -0.019172696
   15.495495495   -0.156487153   -0.156854990   -0.127544474
   15.515515516    0.120242754    0.119951876   -0.166687211
   15.535535536    0.362987200    0.362724896   -0.256613740
   15.555555556    0.149406711    0.148994911   -0.265731502
   15.575575576   -0.199051413   -0.199514630   -0.184797980
   15.595595596   -0.082230730   -0.082742179   -0.124331825
   15.615615616    0.162573697    0.162091736   -0.034115192
   15.635635636    0.271230142    0.270939347    0.065998947
   15.655655656    0.440961251    0.440668567    0.159731689
   15.675675676    0.685974819    0.685678362    0.246388614
   15.695695696    0.666446790    0.666095724    0.243572376
   15.715715716    0.219291983    0.218987642    0.232855361
   15.735735736    0.349589364    0.349319948    0.218658257
   15.755755756    0.714552459    0.714294994    0.014924595
   15.775775776    0.999642660    0.999252995    0.012474467
   15.795795796    1.070863953    1.070524472    0.125021247
   15.815815816    1.404904277    1.404836261    0.213696816
   15.835835836    1.831295199    1.831211195    0.289416813
   15.855855856    1.743700138    1.743394860    0.348986589
   15.875875876    0.944513044    0.944103142    0.286222139
   15.895895896   -1.126695877   -1.127204434    0.060991007
   15.915915916   -1.189690963   -1.190047191    0.018206744
   15.935935936   -0.486799703   -0.487135532   -0.005475549
   15.955955956    0.213347932    0.212986686    0.015172381
   15.975975976    0.580869003    0.580432504   -0.009398669
   15.995995996   -0.290002969   -0.290290613   -0.010895793
   16.016016016   -0.916033782   -0.916134741    0.001626353
   16.036036036   -0.816661176   -0.816924107    0.011733003
   16.056056056   -1.040299436   -1.040445539    0.043267557
   16.076076076   -1.498282886   -1.498128669    0.119827771
   16.096096096   -1.433055758   -1.432839314    0.176435997
   16.116116116   -1.089225548   -1.089287117    0.198433827
   16.136136136   -0.754877633   -0.755114089    0.267687923
   16.156156156   -0.558441880   -0.558801218    0.322004540
   16.176176176   -0.342505366   -0.342884141    0.287779496
   16.196196196   -0.558362521   -0.558931709    0.260039623
   16.216216216   -0.798016409   -0.798657825    0.176491569
   16.236236236   -0.568969165   -0.569885184    0.194911071
   16.256256256   -0.403883640   -0.403386710    0.182127794
   16.276276276   -0.709518091   -0.706163629    0.176904900
   16.296296296   -0.984381623   -0.983849417    0.189778152
   16.316316316   -0.839106481   -0.839346261    0.205787114
   16.336336336   -0.607967551   -0.608108010    0.252652719
   16.356356356   -0.402173034   -0.402149761    0.260021193
   16.376376376   -0.168972166   -0.168862202    0.278588350
   16.396396396    0.052824491    0.053051544    0.215173770
   16.416416416    0.216045996    0.216418113    0.170972839
   16.436436436   -0.184763972   -0.184541331    0.188765191
   16.456456456   -0.862865074   -0.862733979    0.242048246
   16.476476476   -0.831510627   -0.831514301    0.177290740
   16.496496496   -0.818201753   -0.818253238    0.169670379
   16.516516517   -0.746716863   -0.746617272    0.249963692
   16.536536537   -0.572713423   -0.572520137    0.243490233
   16.556556557   -0.431986759   -0.431688751    0.137770272
   16.576576577   -0.385657211   -0.385070748    0.154360307
   16.596596597   -0.341818407   -0.340957560    0.103754122
   16.616616617   -0.232194021   -0.231667358    0.121805166
   16.636636637   -0.124835407   -0.125509772    0.170277700
   16.656656657   -0.023298349   -0.024125988    0.181159562
   16.676676677    0.043633110    0.042982828    0.227048256
   16.696696697    0.110313770    0.109819682    0.289806123
   16.716716717    0.218195247    0.217822641    0.333089559
   16.736736737    0.346819555    0.346524124    0.313080978
   16.756756757    0.467994811    0.467787891    0.223090938
   16.776776777    0.585727285    0.585521179    0.099903432
   16.796796797    0.597099070    0.596903332    0.101453959
   16.816816817    0.113293128    0.113078818    0.127276785
   16.836836837   -0.541558607   -0.541608792    0.110972377
   16.856856857   -0.572752818   -0.572541646    0.134810815
   16.876876877   -0.332355302   -0.331973707    0.173647203
   16.896896897   -0.102718481   -0.102372367    0.208278590
   16.916916917    0.041907615    0.040898489    0.236283860
   16.936936937   -0.032017866   -0.034664422    0.260964381
   16.956956957   -0.292681083   -0.293783183    0.283714051
   16.976976977   -0.276519794   -0.276861325    0.301994256
   16.996996997   -0.115848419   -0.116136688    0.323307578
   17.017017017   -0.019689657   -0.019951377    0.341952413
   17.037037037   -0.007972537   -0.008259978    0.350617272
   17.057057057   -0.045392145   -0.045740988    0.357410949
   17.077077077    0.009106714    0.008761224    0.379866716
   17.097097097    0.095650136    0.095243800    0.395456762
   17.117117117    0.025776440    0.025419453    0.361105534
   17.137137137    0.079770309    0.079568402    0.358923304
   17.157157157    0.220696836    0.220486706    0.382810487
   17.177177177    0.376850481    0.376613509    0.406731955
   17.197197197    0.526433575    0.526193716    0.429085473
   17.217217217    0.566299042    0.566070689    0.416254438
   17.237237237    0.483120606    0.482853881    0.367934775
   17.257257257    0.381353553    0.381038185    0.366603385
   17.277277277    0.283533953    0.283367367    0.388627966
   17.297297297    0.376190145    0.376063099    0.407057956
   17.317317317    0.191325715    0.191116784    0.428203819
   17.337337337    0.036732504    0.036357582    0.434219553
   17.357357357   -0.311485078   -0.312123192    0.414323582
   17.377377377   -0.454946736   -0.455772427    0.418093698
   17.397397397   -0.304518759   -0.305511240    0.442720156
   17.417417417   -0.124107162   -0.125083371    0.460604734
   17.437437437   -0.035180055   -0.034474170    0.479823786
   17.457457457    0.020190123    0.021412099    0.503078519
   17.477477477    0.055043275    0.055793707    0.502709458
   17.497497497    0.015060204    0.015479170    0.456477270
   17.517517518   -0.017307435   -0.016982703    0.417427997
   17.537537538    0.079468261    0.079785317    0.439527437
   17.557557558    0.196348812    0.196667490    0.463967121
   17.577577578    0.309460971    0.309839885    0.466665491
   17.597597598    0.437065767    0.437574481    0.458119694
   17.617617618    0.568664367    0.569280455    0.474321085
   17.637637638    0.625067382    0.625165188    0.492242699
   17.657657658    0.439861128    0.438929827    0.506045371
   17.677677678    0.092741241    0.092665157    0.510920828
   17.697697698    0.014418854    0.014906785    0.522566637
   17.717717718   -0.113852848   -0.113482394    0.536513166
   17.737737738   -0.067854410   -0.067726781    0.557443302
   17.757757758    0.084217523    0.084173483    0.576972686
   17.777777778    0.229626808    0.229300422    0.571036976
   17.797797798    0.389251222    0.389010352    0.539404048
   17.817817818    0.561473971    0.561385287    0.539369606
   17.837837838    0.712997796    0.713023132    0.551292334
   17.857857858    0.700863119    0.700999858    0.570951252
   17.877877878    0.219402354    0.219307853    0.591161878
   17.897897898    0.168699416    0.168240148    0.583270997
   17.917917918    0.066720450    0.066116354    0.588723095
   17.937937938   -0.337768660   -0.338252579    0.615935640
   17.957957958   -0.236476055   -0.236848970    0.641364273
   17.977977978   -0.042363096   -0.042739542    0.620496256
   17.997997998    0.094092592    0.093737124    0.575606834
   18.018018018    0.007624215    0.007205404    0.593819791
   18.038038038   -0.235005035   -0.235416274    0.627685922
   18.058058058   -0.141367780   -0.141738658    0.663033486
   18.078078078    0.008427858    0.008071112    0.705773864
   18.098098098    0.127172224    0.126847851    0.756159720
   18.118118118    0.187537767    0.187229943    0.790135896
   18.138138138    0.112056341    0.111728670    0.741648141
   18.158158158    0.035722029    0.035415227    0.624185597
   18.178178178   -0.085937712   -0.086260934    0.574636494
   18.198198198   -0.108923371   -0.109228851    0.624107375
   18.218218218   -0.070633421   -0.070878870    0.698818676
   18.238238238    0.029368460    0.029137762    0.782967264
   18.258258258    0.136404470    0.136167481    0.849898908
   18.278278278    0.232735435    0.232492136    0.757599733
   18.298298298    0.337306179    0.337063820    0.515972716
   18.318318318    0.454533496    0.454288089    0.515000217
   18.338338338    0.527591975    0.527334661    0.612092497
   18.358358358    0.351193601    0.350900481    0.700511542
   18.378378378   -0.004244489   -0.004601770    0.704440480
   18.398398398   -0.018234456   -0.018720006    0.716288056
   18.418418418    0.071179701    0.070653782    0.605302501
   18.438438438    0.182860077    0.182300297    0.236194154
   18.458458458    0.288841295    0.288220767    0.228143800
   18.478478478    0.363126307    0.362367332    0.316946361
   18.498498498    0.372379319    0.371472869    0.398294812
   18.518518519    0.333851302    0.333106313    0.407557216
   18.538538539    0.146337145    0.147141243    0.337296172
   18.558558559    0.111785047    0.111645107    0.374325633
   18.578578579    0.122515211    0.120595504    0.405867382
   18.598598599    0.199836260    0.200440108    0.396413120
   18.618618619    0.143284379    0.144056421    0.381565135
   18.638638639    0.074391262    0.075010177    0.363836656
   18.658658659    0.137264007    0.137693379    0.399761539
   18.678678679    0.225016066    0.225332271    0.441302102
   18.698698699    0.301454019    0.301711278    0.481092269
   18.718718719    0.374517172    0.374752658    0.511528111
   18.738738739    0.417393429    0.417647792    0.523617391
   18.758758759    0.360040859    0.360282638    0.541589353
   18.778778779    0.281326136    0.281473260    0.531152751
   18.798798799    0.172142127    0.172245484    0.504663100
   18.818818819   -0.014292240   -0.014402632    0.497884850
   18.838838839   -0.194464454   -0.194517763    0.454919787
   18.858858859   -0.178116544   -0.178074906    0.431570203
   18.878878879   -0.116945297   -0.116865734    0.440346560
   18.898898899   -0.054493244   -0.054467497    0.462370609
   18.918918919    0.017641593    0.017657600    0.490039228
   18.938938939    0.068850862    0.068885562    0.515321065
   18.958958959    0.089599711    0.089601859    0.539134372
   18.978978979    0.125195994    0.125200343    0.562844095
   18.998998999    0.191734760    0.191763853    0.577499650
   19.019019019    0.247178923    0.247195565    0.577202251
   19.039039039    0.298654112    0.298605173    0.568537676
   19.059059059    0.340315855    0.340176902    0.538254334
   19.079079079    0.305265567    0.304973860    0.533632975
   19.099099099    0.129229176    0.129030227    0.546722781
   19.119119119    0.023133659    0.023037547    0.561876750
   19.139139139    0.073647239    0.073567574    0.580804832
   19.159159159    0.146369896    0.146282763    0.595396133
   19.179179179    0.209089736    0.208981633    0.605717401
   19.199199199    0.267547891    0.267419098    0.622682125
   19.219219219    0.267830638    0.267774541    0.617457858
   19.239239239    0.284266491    0.284405474    0.611556787
   19.259259259    0.258120441    0.258025382    0.629980809
   19.279279279    0.222293769    0.222037644    0.639124744
   19.299299299    0.244834273    0.244566351    0.637182437
   19.319319319    0.090555672    0.090657182    0.658687409
   19.339339339    0.028141706    0.028246862    0.686447675
   19.359359359    0.087771348    0.087835516    0.705579342
   19.379379379    0.143660717    0.143698862    0.724447594
   19.399399399    0.174219970    0.174264373    0.768276657
   19.419419419    0.203761691    0.203805847    0.818719670
   19.439439439    0.217964513    0.217989343    0.821208560
   19.459459459    0.244728686    0.244752032    0.738275741
   19.479479479    0.261834531    0.261863015    0.486886940
   19.499499499    0.260854944    0.260871367    0.417095308
   19.519519520    0.283734013    0.283747567    0.468374751
   19.539539540    0.316325132    0.316331925    0.516050542
   19.559559560    0.355842359    0.355849520    0.538001691
   19.579579580    0.398099429    0.398110317    0.565807346
   19.599599600    0.443031122    0.443049169    0.597061070
   19.619619620    0.491118522    0.491146503    0.618589041
   19.639639640    0.514434825    0.514489879    0.631214298
   19.659659660    0.449104269    0.449177180    0.636261616
   19.679679680    0.426944957    0.427010678    0.597105591
   19.699699700    0.459251836    0.459311253    0.602606167
   19.719719720    0.443156058    0.443232349    0.619409716
   19.739739740    0.410728169    0.410769073    0.616619704
   19.759759760    0.413354968    0.413317976    0.616981439
   19.779779780    0.391149315    0.391065188    0.645422666
   19.799799800    0.385603930    0.385355068    0.678999865
   19.819819820    0.315474961    0.315294820    0.703332828
   19.839839840    0.278960553    0.278606529    0.683823249
   19.859859860    0.287057085    0.286605882    0.655372708
   19.879879880    0.267538038    0.267066692    0.629150547
   19.899899900    0.288048303    0.287550819    0.655962194
   19.919919920    0.354933513    0.354424787    0.700221370
   19.939939940    0.393565988    0.393058360    0.729891145
   19.959959960    0.410750043    0.410224662    0.767645080
   19.979979980    0.416404488    0.415732587    0.820631759
   20.000000000    0.407051135    0.406611820    0.852596048
