# energy grid [eV]     ieps_x  ieps_y  ieps_z
#
    0.000000000    2.225585304    2.225619032    1.626615593
    0.020020020    2.225557584    2.225591312    1.626609206
    0.040040040    2.225501503    2.225535231    1.626596287
    0.060060060    2.225424912    2.225458640    1.626578646
    0.080080080    2.225327916    2.225361644    1.626556305
    0.100100100    2.225210530    2.225244259    1.626529266
    0.120120120    2.225072771    2.225106500    1.626497532
    0.140140140    2.224914658    2.224948387    1.626461104
    0.160160160    2.224736214    2.224769943    1.626419985
    0.180180180    2.224537465    2.224571194    1.626374178
    0.200200200    2.224318438    2.224352167    1.626323686
    0.220220220    2.224079165    2.224112895    1.626268512
    0.240240240    2.223819680    2.223853410    1.626208661
    0.260260260    2.223540019    2.223573750    1.626144137
    0.280280280    2.223240223    2.223273954    1.626074944
    0.300300300    2.222920334    2.222954065    1.626001088
    0.320320320    2.222580397    2.222614129    1.625922572
    0.340340340    2.222220460    2.222254193    1.625839404
    0.360360360    2.221840575    2.221874308    1.625751588
    0.380380380    2.221440794    2.221474527    1.625659130
    0.400400400    2.221021174    2.221054908    1.625562038
    0.420420420    2.220581774    2.220615508    1.625460318
    0.440440440    2.220122655    2.220156390    1.625353977
    0.460460460    2.219643882    2.219677617    1.625243022
    0.480480480    2.219145521    2.219179258    1.625127461
    0.500500501    2.218627643    2.218661380    1.625007302
    0.520520521    2.218090319    2.218124056    1.624882554
    0.540540541    2.217533623    2.217567361    1.624753224
    0.560560561    2.216957633    2.216991372    1.624619323
    0.580580581    2.216362428    2.216396167    1.624480858
    0.600600601    2.215748090    2.215781831    1.624337840
    0.620620621    2.215114705    2.215148445    1.624190278
    0.640640641    2.214462357    2.214496099    1.624038182
    0.660660661    2.213791137    2.213824880    1.623881564
    0.680680681    2.213101137    2.213134880    1.623720432
    0.700700701    2.212392449    2.212426193    1.623554799
    0.720720721    2.211665170    2.211698914    1.623384675
    0.740740741    2.210919398    2.210953143    1.623210072
    0.760760761    2.210155233    2.210188979    1.623031002
    0.780780781    2.209372779    2.209406526    1.622847476
    0.800800801    2.208572139    2.208605887    1.622659507
    0.820820821    2.207753421    2.207787169    1.622467108
    0.840840841    2.206916732    2.206950482    1.622270291
    0.860860861    2.206062185    2.206095935    1.622069069
    0.880880881    2.205189891    2.205223642    1.621863456
    0.900900901    2.204299966    2.204333718    1.621653465
    0.920920921    2.203392525    2.203426278    1.621439110
    0.940940941    2.202467687    2.202501440    1.621220405
    0.960960961    2.201525572    2.201559326    1.620997364
    0.980980981    2.200566301    2.200600057    1.620770001
    1.001001001    2.199590000    2.199623756    1.620538333
    1.021021021    2.198596791    2.198630548    1.620302372
    1.041041041    2.197586803    2.197620561    1.620062136
    1.061061061    2.196560164    2.196593923    1.619817638
    1.081081081    2.195517004    2.195550763    1.619568896
    1.101101101    2.194457453    2.194491213    1.619315923
    1.121121121    2.193381646    2.193415406    1.619058738
    1.141141141    2.192289716    2.192323477    1.618797355
    1.161161161    2.191181799    2.191215560    1.618531792
    1.181181181    2.190058031    2.190091794    1.618262065
    1.201201201    2.188918552    2.188952315    1.617988191
    1.221221221    2.187763500    2.187797263    1.617710186
    1.241241241    2.186593016    2.186626780    1.617428069
    1.261261261    2.185407242    2.185441007    1.617141857
    1.281281281    2.184206321    2.184240086    1.616851567
    1.301301301    2.182990396    2.183024162    1.616557217
    1.321321321    2.181759613    2.181793380    1.616258825
    1.341341341    2.180514118    2.180547885    1.615956409
    1.361361361    2.179254057    2.179287824    1.615649988
    1.381381381    2.177979578    2.178013346    1.615339579
    1.401401401    2.176690830    2.176724598    1.615025203
    1.421421421    2.175387962    2.175421730    1.614706876
    1.441441441    2.174071123    2.174104892    1.614384618
    1.461461461    2.172740466    2.172774235    1.614058449
    1.481481481    2.171396141    2.171429910    1.613728388
    1.501501502    2.170038301    2.170072070    1.613394453
    1.521521522    2.168667097    2.168700867    1.613056664
    1.541541542    2.167282684    2.167316454    1.612715042
    1.561561562    2.165885215    2.165918985    1.612369605
    1.581581582    2.164474844    2.164508614    1.612020374
    1.601601602    2.163051726    2.163085496    1.611667368
    1.621621622    2.161616016    2.161649785    1.611310608
    1.641641642    2.160167868    2.160201638    1.610950113
    1.661661662    2.158707440    2.158741209    1.610585905
    1.681681682    2.157234886    2.157268655    1.610218004
    1.701701702    2.155750363    2.155784131    1.609846429
    1.721721722    2.154254026    2.154287795    1.609471203
    1.741741742    2.152746033    2.152779801    1.609092345
    1.761761762    2.151226540    2.151260308    1.608709876
    1.781781782    2.149695703    2.149729471    1.608323817
    1.801801802    2.148153680    2.148187446    1.607934190
    1.821821822    2.146600626    2.146634392    1.607541015
    1.841841842    2.145036699    2.145070464    1.607144313
    1.861861862    2.143462054    2.143495818    1.606744106
    1.881881882    2.141876849    2.141910612    1.606340415
    1.901901902    2.140281239    2.140315001    1.605933261
    1.921921922    2.138675381    2.138709142    1.605522667
    1.941941942    2.137059430    2.137093191    1.605108652
    1.961961962    2.135433543    2.135467302    1.604691239
    1.981981982    2.133797874    2.133831633    1.604270449
    2.002002002    2.132152580    2.132186337    1.603846305
    2.022022022    2.130497813    2.130531569    1.603418827
    2.042042042    2.128833730    2.128867484    1.602988038
    2.062062062    2.127160484    2.127194236    1.602553959
    2.082082082    2.125478228    2.125511979    1.602116613
    2.102102102    2.123787116    2.123820865    1.601676020
    2.122122122    2.122087300    2.122121048    1.601232203
    2.142142142    2.120378934    2.120412679    1.600785184
    2.162162162    2.118662167    2.118695911    1.600334985
    2.182182182    2.116937152    2.116970893    1.599881628
    2.202202202    2.115204038    2.115237778    1.599425134
    2.222222222    2.113462977    2.113496714    1.598965527
    2.242242242    2.111714116    2.111747852    1.598502827
    2.262262262    2.109957606    2.109991339    1.598037057
    2.282282282    2.108193593    2.108227324    1.597568239
    2.302302302    2.106422226    2.106455954    1.597096396
    2.322322322    2.104643650    2.104677375    1.596621548
    2.342342342    2.102858011    2.102891734    1.596143719
    2.362362362    2.101065455    2.101099175    1.595662931
    2.382382382    2.099266126    2.099299843    1.595179205
    2.402402402    2.097460168    2.097493882    1.594692563
    2.422422422    2.095647722    2.095681433    1.594203029
    2.442442442    2.093828932    2.093862639    1.593710623
    2.462462462    2.092003937    2.092037641    1.593215368
    2.482482482    2.090172878    2.090206579    1.592717286
    2.502502503    2.088335895    2.088369592    1.592216399
    2.522522523    2.086493126    2.086526819    1.591712729
    2.542542543    2.084644707    2.084678397    1.591206299
    2.562562563    2.082790776    2.082824462    1.590697129
    2.582582583    2.080931469    2.080965151    1.590185243
    2.602602603    2.079066919    2.079100597    1.589670661
    2.622622623    2.077197261    2.077230935    1.589153407
    2.642642643    2.075322627    2.075356296    1.588633501
    2.662662663    2.073443148    2.073476814    1.588110966
    2.682682683    2.071558956    2.071592617    1.587585824
    2.702702703    2.069670181    2.069703837    1.587058096
    2.722722723    2.067776950    2.067810601    1.586527804
    2.742742743    2.065879391    2.065913037    1.585994970
    2.762762763    2.063977631    2.064011273    1.585459616
    2.782782783    2.062071795    2.062105432    1.584921763
    2.802802803    2.060162008    2.060195640    1.584381434
    2.822822823    2.058248393    2.058282019    1.583838648
    2.842842843    2.056331072    2.056364693    1.583293429
    2.862862863    2.054410167    2.054443783    1.582745797
    2.882882883    2.052485798    2.052519408    1.582195775
    2.902902903    2.050558083    2.050591687    1.581643382
    2.922922923    2.048627140    2.048660738    1.581088642
    2.942942943    2.046693087    2.046726679    1.580531574
    2.962962963    2.044756038    2.044789624    1.579972201
    2.982982983    2.042816109    2.042849689    1.579410543
    3.003003003    2.040873412    2.040906986    1.578846622
    3.023023023    2.038928061    2.038961628    1.578280459
    3.043043043    2.036980166    2.037013726    1.577712074
    3.063063063    2.035029837    2.035063390    1.577141489
    3.083083083    2.033077183    2.033110730    1.576568725
    3.103103103    2.031122312    2.031155852    1.575993802
    3.123123123    2.029165330    2.029198863    1.575416742
    3.143143143    2.027206344    2.027239870    1.574837565
    3.163163163    2.025245457    2.025278975    1.574256291
    3.183183183    2.023282772    2.023316283    1.573672941
    3.203203203    2.021318392    2.021351896    1.573087537
    3.223223223    2.019352417    2.019385913    1.572500097
    3.243243243    2.017384948    2.017418436    1.571910643
    3.263263263    2.015416082    2.015449562    1.571319196
    3.283283283    2.013445918    2.013479390    1.570725774
    3.303303303    2.011474551    2.011508015    1.570130399
    3.323323323    2.009502078    2.009535533    1.569533091
    3.343343343    2.007528591    2.007562038    1.568933869
    3.363363363    2.005554184    2.005587622    1.568332755
    3.383383383    2.003578949    2.003612379    1.567729766
    3.403403403    2.001602976    2.001636397    1.567124924
    3.423423423    1.999626356    1.999659767    1.566518248
    3.443443443    1.997649175    1.997682578    1.565909758
    3.463463463    1.995671523    1.995704916    1.565299474
    3.483483483    1.993693484    1.993726868    1.564687415
    3.503503504    1.991715145    1.991748519    1.564073600
    3.523523524    1.989736588    1.989769953    1.563458049
    3.543543544    1.987757898    1.987791253    1.562840781
    3.563563564    1.985779155    1.985812500    1.562221816
    3.583583584    1.983800441    1.983833776    1.561601173
    3.603603604    1.981821834    1.981855160    1.560978870
    3.623623624    1.979843415    1.979876730    1.560354927
    3.643643644    1.977865259    1.977898564    1.559729362
    3.663663664    1.975887444    1.975920738    1.559102195
    3.683683684    1.973910045    1.973943328    1.558473444
    3.703703704    1.971933136    1.971966408    1.557843129
    3.723723724    1.969956790    1.969990051    1.557211266
    3.743743744    1.967981079    1.968014330    1.556577876
    3.763763764    1.966006075    1.966039314    1.555942977
    3.783783784    1.964031847    1.964065076    1.555306586
    3.803803804    1.962058465    1.962091682    1.554668722
    3.823823824    1.960085997    1.960119203    1.554029404
    3.843843844    1.958114510    1.958147703    1.553388649
    3.863863864    1.956144069    1.956177251    1.552746476
    3.883883884    1.954174740    1.954207910    1.552102902
    3.903903904    1.952206586    1.952239744    1.551457946
    3.923923924    1.950239672    1.950272817    1.550811625
    3.943943944    1.948274058    1.948307191    1.550163956
    3.963963964    1.946309806    1.946342927    1.549514958
    3.983983984    1.944346976    1.944380084    1.548864648
    4.004004004    1.942385627    1.942418722    1.548213043
    4.024024024    1.940425817    1.940458899    1.547560161
    4.044044044    1.938467604    1.938500673    1.546906019
    4.064064064    1.936511043    1.936544100    1.546250635
    4.084084084    1.934556191    1.934589234    1.545594025
    4.104104104    1.932603102    1.932636132    1.544936206
    4.124124124    1.930651829    1.930684845    1.544277196
    4.144144144    1.928702424    1.928735427    1.543617010
    4.164164164    1.926754941    1.926787930    1.542955667
    4.184184184    1.924809429    1.924842404    1.542293183
    4.204204204    1.922865938    1.922898899    1.541629573
    4.224224224    1.920924518    1.920957465    1.540964856
    4.244244244    1.918985217    1.919018150    1.540299047
    4.264264264    1.917048083    1.917081001    1.539632162
    4.284284284    1.915113161    1.915146065    1.538964219
    4.304304304    1.913180498    1.913213387    1.538295232
    4.324324324    1.911250138    1.911283013    1.537625219
    4.344344344    1.909322126    1.909354986    1.536954195
    4.364364364    1.907396505    1.907429350    1.536282175
    4.384384384    1.905473317    1.905506147    1.535609177
    4.404404404    1.903552604    1.903585418    1.534935216
    4.424424424    1.901634407    1.901667206    1.534260307
    4.444444444    1.899718766    1.899751549    1.533584466
    4.464464464    1.897805719    1.897838487    1.532907708
    4.484484484    1.895895307    1.895928058    1.532230049
    4.504504505    1.893987566    1.894020302    1.531551505
    4.524524525    1.892082533    1.892115253    1.530872090
    4.544544545    1.890180246    1.890212949    1.530191819
    4.564564565    1.888280738    1.888313426    1.529510709
    4.584584585    1.886384046    1.886416718    1.528828773
    4.604604605    1.884490204    1.884522859    1.528146027
    4.624624625    1.882599244    1.882631882    1.527462485
    4.644644645    1.880711200    1.880743821    1.526778163
    4.664664665    1.878826104    1.878858708    1.526093075
    4.684684685    1.876943986    1.876976573    1.525407235
    4.704704705    1.875064878    1.875097448    1.524720658
    4.724724725    1.873188810    1.873221363    1.524033358
    4.744744745    1.871315811    1.871348347    1.523345351
    4.764764765    1.869445909    1.869478428    1.522656649
    4.784784785    1.867579134    1.867611634    1.521967268
    4.804804805    1.865715511    1.865747994    1.521277221
    4.824824825    1.863855069    1.863887534    1.520586522
    4.844844845    1.861997833    1.862030280    1.519895185
    4.864864865    1.860143828    1.860176258    1.519203224
    4.884884885    1.858293081    1.858325492    1.518510654
    4.904904905    1.856445615    1.856478008    1.517817486
    4.924924925    1.854601453    1.854633828    1.517123736
    4.944944945    1.852760620    1.852792976    1.516429417
    4.964964965    1.850923138    1.850955476    1.515734541
    4.984984985    1.849089029    1.849121348    1.515039123
    5.005005005    1.847258314    1.847290614    1.514343176
    5.025025025    1.845431014    1.845463295    1.513646712
    5.045045045    1.843607150    1.843639413    1.512949745
    5.065065065    1.841786742    1.841818985    1.512252289
    5.085085085    1.839969809    1.840002033    1.511554355
    5.105105105    1.838156370    1.838188575    1.510855957
    5.125125125    1.836346444    1.836378628    1.510157108
    5.145145145    1.834540047    1.834572212    1.509457820
    5.165165165    1.832737198    1.832769343    1.508758107
    5.185185185    1.830937912    1.830970038    1.508057979
    5.205205205    1.829142208    1.829174314    1.507357451
    5.225225225    1.827350100    1.827382186    1.506656534
    5.245245245    1.825561603    1.825593669    1.505955241
    5.265265265    1.823776734    1.823808779    1.505253584
    5.285285285    1.821995505    1.822027531    1.504551575
    5.305305305    1.820217932    1.820249937    1.503849226
    5.325325325    1.818444028    1.818476012    1.503146549
    5.345345345    1.816673806    1.816705769    1.502443557
    5.365365365    1.814907278    1.814939221    1.501740260
    5.385385385    1.813144457    1.813176379    1.501036672
    5.405405405    1.811385355    1.811417256    1.500332803
    5.425425425    1.809629983    1.809661863    1.499628665
    5.445445445    1.807878352    1.807910211    1.498924269
    5.465465465    1.806130473    1.806162311    1.498219628
    5.485485485    1.804386356    1.804418173    1.497514753
    5.505505506    1.802646012    1.802677807    1.496809654
    5.525525526    1.800909448    1.800941222    1.496104343
    5.545545546    1.799176675    1.799208427    1.495398832
    5.565565566    1.797447702    1.797479431    1.494693131
    5.585585586    1.795722535    1.795754243    1.493987252
    5.605605606    1.794001185    1.794032871    1.493281205
    5.625625626    1.792283657    1.792315321    1.492575001
    5.645645646    1.790569960    1.790601602    1.491868651
    5.665665666    1.788860101    1.788891720    1.491162166
    5.685685686    1.787154085    1.787185683    1.490455557
    5.705705706    1.785451920    1.785483495    1.489748833
    5.725725726    1.783753611    1.783785163    1.489042006
    5.745745746    1.782059164    1.782090694    1.488335087
    5.765765766    1.780368584    1.780400091    1.487628084
    5.785785786    1.778681876    1.778713361    1.486921009
    5.805805806    1.776999045    1.777030507    1.486213872
    5.825825826    1.775320096    1.775351534    1.485506683
    5.845845846    1.773645031    1.773676447    1.484799452
    5.865865866    1.771973856    1.772005249    1.484092190
    5.885885886    1.770306574    1.770337943    1.483384905
    5.905905906    1.768643188    1.768674534    1.482677608
    5.925925926    1.766983700    1.767015023    1.481970309
    5.945945946    1.765328115    1.765359414    1.481263018
    5.965965966    1.763676433    1.763707708    1.480555744
    5.985985986    1.762028657    1.762059909    1.479848496
    6.006006006    1.760384790    1.760416018    1.479141285
    6.026026026    1.758744832    1.758776037    1.478434119
    6.046046046    1.757108786    1.757139966    1.477727009
    6.066066066    1.755476652    1.755507808    1.477019963
    6.086086086    1.753848431    1.753879564    1.476312990
    6.106106106    1.752224124    1.752255233    1.475606101
    6.126126126    1.750603732    1.750634816    1.474899303
    6.146146146    1.748987254    1.749018314    1.474192606
    6.166166166    1.747374691    1.747405727    1.473486020
    6.186186186    1.745766042    1.745797053    1.472779552
    6.206206206    1.744161308    1.744192294    1.472073212
    6.226226226    1.742560487    1.742591449    1.471367009
    6.246246246    1.740963578    1.740994515    1.470660951
    6.266266266    1.739370581    1.739401493    1.469955046
    6.286286286    1.737781494    1.737812382    1.469249305
    6.306306306    1.736196316    1.736227178    1.468543734
    6.326326326    1.734615045    1.734645883    1.467838343
    6.346346346    1.733037679    1.733068492    1.467133139
    6.366366366    1.731464217    1.731495005    1.466428132
    6.386386386    1.729894656    1.729925418    1.465723330
    6.406406406    1.728328994    1.728359731    1.465018739
    6.426426426    1.726767228    1.726797939    1.464314370
    6.446446446    1.725209355    1.725240041    1.463610230
    6.466466466    1.723655373    1.723686034    1.462906326
    6.486486486    1.722105279    1.722135914    1.462202668
    6.506506507    1.720559069    1.720589679    1.461499262
    6.526526527    1.719016741    1.719047324    1.460796116
    6.546546547    1.717478290    1.717508847    1.460093239
    6.566566567    1.715943712    1.715974244    1.459390638
    6.586586587    1.714413005    1.714443511    1.458688320
    6.606606607    1.712886164    1.712916644    1.457986294
    6.626626627    1.711363185    1.711393639    1.457284567
    6.646646647    1.709844064    1.709874491    1.456583145
    6.666666667    1.708328796    1.708359197    1.455882037
    6.686686687    1.706817377    1.706847752    1.455181250
    6.706706707    1.705309802    1.705340151    1.454480792
    6.726726727    1.703806067    1.703836389    1.453780668
    6.746746747    1.702306166    1.702336462    1.453080888
    6.766766767    1.700810095    1.700840365    1.452381457
    6.786786787    1.699317848    1.699348091    1.451682382
    6.806806807    1.697829421    1.697859637    1.450983671
    6.826826827    1.696344807    1.696374997    1.450285331
    6.846846847    1.694864002    1.694894165    1.449587369
    6.866866867    1.693386999    1.693417136    1.448889790
    6.886886887    1.691913794    1.691943903    1.448192603
    6.906906907    1.690444380    1.690474462    1.447495814
    6.926926927    1.688978751    1.689008807    1.446799428
    6.946946947    1.687516902    1.687546930    1.446103454
    6.966966967    1.686058826    1.686088827    1.445407897
    6.986986987    1.684604517    1.684634491    1.444712765
    7.007007007    1.683153969    1.683183916    1.444018062
    7.027027027    1.681707175    1.681737095    1.443323796
    7.047047047    1.680264129    1.680294022    1.442629973
    7.067067067    1.678824825    1.678854690    1.441936600
    7.087087087    1.677389256    1.677419093    1.441243682
    7.107107107    1.675957415    1.675987225    1.440551225
    7.127127127    1.674529295    1.674559077    1.439859237
    7.147147147    1.673104889    1.673134644    1.439167721
    7.167167167    1.671684191    1.671713918    1.438476686
    7.187187187    1.670267193    1.670296893    1.437786136
    7.207207207    1.668853889    1.668883561    1.437096078
    7.227227227    1.667444271    1.667473915    1.436406517
    7.247247247    1.666038332    1.666067949    1.435717459
    7.267267267    1.664636065    1.664665653    1.435028909
    7.287287287    1.663237462    1.663267023    1.434340874
    7.307307307    1.661842516    1.661872049    1.433653359
    7.327327327    1.660451220    1.660480724    1.432966370
    7.347347347    1.659063565    1.659093041    1.432279912
    7.367367367    1.657679544    1.657708993    1.431593990
    7.387387387    1.656299151    1.656328571    1.430908611
    7.407407407    1.654922376    1.654951767    1.430223778
    7.427427427    1.653549212    1.653578575    1.429539498
    7.447447447    1.652179652    1.652208987    1.428855776
    7.467467467    1.650813687    1.650842993    1.428172617
    7.487487487    1.649451309    1.649480587    1.427490027
    7.507507508    1.648092511    1.648121761    1.426808009
    7.527527528    1.646737285    1.646766506    1.426126570
    7.547547548    1.645385622    1.645414815    1.425445715
    7.567567568    1.644037515    1.644066679    1.424765447
    7.587587588    1.642692955    1.642722091    1.424085773
    7.607607608    1.641351934    1.641381041    1.423406697
    7.627627628    1.640014444    1.640043523    1.422728224
    7.647647648    1.638680477    1.638709527    1.422050359
    7.667667668    1.637350024    1.637379045    1.421373106
    7.687687688    1.636023078    1.636052069    1.420696470
    7.707707708    1.634699629    1.634728592    1.420020455
    7.727727728    1.633379669    1.633408603    1.419345067
    7.747747748    1.632063190    1.632092095    1.418670310
    7.767767768    1.630750184    1.630779060    1.417996188
    7.787787788    1.629440641    1.629469489    1.417322706
    7.807807808    1.628134555    1.628163373    1.416649868
    7.827827828    1.626831915    1.626860704    1.415977679
    7.847847848    1.625532714    1.625561474    1.415306142
    7.867867868    1.624236942    1.624265673    1.414635262
    7.887887888    1.622944592    1.622973294    1.413965044
    7.907907908    1.621655655    1.621684327    1.413295491
    7.927927928    1.620370121    1.620398764    1.412626607
    7.947947948    1.619087983    1.619116597    1.411958398
    7.967967968    1.617809232    1.617837816    1.411290866
    7.987987988    1.616533858    1.616562414    1.410624015
    8.008008008    1.615261854    1.615290380    1.409957851
    8.028028028    1.613993211    1.614021707    1.409292375
    8.048048048    1.612727919    1.612756386    1.408627594
    8.068068068    1.611465971    1.611494408    1.407963509
    8.088088088    1.610207356    1.610235764    1.407300126
    8.108108108    1.608952068    1.608980446    1.406637447
    8.128128128    1.607700096    1.607728444    1.405975477
    8.148148148    1.606451431    1.606479751    1.405314219
    8.168168168    1.605206067    1.605234356    1.404653676
    8.188188188    1.603963992    1.603992252    1.403993853
    8.208208208    1.602725199    1.602753429    1.403334753
    8.228228228    1.601489678    1.601517879    1.402676380
    8.248248248    1.600257422    1.600285593    1.402018736
    8.268268268    1.599028420    1.599056561    1.401361825
    8.288288288    1.597802664    1.597830776    1.400705651
    8.308308308    1.596580146    1.596608228    1.400050217
    8.328328328    1.595360856    1.595388908    1.399395527
    8.348348348    1.594144785    1.594172808    1.398741583
    8.368368368    1.592931926    1.592959918    1.398088388
    8.388388388    1.591722268    1.591750230    1.397435947
    8.408408408    1.590515803    1.590543735    1.396784261
    8.428428428    1.589312522    1.589340424    1.396133335
    8.448448448    1.588112416    1.588140289    1.395483171
    8.468468468    1.586915476    1.586943319    1.394833773
    8.488488488    1.585721695    1.585749507    1.394185142
    8.508508509    1.584531061    1.584558844    1.393537283
    8.528528529    1.583343567    1.583371320    1.392890198
    8.548548549    1.582159205    1.582186927    1.392243890
    8.568568569    1.580977964    1.581005656    1.391598363
    8.588588589    1.579799836    1.579827499    1.390953617
    8.608608609    1.578624813    1.578652445    1.390309658
    8.628628629    1.577452885    1.577480487    1.389666486
    8.648648649    1.576284044    1.576311616    1.389024106
    8.668668669    1.575118281    1.575145823    1.388382519
    8.688688689    1.573955587    1.573983098    1.387741728
    8.708708709    1.572795953    1.572823434    1.387101736
    8.728728729    1.571639370    1.571666821    1.386462546
    8.748748749    1.570485830    1.570513251    1.385824159
    8.768768769    1.569335324    1.569362714    1.385186579
    8.788788789    1.568187842    1.568215203    1.384549808
    8.808808809    1.567043377    1.567070707    1.383913848
    8.828828829    1.565901920    1.565929220    1.383278702
    8.848848849    1.564763461    1.564790730    1.382644372
    8.868868869    1.563627992    1.563655231    1.382010860
    8.888888889    1.562495504    1.562522713    1.381378169
    8.908908909    1.561365989    1.561393168    1.380746301
    8.928928929    1.560239438    1.560266587    1.380115258
    8.948948949    1.559115842    1.559142960    1.379485043
    8.968968969    1.557995193    1.558022280    1.378855657
    8.988988989    1.556877481    1.556904538    1.378227103
    9.009009009    1.555762698    1.555789725    1.377599383
    9.029029029    1.554650836    1.554677833    1.376972499
    9.049049049    1.553541886    1.553568852    1.376346452
    9.069069069    1.552435839    1.552462774    1.375721246
    9.089089089    1.551332687    1.551359592    1.375096881
    9.109109109    1.550232420    1.550259295    1.374473360
    9.129129129    1.549135032    1.549161876    1.373850685
    9.149149149    1.548040512    1.548067325    1.373228858
    9.169169169    1.546948852    1.546975635    1.372607880
    9.189189189    1.545860045    1.545886797    1.371987754
    9.209209209    1.544774081    1.544800803    1.371368480
    9.229229229    1.543690951    1.543717643    1.370750062
    9.249249249    1.542610648    1.542637309    1.370132500
    9.269269269    1.541533163    1.541559794    1.369515797
    9.289289289    1.540458488    1.540485088    1.368899953
    9.309309309    1.539386613    1.539413183    1.368284972
    9.329329329    1.538317532    1.538344071    1.367670854
    9.349349349    1.537251234    1.537277743    1.367057600
    9.369369369    1.536187713    1.536214190    1.366445213
    9.389389389    1.535126958    1.535153406    1.365833695
    9.409409409    1.534068964    1.534095380    1.365223045
    9.429429429    1.533013720    1.533040106    1.364613267
    9.449449449    1.531961218    1.531987574    1.364004362
    9.469469469    1.530911451    1.530937776    1.363396330
    9.489489489    1.529864410    1.529890705    1.362789174
    9.509509510    1.528820087    1.528846351    1.362182894
    9.529529530    1.527778474    1.527804707    1.361577492
    9.549549550    1.526739561    1.526765764    1.360972970
    9.569569570    1.525703342    1.525729515    1.360369329
    9.589589590    1.524669808    1.524695950    1.359766569
    9.609609610    1.523638951    1.523665062    1.359164693
    9.629629630    1.522610763    1.522636843    1.358563701
    9.649649650    1.521585235    1.521611285    1.357963595
    9.669669670    1.520562360    1.520588379    1.357364376
    9.689689690    1.519542130    1.519568118    1.356766044
    9.709709710    1.518524535    1.518550494    1.356168602
    9.729729730    1.517509570    1.517535497    1.355572050
    9.749749750    1.516497225    1.516523122    1.354976389
    9.769769770    1.515487492    1.515513358    1.354381621
    9.789789790    1.514480364    1.514506199    1.353787746
    9.809809810    1.513475832    1.513501637    1.353194765
    9.829829830    1.512473889    1.512499663    1.352602680
    9.849849850    1.511474526    1.511500271    1.352011491
    9.869869870    1.510477737    1.510503451    1.351421199
    9.889889890    1.509483513    1.509509196    1.350831805
    9.909909910    1.508491845    1.508517498    1.350243311
    9.929929930    1.507502728    1.507528349    1.349655716
    9.949949950    1.506516151    1.506541742    1.349069022
    9.969969970    1.505532109    1.505557669    1.348483229
    9.989989990    1.504550592    1.504576123    1.347898339
   10.010010010    1.503571594    1.503597094    1.347314352
   10.030030030    1.502595107    1.502620576    1.346731269
   10.050050050    1.501621122    1.501646561    1.346149090
   10.070070070    1.500649633    1.500675041    1.345567817
   10.090090090    1.499680632    1.499706009    1.344987450
   10.110110110    1.498714110    1.498739457    1.344407989
   10.130130130    1.497750061    1.497775378    1.343829436
   10.150150150    1.496788477    1.496813763    1.343251790
   10.170170170    1.495829351    1.495854606    1.342675054
   10.190190190    1.494872674    1.494897899    1.342099226
   10.210210210    1.493918439    1.493943633    1.341524308
   10.230230230    1.492966639    1.492991803    1.340950300
   10.250250250    1.492017267    1.492042400    1.340377203
   10.270270270    1.491070314    1.491095417    1.339805018
   10.290290290    1.490125774    1.490150847    1.339233744
   10.310310310    1.489183640    1.489208682    1.338663382
   10.330330330    1.488243903    1.488268914    1.338093933
   10.350350350    1.487306556    1.487331537    1.337525396
   10.370370370    1.486371593    1.486396543    1.336957774
   10.390390390    1.485439005    1.485463925    1.336391065
   10.410410410    1.484508786    1.484533676    1.335825271
   10.430430430    1.483580928    1.483605787    1.335260391
   10.450450450    1.482655424    1.482680253    1.334696426
   10.470470470    1.481732267    1.481757065    1.334133376
   10.490490490    1.480811449    1.480836217    1.333571242
   10.510510511    1.479892964    1.479917702    1.333010023
   10.530530531    1.478976804    1.479001512    1.332449721
   10.550550551    1.478062963    1.478087640    1.331890334
   10.570570571    1.477151432    1.477176079    1.331331865
   10.590590591    1.476242206    1.476266823    1.330774312
   10.610610611    1.475335277    1.475359863    1.330217676
   10.630630631    1.474430637    1.474455193    1.329661957
   10.650650651    1.473528281    1.473552806    1.329107155
   10.670670671    1.472628200    1.472652696    1.328553271
   10.690690691    1.471730388    1.471754854    1.328000304
   10.710710711    1.470834839    1.470859274    1.327448254
   10.730730731    1.469941544    1.469965949    1.326897123
   10.750750751    1.469050498    1.469074873    1.326346909
   10.770770771    1.468161693    1.468186038    1.325797613
   10.790790791    1.467275123    1.467299437    1.325249234
   10.810810811    1.466390780    1.466415064    1.324701774
   10.830830831    1.465508658    1.465532912    1.324155231
   10.850850851    1.464628750    1.464652974    1.323609607
   10.870870871    1.463751050    1.463775244    1.323064900
   10.890890891    1.462875550    1.462899714    1.322521110
   10.910910911    1.462002244    1.462026377    1.321978239
   10.930930931    1.461131125    1.461155229    1.321436285
   10.950950951    1.460262187    1.460286260    1.320895249
   10.970970971    1.459395422    1.459419466    1.320355130
   10.990990991    1.458530825    1.458554838    1.319815929
   11.011011011    1.457668389    1.457692372    1.319277645
   11.031031031    1.456808106    1.456832059    1.318740277
   11.051051051    1.455949971    1.455973894    1.318203827
   11.071071071    1.455093977    1.455117870    1.317668294
   11.091091091    1.454240117    1.454263980    1.317133677
   11.111111111    1.453388385    1.453412218    1.316599976
   11.131131131    1.452538774    1.452562577    1.316067192
   11.151151151    1.451691279    1.451715052    1.315535323
   11.171171171    1.450845892    1.450869635    1.315004370
   11.191191191    1.450002607    1.450026320    1.314474333
   11.211211211    1.449161418    1.449185102    1.313945210
   11.231231231    1.448322318    1.448345972    1.313417003
   11.251251251    1.447485302    1.447508926    1.312889710
   11.271271271    1.446650362    1.446673956    1.312363331
   11.291291291    1.445817492    1.445841056    1.311837866
   11.311311311    1.444986687    1.445010221    1.311313315
   11.331331331    1.444157939    1.444181444    1.310789677
   11.351351351    1.443331243    1.443354718    1.310266952
   11.371371371    1.442506593    1.442530038    1.309745140
   11.391391391    1.441683982    1.441707397    1.309224239
   11.411411411    1.440863404    1.440886790    1.308704251
   11.431431431    1.440044852    1.440068209    1.308185173
   11.451451451    1.439228322    1.439251649    1.307667007
   11.471471471    1.438413806    1.438437103    1.307149751
   11.491491491    1.437601299    1.437624566    1.306633405
   11.511511512    1.436790794    1.436814032    1.306117968
   11.531531532    1.435982286    1.436005494    1.305603441
   11.551551552    1.435175768    1.435198947    1.305089822
   11.571571572    1.434371235    1.434394384    1.304577112
   11.591591592    1.433568680    1.433591799    1.304065309
   11.611611612    1.432768097    1.432791187    1.303554413
   11.631631632    1.431969481    1.431992542    1.303044424
   11.651651652    1.431172826    1.431195857    1.302535341
   11.671671672    1.430378125    1.430401127    1.302027163
   11.691691692    1.429585373    1.429608346    1.301519890
   11.711711712    1.428794565    1.428817508    1.301013522
   11.731731732    1.428005693    1.428028606    1.300508058
   11.751751752    1.427218752    1.427241637    1.300003497
   11.771771772    1.426433737    1.426456592    1.299499838
   11.791791792    1.425650642    1.425673468    1.298997082
   11.811811812    1.424869461    1.424892257    1.298495226
   11.831831832    1.424090188    1.424112955    1.297994272
   11.851851852    1.423312817    1.423335555    1.297494218
   11.871871872    1.422537343    1.422560052    1.296995063
   11.891891892    1.421763760    1.421786440    1.296496808
   11.911911912    1.420992063    1.421014714    1.295999450
   11.931931932    1.420222246    1.420244867    1.295502990
   11.951951952    1.419454302    1.419476895    1.295007427
   11.971971972    1.418688228    1.418710791    1.294512760
   11.991991992    1.417924016    1.417946550    1.294018988
   12.012012012    1.417161662    1.417184167    1.293526111
   12.032032032    1.416401159    1.416423635    1.293034128
   12.052052052    1.415642503    1.415664950    1.292543039
   12.072072072    1.414885688    1.414908106    1.292052841
   12.092092092    1.414130708    1.414153097    1.291563536
   12.112112112    1.413377558    1.413399918    1.291075122
   12.132132132    1.412626233    1.412648564    1.290587598
   12.152152152    1.411876727    1.411899029    1.290100963
   12.172172172    1.411129034    1.411151307    1.289615218
   12.192192192    1.410383149    1.410405394    1.289130360
   12.212212212    1.409639067    1.409661283    1.288646389
   12.232232232    1.408896783    1.408918970    1.288163305
   12.252252252    1.408156291    1.408178449    1.287681106
   12.272272272    1.407417586    1.407439715    1.287199792
   12.292292292    1.406680662    1.406702763    1.286719362
   12.312312312    1.405945515    1.405967587    1.286239814
   12.332332332    1.405212138    1.405234182    1.285761149
   12.352352352    1.404480528    1.404502542    1.285283366
   12.372372372    1.403750678    1.403772664    1.284806463
   12.392392392    1.403022583    1.403044540    1.284330439
   12.412412412    1.402296238    1.402318167    1.283855294
   12.432432432    1.401571638    1.401593539    1.283381028
   12.452452452    1.400848779    1.400870651    1.282907638
   12.472472472    1.400127654    1.400149497    1.282435124
   12.492492492    1.399408258    1.399430073    1.281963485
   12.512512513    1.398690587    1.398712373    1.281492721
   12.532532533    1.397974635    1.397996393    1.281022830
   12.552552553    1.397260398    1.397282128    1.280553812
   12.572572573    1.396547870    1.396569571    1.280085665
   12.592592593    1.395837046    1.395858719    1.279618389
   12.612612613    1.395127921    1.395149566    1.279151982
   12.632632633    1.394420491    1.394442108    1.278686444
   12.652652653    1.393714750    1.393736338    1.278221774
   12.672672673    1.393010693    1.393032253    1.277757970
   12.692692693    1.392308316    1.392329848    1.277295033
   12.712712713    1.391607613    1.391629117    1.276832960
   12.732732733    1.390908580    1.390930056    1.276371751
   12.752752753    1.390211212    1.390232659    1.275911406
   12.772772773    1.389515503    1.389536922    1.275451922
   12.792792793    1.388821449    1.388842840    1.274993298
   12.812812813    1.388129045    1.388150409    1.274535535
   12.832832833    1.387438287    1.387459622    1.274078631
   12.852852853    1.386749169    1.386770476    1.273622585
   12.872872873    1.386061687    1.386082966    1.273167395
   12.892892893    1.385375836    1.385397087    1.272713062
   12.912912913    1.384691611    1.384712834    1.272259583
   12.932932933    1.384009007    1.384030202    1.271806958
   12.952952953    1.383328020    1.383349188    1.271355186
   12.972972973    1.382648645    1.382669785    1.270904266
   12.992992993    1.381970877    1.381991990    1.270454196
   13.013013013    1.381294713    1.381315797    1.270004976
   13.033033033    1.380620146    1.380641202    1.269556604
   13.053053053    1.379947172    1.379968201    1.269109080
   13.073073073    1.379275787    1.379296789    1.268662403
   13.093093093    1.378605987    1.378626960    1.268216571
   13.113113113    1.377937765    1.377958711    1.267771583
   13.133133133    1.377271119    1.377292038    1.267327438
   13.153153153    1.376606044    1.376626934    1.266884135
   13.173173173    1.375942534    1.375963397    1.266441674
   13.193193193    1.375280585    1.375301421    1.266000052
   13.213213213    1.374620193    1.374641002    1.265559269
   13.233233233    1.373961354    1.373982135    1.265119324
   13.253253253    1.373304062    1.373324816    1.264680216
   13.273273273    1.372648314    1.372669040    1.264241943
   13.293293293    1.371994105    1.372014804    1.263804504
   13.313313313    1.371341430    1.371362102    1.263367899
   13.333333333    1.370690286    1.370710930    1.262932126
   13.353353353    1.370040667    1.370061284    1.262497183
   13.373373373    1.369392569    1.369413159    1.262063071
   13.393393393    1.368745988    1.368766551    1.261629788
   13.413413413    1.368100920    1.368121455    1.261197332
   13.433433433    1.367457360    1.367477868    1.260765702
   13.453453453    1.366815304    1.366835785    1.260334898
   13.473473473    1.366174747    1.366195201    1.259904918
   13.493493493    1.365535686    1.365556113    1.259475761
   13.513513514    1.364898116    1.364918516    1.259047426
   13.533533534    1.364262032    1.364282405    1.258619912
   13.553553554    1.363627431    1.363647777    1.258193217
   13.573573574    1.362994308    1.363014627    1.257767341
   13.593593594    1.362362659    1.362382951    1.257342281
   13.613613614    1.361732480    1.361752745    1.256918038
   13.633633634    1.361103767    1.361124005    1.256494610
   13.653653654    1.360476515    1.360496726    1.256071995
   13.673673674    1.359850720    1.359870904    1.255650193
   13.693693694    1.359226378    1.359246536    1.255229202
   13.713713714    1.358603485    1.358623616    1.254809021
   13.733733734    1.357982037    1.358002142    1.254389649
   13.753753754    1.357362030    1.357382108    1.253971085
   13.773773774    1.356743459    1.356763511    1.253553327
   13.793793794    1.356126321    1.356146346    1.253136374
   13.813813814    1.355510612    1.355530610    1.252720226
   13.833833834    1.354896326    1.354916298    1.252304881
   13.853853854    1.354283462    1.354303406    1.251890337
   13.873873874    1.353672013    1.353691931    1.251476594
   13.893893894    1.353061977    1.353081869    1.251063650
   13.913913914    1.352453349    1.352473214    1.250651504
   13.933933934    1.351846125    1.351865965    1.250240155
   13.953953954    1.351240302    1.351260115    1.249829601
   13.973973974    1.350635876    1.350655662    1.249419842
   13.993993994    1.350032841    1.350052601    1.249010876
   14.014014014    1.349431195    1.349450929    1.248602702
   14.034034034    1.348830934    1.348850642    1.248195319
   14.054054054    1.348232054    1.348251735    1.247788725
   14.074074074    1.347634550    1.347654205    1.247382920
   14.094094094    1.347038420    1.347058049    1.246977901
   14.114114114    1.346443658    1.346463261    1.246573668
   14.134134134    1.345850262    1.345869838    1.246170220
   14.154154154    1.345258226    1.345277777    1.245767555
   14.174174174    1.344667549    1.344687074    1.245365672
   14.194194194    1.344078225    1.344097724    1.244964570
   14.214214214    1.343490251    1.343509724    1.244564247
   14.234234234    1.342903624    1.342923070    1.244164703
   14.254254254    1.342318338    1.342337759    1.243765936
   14.274274274    1.341734392    1.341753787    1.243367944
   14.294294294    1.341151780    1.341171149    1.242970727
   14.314314314    1.340570499    1.340589842    1.242574284
   14.334334334    1.339990546    1.340009863    1.242178612
   14.354354354    1.339411916    1.339431208    1.241783711
   14.374374374    1.338834606    1.338853872    1.241389580
   14.394394394    1.338258613    1.338277853    1.240996216
   14.414414414    1.337683932    1.337703147    1.240603620
   14.434434434    1.337110560    1.337129749    1.240211790
   14.454454454    1.336538493    1.336557657    1.239820724
   14.474474474    1.335967728    1.335986867    1.239430421
   14.494494494    1.335398262    1.335417374    1.239040880
   14.514514515    1.334830089    1.334849176    1.238652099
   14.534534535    1.334263207    1.334282269    1.238264079
   14.554554555    1.333697613    1.333716649    1.237876816
   14.574574575    1.333133302    1.333152313    1.237490310
   14.594594595    1.332570271    1.332589257    1.237104559
   14.614614615    1.332008517    1.332027477    1.236719563
   14.634634635    1.331448036    1.331466971    1.236335319
   14.654654655    1.330888824    1.330907734    1.235951828
   14.674674675    1.330330878    1.330349763    1.235569087
   14.694694695    1.329774195    1.329793054    1.235187095
   14.714714715    1.329218770    1.329237604    1.234805851
   14.734734735    1.328664601    1.328683410    1.234425353
   14.754754755    1.328111684    1.328130468    1.234045601
   14.774774775    1.327560016    1.327578774    1.233666593
   14.794794795    1.327009592    1.327028326    1.233288327
   14.814814815    1.326460410    1.326479119    1.232910803
   14.834834835    1.325912467    1.325931150    1.232534019
   14.854854855    1.325365758    1.325384416    1.232157974
   14.874874875    1.324820280    1.324838914    1.231782667
   14.894894895    1.324276031    1.324294639    1.231408096
   14.914914915    1.323733006    1.323751590    1.231034260
   14.934934935    1.323191202    1.323209761    1.230661157
   14.954954955    1.322650616    1.322669150    1.230288788
   14.974974975    1.322111245    1.322129754    1.229917149
   14.994994995    1.321573084    1.321591569    1.229546240
   15.015015015    1.321036132    1.321054592    1.229176060
   15.035035035    1.320500384    1.320518820    1.228806607
   15.055055055    1.319965838    1.319984249    1.228437880
   15.075075075    1.319432489    1.319450875    1.228069878
   15.095095095    1.318900335    1.318918697    1.227702599
   15.115115115    1.318369373    1.318387710    1.227336042
   15.135135135    1.317839598    1.317857911    1.226970206
   15.155155155    1.317311009    1.317329297    1.226605090
   15.175175175    1.316783601    1.316801864    1.226240691
   15.195195195    1.316257371    1.316275610    1.225877010
   15.215215215    1.315732317    1.315750532    1.225514045
   15.235235235    1.315208434    1.315226625    1.225151794
   15.255255255    1.314685721    1.314703887    1.224790255
   15.275275275    1.314164173    1.314182315    1.224429429
   15.295295295    1.313643787    1.313661905    1.224069313
   15.315315315    1.313124561    1.313142654    1.223709907
   15.335335335    1.312606490    1.312624560    1.223351208
   15.355355355    1.312089573    1.312107618    1.222993216
   15.375375375    1.311573805    1.311591827    1.222635929
   15.395395395    1.311059185    1.311077182    1.222279346
   15.415415415    1.310545707    1.310563680    1.221923466
   15.435435435    1.310033370    1.310051319    1.221568288
   15.455455455    1.309522171    1.309540096    1.221213809
   15.475475475    1.309012106    1.309030007    1.220860029
   15.495495495    1.308503172    1.308521049    1.220506947
   15.515515516    1.307995366    1.308013219    1.220154562
   15.535535536    1.307488685    1.307506514    1.219802871
   15.555555556    1.306983126    1.307000931    1.219451874
   15.575575576    1.306478686    1.306496468    1.219101569
   15.595595596    1.305975362    1.305993120    1.218751955
   15.615615616    1.305473151    1.305490885    1.218403032
   15.635635636    1.304972050    1.304989761    1.218054796
   15.655655656    1.304472056    1.304489743    1.217707248
   15.675675676    1.303973166    1.303990829    1.217360386
   15.695695696    1.303475377    1.303493017    1.217014209
   15.715715716    1.302978686    1.302996302    1.216668715
   15.735735736    1.302483090    1.302500682    1.216323903
   15.755755756    1.301988586    1.302006155    1.215979771
   15.775775776    1.301495171    1.301512717    1.215636320
   15.795795796    1.301002843    1.301020365    1.215293546
   15.815815816    1.300511597    1.300529096    1.214951450
   15.835835836    1.300021433    1.300038908    1.214610029
   15.855855856    1.299532345    1.299549797    1.214269282
   15.875875876    1.299044332    1.299061761    1.213929209
   15.895895896    1.298557391    1.298574797    1.213589807
   15.915915916    1.298071519    1.298088901    1.213251076
   15.935935936    1.297586713    1.297604072    1.212913014
   15.955955956    1.297102970    1.297120305    1.212575620
   15.975975976    1.296620287    1.296637599    1.212238893
   15.995995996    1.296138661    1.296155951    1.211902831
   16.016016016    1.295658091    1.295675357    1.211567434
   16.036036036    1.295178572    1.295195815    1.211232699
   16.056056056    1.294700102    1.294717322    1.210898625
   16.076076076    1.294222678    1.294239875    1.210565212
   16.096096096    1.293746297    1.293763471    1.210232458
   16.116116116    1.293270957    1.293288109    1.209900362
   16.136136136    1.292796655    1.292813784    1.209568922
   16.156156156    1.292323388    1.292340494    1.209238137
   16.176176176    1.291851153    1.291868236    1.208908006
   16.196196196    1.291379948    1.291397008    1.208578528
   16.216216216    1.290909770    1.290926807    1.208249702
   16.236236236    1.290440615    1.290457630    1.207921525
   16.256256256    1.289972482    1.289989474    1.207593997
   16.276276276    1.289505368    1.289522337    1.207267117
   16.296296296    1.289039269    1.289056216    1.206940883
   16.316316316    1.288574184    1.288591108    1.206615294
   16.336336336    1.288110109    1.288127010    1.206290349
   16.356356356    1.287647042    1.287663921    1.205966046
   16.376376376    1.287184980    1.287201837    1.205642384
   16.396396396    1.286723921    1.286740755    1.205319363
   16.416416416    1.286263862    1.286280673    1.204996980
   16.436436436    1.285804800    1.285821589    1.204675235
   16.456456456    1.285346732    1.285363499    1.204354125
   16.476476476    1.284889656    1.284906401    1.204033651
   16.496496496    1.284433570    1.284450292    1.203713811
   16.516516517    1.283978471    1.283995170    1.203394603
   16.536536537    1.283524355    1.283541032    1.203076026
   16.556556557    1.283071221    1.283087876    1.202758079
   16.576576577    1.282619066    1.282635699    1.202440760
   16.596596597    1.282167887    1.282184498    1.202124069
   16.616616617    1.281717682    1.281734271    1.201808004
   16.636636637    1.281268448    1.281285015    1.201492565
   16.656656657    1.280820183    1.280836727    1.201177748
   16.676676677    1.280372884    1.280389406    1.200863555
   16.696696697    1.279926548    1.279943048    1.200549982
   16.716716717    1.279481173    1.279497652    1.200237029
   16.736736737    1.279036757    1.279053214    1.199924695
   16.756756757    1.278593297    1.278609732    1.199612979
   16.776776777    1.278150790    1.278167203    1.199301878
   16.796796797    1.277709234    1.277725625    1.198991393
   16.816816817    1.277268627    1.277284996    1.198681521
   16.836836837    1.276828966    1.276845313    1.198372262
   16.856856857    1.276390248    1.276406573    1.198063614
   16.876876877    1.275952471    1.275968775    1.197755576
   16.896896897    1.275515632    1.275531914    1.197448147
   16.916916917    1.275079730    1.275095990    1.197141326
   16.936936937    1.274644761    1.274661000    1.196835110
   16.956956957    1.274210724    1.274226941    1.196529500
   16.976976977    1.273777615    1.273793811    1.196224494
   16.996996997    1.273345433    1.273361607    1.195920091
   17.017017017    1.272914174    1.272930327    1.195616288
   17.037037037    1.272483837    1.272499968    1.195313087
   17.057057057    1.272054419    1.272070529    1.195010484
   17.077077077    1.271625918    1.271642007    1.194708478
   17.097097097    1.271198331    1.271214398    1.194407070
   17.117117117    1.270771656    1.270787702    1.194106257
   17.137137137    1.270345891    1.270361915    1.193806038
   17.157157157    1.269921033    1.269937036    1.193506411
   17.177177177    1.269497079    1.269513061    1.193207377
   17.197197197    1.269074028    1.269089989    1.192908933
   17.217217217    1.268651878    1.268667817    1.192611078
   17.237237237    1.268230625    1.268246543    1.192313811
   17.257257257    1.267810267    1.267826164    1.192017131
   17.277277277    1.267390803    1.267406679    1.191721037
   17.297297297    1.266972229    1.266988084    1.191425527
   17.317317317    1.266554544    1.266570378    1.191130601
   17.337337337    1.266137745    1.266153558    1.190836256
   17.357357357    1.265721830    1.265737623    1.190542493
   17.377377377    1.265306797    1.265322568    1.190249309
   17.397397397    1.264892643    1.264908393    1.189956704
   17.417417417    1.264479366    1.264495096    1.189664675
   17.437437437    1.264066964    1.264082673    1.189373223
   17.457457457    1.263655434    1.263671122    1.189082346
   17.477477477    1.263244775    1.263260442    1.188792042
   17.497497497    1.262834984    1.262850630    1.188502311
   17.517517518    1.262426058    1.262441684    1.188213152
   17.537537538    1.262017996    1.262033601    1.187924562
   17.557557558    1.261610796    1.261626380    1.187636542
   17.577577578    1.261204454    1.261220018    1.187349089
   17.597597598    1.260798970    1.260814512    1.187062202
   17.617617618    1.260394340    1.260409862    1.186775882
   17.637637638    1.259990562    1.260006064    1.186490125
   17.657657658    1.259587635    1.259603116    1.186204932
   17.677677678    1.259185556    1.259201017    1.185920300
   17.697697698    1.258784323    1.258799763    1.185636229
   17.717717718    1.258383933    1.258399353    1.185352718
   17.737737738    1.257984386    1.257999785    1.185069765
   17.757757758    1.257585677    1.257601057    1.184787369
   17.777777778    1.257187806    1.257203165    1.184505529
   17.797797798    1.256790770    1.256806109    1.184224245
   17.817817818    1.256394567    1.256409886    1.183943514
   17.837837838    1.255999195    1.256014493    1.183663335
   17.857857858    1.255604652    1.255619929    1.183383708
   17.877877878    1.255210935    1.255226192    1.183104632
   17.897897898    1.254818042    1.254833280    1.182826104
   17.917917918    1.254425972    1.254441190    1.182548124
   17.937937938    1.254034723    1.254049920    1.182270691
   17.957957958    1.253644291    1.253659468    1.181993804
   17.977977978    1.253254675    1.253269833    1.181717461
   17.997997998    1.252865874    1.252881011    1.181441662
   18.018018018    1.252477884    1.252493002    1.181166405
   18.038038038    1.252090705    1.252105802    1.180891689
   18.058058058    1.251704333    1.251719410    1.180617513
   18.078078078    1.251318766    1.251333824    1.180343876
   18.098098098    1.250934004    1.250949042    1.180070776
   18.118118118    1.250550043    1.250565061    1.179798213
   18.138138138    1.250166881    1.250181880    1.179526185
   18.158158158    1.249784518    1.249799496    1.179254692
   18.178178178    1.249402949    1.249417908    1.178983732
   18.198198198    1.249022174    1.249037114    1.178713304
   18.218218218    1.248642191    1.248657111    1.178443406
   18.238238238    1.248262997    1.248277897    1.178174039
   18.258258258    1.247884591    1.247899471    1.177905200
   18.278278278    1.247506970    1.247521830    1.177636889
   18.298298298    1.247130132    1.247144973    1.177369104
   18.318318318    1.246754076    1.246768898    1.177101844
   18.338338338    1.246378800    1.246393602    1.176835108
   18.358358358    1.246004301    1.246019083    1.176568896
   18.378378378    1.245630577    1.245645340    1.176303205
   18.398398398    1.245257627    1.245272371    1.176038036
   18.418418418    1.244885449    1.244900174    1.175773386
   18.438438438    1.244514040    1.244528746    1.175509255
   18.458458458    1.244143400    1.244158086    1.175245641
   18.478478478    1.243773525    1.243788191    1.174982544
   18.498498498    1.243404413    1.243419061    1.174719962
   18.518518519    1.243036064    1.243050692    1.174457894
   18.538538539    1.242668475    1.242683084    1.174196339
   18.558558559    1.242301644    1.242316234    1.173935297
   18.578578579    1.241935569    1.241950140    1.173674765
   18.598598599    1.241570248    1.241584800    1.173414743
   18.618618619    1.241205680    1.241220213    1.173155230
   18.638638639    1.240841862    1.240856376    1.172896225
   18.658658659    1.240478793    1.240493287    1.172637726
   18.678678679    1.240116470    1.240130946    1.172379733
   18.698698699    1.239754893    1.239769349    1.172122244
   18.718718719    1.239394058    1.239408496    1.171865259
   18.738738739    1.239033964    1.239048383    1.171608776
   18.758758759    1.238674610    1.238689010    1.171352794
   18.778778779    1.238315993    1.238330374    1.171097312
   18.798798799    1.237958111    1.237972474    1.170842329
   18.818818819    1.237600963    1.237615307    1.170587844
   18.838838839    1.237244547    1.237258872    1.170333856
   18.858858859    1.236888861    1.236903167    1.170080364
   18.878878879    1.236533903    1.236548191    1.169827367
   18.898898899    1.236179672    1.236193941    1.169574864
   18.918918919    1.235826165    1.235840415    1.169322853
   18.938938939    1.235473381    1.235487612    1.169071333
   18.958958959    1.235121317    1.235135530    1.168820305
   18.978978979    1.234769973    1.234784167    1.168569766
   18.998998999    1.234419346    1.234433522    1.168319715
   19.019019019    1.234069434    1.234083592    1.168070151
   19.039039039    1.233720237    1.233734375    1.167821074
   19.059059059    1.233371751    1.233385871    1.167572483
   19.079079079    1.233023975    1.233038077    1.167324375
   19.099099099    1.232676908    1.232690992    1.167076751
   19.119119119    1.232330547    1.232344613    1.166829609
   19.139139139    1.231984891    1.231998938    1.166582948
   19.159159159    1.231639939    1.231653968    1.166336767
   19.179179179    1.231295688    1.231309698    1.166091065
   19.199199199    1.230952136    1.230966128    1.165845841
   19.219219219    1.230609282    1.230623256    1.165601094
   19.239239239    1.230267124    1.230281080    1.165356823
   19.259259259    1.229925661    1.229939599    1.165113027
   19.279279279    1.229584891    1.229598810    1.164869705
   19.299299299    1.229244811    1.229258712    1.164626856
   19.319319319    1.228905421    1.228919304    1.164384479
   19.339339339    1.228566718    1.228580583    1.164142572
   19.359359359    1.228228701    1.228242548    1.163901136
   19.379379379    1.227891368    1.227905197    1.163660168
   19.399399399    1.227554717    1.227568529    1.163419668
   19.419419419    1.227218748    1.227232541    1.163179634
   19.439439439    1.226883457    1.226897233    1.162940067
   19.459459459    1.226548844    1.226562601    1.162700964
   19.479479479    1.226214906    1.226228646    1.162462325
   19.499499499    1.225881643    1.225895365    1.162224149
   19.519519520    1.225549051    1.225562756    1.161986434
   19.539539540    1.225217131    1.225230817    1.161749180
   19.559559560    1.224885880    1.224899548    1.161512386
   19.579579580    1.224555295    1.224568946    1.161276051
   19.599599600    1.224225377    1.224239010    1.161040173
   19.619619620    1.223896123    1.223909739    1.160804752
   19.639639640    1.223567531    1.223581129    1.160569787
   19.659659660    1.223239600    1.223253181    1.160335277
   19.679679680    1.222912328    1.222925891    1.160101220
   19.699699700    1.222585714    1.222599260    1.159867617
   19.719719720    1.222259756    1.222273284    1.159634465
   19.739739740    1.221934452    1.221947963    1.159401764
   19.759759760    1.221609801    1.221623294    1.159169512
   19.779779780    1.221285801    1.221299276    1.158937710
   19.799799800    1.220962450    1.220975909    1.158706356
   19.819819820    1.220639748    1.220653189    1.158475448
   19.839839840    1.220317692    1.220331115    1.158244986
   19.859859860    1.219996280    1.220009686    1.158014970
   19.879879880    1.219675512    1.219688901    1.157785397
   19.899899900    1.219355385    1.219368757    1.157556268
   19.919919920    1.219035898    1.219049253    1.157327580
   19.939939940    1.218717050    1.218730387    1.157099334
   19.959959960    1.218398839    1.218412158    1.156871528
   19.979979980    1.218081262    1.218094565    1.156644161
   20.000000000    1.217764320    1.217777606    1.156417232
