 &plot nbnd=   8, nks=    51 /
            0.000000  0.000000  0.000000
  -21.234   -9.313   -4.737   -4.737    1.568    2.476    3.002    4.930
           -0.015873  0.027493  0.000000
  -21.216   -9.291   -4.811   -4.776    1.593    2.501    3.027    4.954
           -0.031746  0.054986  0.000000
  -21.163   -9.227   -5.028   -4.895    1.665    2.574    3.101    5.027
           -0.047619  0.082479  0.000000
  -21.073   -9.120   -5.365   -5.087    1.787    2.696    3.224    5.148
           -0.063491  0.109972  0.000000
  -20.949   -8.971   -5.796   -5.348    1.957    2.867    3.397    5.318
           -0.079364  0.137465  0.000000
  -20.789   -8.780   -6.297   -5.669    2.175    3.087    3.620    5.536
           -0.095237  0.164958  0.000000
  -20.593   -8.548   -6.844   -6.043    2.442    3.355    3.891    5.802
           -0.111110  0.192451  0.000000
  -20.363   -8.275   -7.419   -6.459    2.758    3.672    4.212    6.115
           -0.126983  0.219944  0.000000
  -20.099   -8.009   -7.963   -6.910    3.122    4.036    4.583    6.456
           -0.142856  0.247437  0.000000
  -19.800   -8.602   -7.612   -7.385    3.534    4.448    5.003    5.767
           -0.158729  0.274930  0.000000
  -19.468   -9.190   -7.877   -7.225    3.994    4.906    5.063    5.472
           -0.174601  0.302423  0.000000
  -19.102   -9.768   -8.376   -6.803    4.354    4.502    5.410    5.990
           -0.190474  0.329916  0.000000
  -18.705  -10.330   -8.877   -6.349    3.648    5.056    5.957    6.558
           -0.206347  0.357409  0.000000
  -18.277  -10.873   -9.374   -5.866    2.953    5.658    6.543    7.174
           -0.222220  0.384902  0.000000
  -17.819  -11.394   -9.860   -5.357    2.276    6.304    7.162    7.839
           -0.238093  0.412395  0.000000
  -17.334  -11.892  -10.330   -4.828    1.620    6.995    7.796    8.552
           -0.253966  0.439888  0.000000
  -16.824  -12.365  -10.779   -4.284    0.990    7.727    8.405    9.312
           -0.269839  0.467381  0.000000
  -16.295  -12.811  -11.200   -3.733    0.390    8.494    8.883   10.116
           -0.285711  0.494874  0.000000
  -15.755  -13.230  -11.584   -3.185   -0.180    9.091    9.287   10.955
           -0.301584  0.522367  0.000000
  -15.218  -13.621  -11.917   -2.651   -0.715    9.079   10.081   11.370
           -0.317457  0.549860  0.000000
  -14.716  -13.983  -12.168   -2.144   -1.215    9.010   10.802   11.346
           -0.333330  0.577353  0.000000
  -14.315  -14.315  -12.273   -1.677   -1.677    8.976   11.228   11.228
           -0.303027  0.577352  0.000000
  -14.605  -14.113  -12.153   -2.082   -1.280    9.014   11.041   11.175
           -0.272725  0.577352  0.000000
  -14.868  -14.101  -11.809   -2.450   -0.940    9.132   10.811   10.873
           -0.242422  0.577352  0.000000
  -15.104  -14.201  -11.326   -2.781   -0.661    9.325   10.301   10.565
           -0.212119  0.577352  0.000000
  -15.312  -14.341  -10.782   -3.075   -0.443    9.524    9.570   10.324
           -0.181816  0.577352  0.000000
  -15.493  -14.488  -10.224   -3.331   -0.281    8.706    9.829   10.101
           -0.151514  0.577351  0.000000
  -15.646  -14.623   -9.683   -3.548   -0.165    7.919    9.904   10.052
           -0.121211  0.577351  0.000000
  -15.771  -14.739   -9.185   -3.727   -0.087    7.207    9.738    9.904
           -0.090908  0.577351  0.000000
  -15.869  -14.833   -8.756   -3.866   -0.037    6.605    9.606    9.763
           -0.060605  0.577351  0.000000
  -15.938  -14.901   -8.423   -3.965   -0.007    6.146    9.511    9.661
           -0.030303  0.577350  0.000000
  -15.980  -14.942   -8.211   -4.025    0.009    5.856    9.454    9.600
            0.000000  0.577350  0.000000
  -15.994  -14.956   -8.137   -4.044    0.014    5.758    9.434    9.580
            0.000000  0.545275  0.000000
  -16.265  -14.659   -8.119   -4.161    0.159    5.767    8.669    9.600
            0.000000  0.513200  0.000000
  -16.750  -14.092   -8.065   -4.469    0.551    5.794    7.876    8.812
            0.000000  0.481125  0.000000
  -17.256  -13.450   -7.974   -4.888    1.109    5.838    7.127    8.061
            0.000000  0.449050  0.000000
  -17.748  -12.771   -7.848   -5.357    1.770    5.887    6.434    7.353
            0.000000  0.416975  0.000000
  -18.215  -12.068   -7.689   -5.838    2.490    5.701    6.037    6.692
            0.000000  0.384900  0.000000
  -18.652  -11.347   -7.497   -6.311    3.244    5.119    6.078    6.093
            0.000000  0.352825  0.000000
  -19.058  -10.614   -7.277   -6.764    4.006    4.557    5.519    6.023
            0.000000  0.320750  0.000000
  -19.431   -9.876   -7.188   -7.030    4.041    4.689    5.089    5.518
            0.000000  0.288675  0.000000
  -19.770   -9.140   -7.580   -6.760    3.573    4.473    5.042    5.593
            0.000000  0.256600  0.000000
  -20.075   -8.414   -7.936   -6.473    3.153    4.065    4.615    6.274
            0.000000  0.224525  0.000000
  -20.345   -8.254   -7.708   -6.175    2.782    3.696    4.237    6.133
            0.000000  0.192450  0.000000
  -20.580   -8.532   -7.035   -5.875    2.460    3.373    3.910    5.819
            0.000000  0.160375  0.000000
  -20.779   -8.769   -6.413   -5.584    2.188    3.100    3.632    5.548
            0.000000  0.128300  0.000000
  -20.943   -8.964   -5.858   -5.312    1.965    2.875    3.405    5.326
            0.000000  0.096225  0.000000
  -21.070   -9.116   -5.392   -5.078    1.791    2.701    3.229    5.153
            0.000000  0.064150  0.000000
  -21.161   -9.225   -5.037   -4.895    1.667    2.576    3.103    5.029
            0.000000  0.032075  0.000000
  -21.216   -9.291   -4.813   -4.777    1.593    2.501    3.027    4.955
            0.000000  0.000000  0.000000
  -21.234   -9.313   -4.737   -4.737    1.568    2.476    3.002    4.930
