    0.000000000   -2.077447465   -2.035960714
    0.027810000   -2.075685581   -2.034309074
    0.055620000   -2.070409713   -2.029362092
    0.083430000   -2.061649030   -2.021143490
    0.111240000   -2.049451538   -2.009692507
    0.139050000   -2.033883197   -1.995063462
    0.166860000   -2.015026761   -1.977325166
    0.194670000   -1.992980393   -1.956560211
    0.222480000   -1.967856123   -1.932864149
    0.250290000   -1.939778245   -1.906344605
    0.278100000   -1.908881699   -1.877120342
    0.305910000   -1.875310532   -1.845320312
    0.333720000   -1.839216487   -1.811082718
    0.361530000   -1.800757763   -1.774554108
    0.389340000   -1.760098001   -1.735888511
    0.417150000   -1.717405475   -1.695246628
    0.444960000   -1.672852533   -1.652795067
    0.472770000   -1.626615223   -1.608705619
    0.500580000   -1.578873107   -1.563154561
    0.528390000   -1.529809195   -1.516321951
    0.556200000   -1.479609929   -1.468390900
    0.584010000   -1.428465167   -1.419546786
    0.611820000   -1.376568059   -1.369976387
    0.639630000   -1.324114753   -1.319866918
    0.667440000   -1.271303844   -1.269404942
    0.695250000   -1.218335509   -1.218775163
    0.723060000   -1.165410262   -1.168159109
    0.750870000   -1.112727335   -1.117733703
    0.778680000   -1.060482663   -1.067669778
    0.806490000   -1.008866536   -1.018130545
    0.834300000   -0.958060988   -0.969270078
    0.862110000   -0.908237032   -0.921231861
    0.889920000   -0.859551878   -0.874147448
    0.917730000   -0.812146299   -0.828135280
    0.945540000   -0.766142294   -0.783299724
    0.973350000   -0.721641212   -0.739730354
    1.001160000   -0.678722467   -0.697501516
    1.028970000   -0.637442959   -0.656672183
    1.056780000   -0.597837228   -0.617286124
    1.084590000   -0.559918381   -0.579372365
    1.112400000   -0.523679721   -0.542945923
    1.140210000   -0.489096986   -0.508008797
    1.168020000   -0.456131061   -0.474551165
    1.195830000   -0.424730985   -0.442552737
    1.223640000   -0.394837081   -0.411984229
    1.251450000   -0.366384001   -0.382808891
    1.279260000   -0.339303541   -0.354984038
    1.307070000   -0.313527075   -0.328462543
    1.334880000   -0.288987515   -0.303194233
    1.362690000   -0.265620748   -0.279127168
    1.390500000   -0.243366551   -0.256208758
    1.418310000   -0.222169018   -0.234386705
    1.446120000   -0.201976582   -0.213609762
    1.473930000   -0.182741718   -0.193828308
    1.501740000   -0.164420459   -0.174994743
    1.529550000   -0.146971800   -0.157063728
    1.557360000   -0.130357114   -0.139992277
    1.585170000   -0.114539626   -0.123739752
    1.612980000   -0.099484018   -0.108267760
    1.640790000   -0.085156153   -0.093540003
    1.668600000   -0.071522952   -0.079522094
    1.696410000   -0.058552361   -0.066181370
    1.724220000   -0.046213405   -0.053486709
    1.752030000   -0.034476275   -0.041408376
    1.779840000   -0.023312418   -0.029917898
    1.807650000   -0.012694592   -0.018987961
    1.835460000   -0.002596884   -0.008592353
    1.863270000    0.007005324    0.001294082
    1.891080000    0.016135434    0.010695471
    1.918890000    0.024815735    0.019634918
    1.946700000    0.033067519    0.028134525
    1.974510000    0.040911187    0.036215403
    2.002320000    0.048366337    0.043897693
    2.030130000    0.055451809    0.051200596
    2.057940000    0.062185707    0.058142413
    2.085750000    0.068585391    0.064740584
    2.113560000    0.074667445    0.071011739
    2.141370000    0.080447651    0.076971741
    2.169180000    0.085940966    0.082635729
    2.196990000    0.091161522    0.088018161
    2.224800000    0.096122652    0.093132837
    2.252610000    0.100836939    0.097992934
    2.280420000    0.105316291    0.102611019
    2.308230000    0.109572026    0.106999071
    2.336040000    0.113614956    0.111168493
    2.363850000    0.117455461    0.115130132
    2.391660000    0.121103542    0.118894295
    2.419470000    0.124568852    0.122470772
    2.447280000    0.127860689    0.125868859
    2.475090000    0.130987984    0.129097387
    2.502900000    0.133959257    0.132164749
    2.530710000    0.136782587    0.135078927
    2.558520000    0.139465569    0.137847519
    2.586330000    0.142015309    0.140477762
    2.614140000    0.144438423    0.142976547
    2.641950000    0.146741070    0.145350439
    2.669760000    0.148929001    0.147605685
    2.697570000    0.151007628    0.149748226
    2.725380000    0.152982089    0.151783703
    2.753190000    0.154857318    0.153717467
    2.781000000    0.156638095    0.155554590
    2.808810000    0.158329076    0.157299876
    2.836620000    0.159934807    0.158957877
    2.864430000    0.161459706    0.160532912
    2.892240000    0.162908041    0.162029078
    2.920050000    0.164283887    0.163450276
    2.947860000    0.165591091    0.164800223
    2.975670000    0.166833246    0.166082465
    3.003480000    0.168013673    0.167300390
    3.031290000    0.169135430    0.168457236
    3.059100000    0.170201335    0.169556092
    3.086910000    0.171214004    0.170599902
    3.114720000    0.172175898    0.171591467
    3.142530000    0.173089373    0.172533442
    3.170340000    0.173956722    0.173428341
    3.198150000    0.174780203    0.174278537
    3.225960000    0.175562051    0.175086270
    3.253770000    0.176304473    0.175853655
    3.281580000    0.177009625    0.176582691
    3.309390000    0.177679583    0.177275272
    3.337200000    0.178316309    0.177933195
    3.365010000    0.178921619    0.178558177
    3.392820000    0.179497162    0.179151853
    3.420630000    0.180044419    0.179715791
    3.448440000    0.180564711    0.180251486
    3.476250000    0.181059222    0.180760369
    3.504060000    0.181529042    0.181243801
    3.531870000    0.181975200    0.181703072
    3.559680000    0.182398706    0.182139404
    3.587490000    0.182800582    0.182553947
    3.615300000    0.183181874    0.182947783
    3.643110000    0.183543659    0.183321931
    3.670920000    0.183887028    0.183677349
    3.698730000    0.184213065    0.184014946
    3.726540000    0.184522811    0.184335585
    3.754350000    0.184817239    0.184640093
    3.782160000    0.185097226    0.184929262
    3.809970000    0.185363538    0.185203860
    3.837780000    0.185616832    0.185464624
    3.865590000    0.185857668    0.185712266
    3.893400000    0.186086530    0.185947470
    3.921210000    0.186303860    0.186170884
    3.949020000    0.186510090    0.186383125
    3.976830000    0.186705669    0.186584771
    4.004640000    0.186891083    0.186776361
    4.032450000    0.187066862    0.186958397
    4.060260000    0.187233571    0.187131347
    4.088070000    0.187391796    0.187295649
    4.115880000    0.187542116    0.187451714
    4.143690000    0.187685077    0.187599933
    4.171500000    0.187821165    0.187740685
    4.199310000    0.187950786    0.187874333
    4.227120000    0.188074264    0.188001233
    4.254930000    0.188191840    0.188121730
    4.282740000    0.188303692    0.188236160
    4.310550000    0.188409960    0.188344843
    4.338360000    0.188510770    0.188448084
    4.366170000    0.188606268    0.188546169
    4.393980000    0.188696636    0.188639363
    4.421790000    0.188782108    0.188727909
    4.449600000    0.188862968    0.188812031
    4.477410000    0.188939538    0.188891935
    4.505220000    0.189012163    0.188967812
    4.533030000    0.189081179    0.189039844
    4.560840000    0.189146894    0.189108207
    4.588650000    0.189209562    0.189173076
    4.616460000    0.189269374    0.189234623
    4.644270000    0.189326453    0.189293022
    4.672080000    0.189380863    0.189348445
    4.699890000    0.189432626    0.189401059
    4.727700000    0.189481747    0.189451029
    4.755510000    0.189528237    0.189498504
    4.783320000    0.189572138    0.189543625
    4.811130000    0.189613537    0.189586518
    4.838940000    0.189652569    0.189627294
    4.866750000    0.189689417    0.189666051
    4.894560000    0.189724293    0.189702875
    4.922370000    0.189757421    0.189737849
    4.950180000    0.189789013    0.189771047
    4.977990000    0.189819245    0.189802546
    5.005800000    0.189848243    0.189832425
    5.033610000    0.189876074    0.189860764
    5.061420000    0.189902748    0.189887648
    5.089230000    0.189928235    0.189913162
    5.117040000    0.189952475    0.189937390
    5.144850000    0.189975409    0.189960413
    5.172660000    0.189996997    0.189982305
    5.200470000    0.190017237    0.190003129
    5.228280000    0.190036174    0.190022941
    5.256090000    0.190053903    0.190041787
    5.283900000    0.190070560    0.190059702
    5.311710000    0.190086303    0.190076719
    5.339520000    0.190101297    0.190092867
    5.367330000    0.190115686    0.190108175
    5.395140000    0.190129577    0.190122677
    5.422950000    0.190143031    0.190136410
    5.450760000    0.190156056    0.190149417
    5.478570000    0.190168613    0.190161745
    5.506380000    0.190180634    0.190173444
    5.534190000    0.190192036    0.190184560
    5.562000000    0.190202745    0.190195141
    5.589810000    0.190212715    0.190205223
    5.617620000    0.190221940    0.190214840
    5.645430000    0.190230460    0.190224013
    5.673240000    0.190238360    0.190232759
    5.701050000    0.190245754    0.190241086
    5.728860000    0.190252775    0.190249003
    5.756670000    0.190259546    0.190256514
    5.784480000    0.190266169    0.190263630
    5.812290000    0.190272703    0.190270362
    5.840100000    0.190279164    0.190276730
    5.867910000    0.190285521    0.190282757
    5.895720000    0.190291705    0.190288470
    5.923530000    0.190297626    0.190293900
    5.951340000    0.190303193    0.190299073
    5.979150000    0.190308332    0.190304015
    6.006960000    0.190312999    0.190308746
    6.034770000    0.190317196    0.190313278
    6.062580000    0.190320968    0.190317617
    6.090390000    0.190324397    0.190321763
    6.118200000    0.190327588    0.190325715
    6.146010000    0.190330656    0.190329467
    6.173820000    0.190333701    0.190333018
    6.201630000    0.190336794    0.190336368
    6.229440000    0.190339967    0.190339523
    6.257250000    0.190343209    0.190342497
    6.285060000    0.190346466    0.190345305
    6.312870000    0.190349661    0.190347969
    6.340680000    0.190352698    0.190350509
    6.368490000    0.190355494    0.190352945
    6.396300000    0.190357983    0.190355292
    6.424110000    0.190360140    0.190357561
    6.451920000    0.190361978    0.190359757
    6.479730000    0.190363550    0.190361876
    6.507540000    0.190364940    0.190363913
    6.535350000    0.190366250    0.190365859
    6.563160000    0.190367576    0.190367706
    6.590970000    0.190368998    0.190369448
    6.618780000    0.190370563    0.190371084
    6.646590000    0.190372279    0.190372617
    6.674400000    0.190374110    0.190374057
    6.702210000    0.190375992    0.190375417
    6.730020000    0.190377836    0.190376712
    6.757830000    0.190379552    0.190377958
    6.785640000    0.190381062    0.190379169
    6.813450000    0.190382316    0.190380355
    6.841260000    0.190383303    0.190381519
    6.869070000    0.190384048    0.190382660
    6.896880000    0.190384616    0.190383771
    6.924690000    0.190385090    0.190384843
    6.952500000    0.190385567    0.190385866
    6.980310000    0.190386130    0.190386830
    7.008120000    0.190386842    0.190387730
    7.035930000    0.190387731    0.190388564
    7.063740000    0.190388785    0.190389338
    7.091550000    0.190389955    0.190390059
    7.119360000    0.190391169    0.190390742
    7.147170000    0.190392338    0.190391399
    7.174980000    0.190393379    0.190392043
    7.202790000    0.190394227    0.190392686
    7.230600000    0.190394849    0.190393333
    7.258410000    0.190395249    0.190393984
    7.286220000    0.190395466    0.190394634
    7.314030000    0.190395570    0.190395276
    7.341840000    0.190395647    0.190395898
    7.369650000    0.190395783    0.190396489
    7.397460000    0.190396051    0.190397041
    7.425270000    0.190396495    0.190397550
    7.453080000    0.190397123    0.190398014
    7.480890000    0.190397908    0.190398439
    7.508700000    0.190398791    0.190398835
    7.536510000    0.190399692    0.190399212
    7.564320000    0.190400527    0.190399585
    7.592130000    0.190401222    0.190399962
    7.619940000    0.190401724    0.190400351
    7.647750000    0.190402017    0.190400756
    7.675560000    0.190402119    0.190401173
    7.703370000    0.190402080    0.190401596
    7.731180000    0.190401975    0.190402016
    7.758990000    0.190401887    0.190402420
    7.786800000    0.190401896    0.190402799
    7.814610000    0.190402060    0.190403146
    7.842420000    0.190402406    0.190403457
    7.870230000    0.190402930    0.190403735
    7.898040000    0.190403588    0.190403986
    7.925850000    0.190404317    0.190404220
    7.953660000    0.190405035    0.190404448
    7.981470000    0.190405663    0.190404682
    8.009280000    0.190406138    0.190404930
    8.037090000    0.190406423    0.190405198
    8.064900000    0.190406518    0.190405485
    8.092710000    0.190406451    0.190405788
    8.120520000    0.190406285    0.190406098
    8.148330000    0.190406094    0.190406405
    8.176140000    0.190405959    0.190406697
    8.203950000    0.190405948    0.190406967
    8.231760000    0.190406106    0.190407208
    8.259570000    0.190406445    0.190407420
    8.287380000    0.190406945    0.190407605
    8.315190000    0.190407553    0.190407771
    8.343000000    0.190408198    0.190407928
    8.370810000    0.190408802    0.190408087
    8.398620000    0.190409294    0.190408258
    8.426430000    0.190409621    0.190408448
    8.454240000    0.190409763    0.190408659
    8.482050000    0.190409731    0.190408890
    8.509860000    0.190409567    0.190409135
    8.537670000    0.190409339    0.190409384
    8.565480000    0.190409121    0.190409628
    8.593290000    0.190408990    0.190409856
    8.621100000    0.190409001    0.190410060
    8.648910000    0.190409185    0.190410237
    8.676720000    0.190409541    0.190410388
    8.704530000    0.190410034    0.190410518
    8.732340000    0.190410607    0.190410634
    8.760150000    0.190411185    0.190410748
    8.787960000    0.190411694    0.190410870
    8.815770000    0.190412071    0.190411008
    8.843580000    0.190412278    0.190411167
    8.871390000    0.190412309    0.190411348
    8.899200000    0.190412187    0.190411547
    8.927010000    0.190411965    0.190411757
    8.954820000    0.190411713    0.190411969
    8.982630000    0.190411504    0.190412173
    9.010440000    0.190411406    0.190412358
    9.038250000    0.190411463    0.190412521
    9.066060000    0.190411691    0.190412657
    9.093870000    0.190412077    0.190412771
    9.121680000    0.190412574    0.190412867
    9.149490000    0.190413119    0.190412956
    9.177300000    0.190413639    0.190413047
    9.205110000    0.190414063    0.190413150
    9.232920000    0.190414342    0.190413272
    9.260730000    0.190414450    0.190413415
    9.288540000    0.190414393    0.190413580
    9.316350000    0.190414207    0.190413759
    9.344160000    0.190413952    0.190413947
    9.371970000    0.190413698    0.190414131
    9.399780000    0.190413516    0.190414304
    9.427590000    0.190413463    0.190414457
    9.455400000    0.190413572    0.190414586
    9.483210000    0.190413844    0.190414691
    9.511020000    0.190414254    0.190414777
    9.538830000    0.190414748    0.190414850
    9.566640000    0.190415258    0.190414920
    9.594450000    0.190415714    0.190414997
    9.622260000    0.190416055    0.190415089
    9.650070000    0.190416240    0.190415201
    9.677880000    0.190416259    0.190415335
    9.705690000    0.190416131    0.190415487
    9.733500000    0.190415901    0.190415652
    9.761310000    0.190415633    0.190415818
    9.789120000    0.190415398    0.190415977
    9.816930000    0.190415259    0.190416119
    9.844740000    0.190415263    0.190416237
    9.872550000    0.190415426    0.190416328
    9.900360000    0.190415739    0.190416394
    9.928170000    0.190416162    0.190416440
    9.955980000    0.190416634    0.190416473
    9.983790000    0.190417086    0.190416503
   10.011600000    0.190417448    0.190416539
   10.039410000    0.190417670    0.190416588
   10.067220000    0.190417723    0.190416654
   10.095030000    0.190417610    0.190416736
   10.122840000    0.190417362    0.190416832
   10.150650000    0.190417033    0.190416933
   10.178460000    0.190416692    0.190417032
   10.206270000    0.190416409    0.190417118
   10.234080000    0.190416244    0.190417185
   10.261890000    0.190416231    0.190417229
   10.289700000    0.190416380    0.190417250
   10.317510000    0.190416669    0.190417250
   10.345320000    0.190417051    0.190417237
   10.373130000    0.190417462    0.190417219
   10.400940000    0.190417834    0.190417208
   10.428750000    0.190418104    0.190417210
   10.456560000    0.190418230    0.190417232
   10.484370000    0.190418196    0.190417276
   10.512180000    0.190418014    0.190417339
   10.539990000    0.190417725    0.190417417
   10.567800000    0.190417387    0.190417501
   10.595610000    0.190417068    0.190417582
   10.623420000    0.190416833    0.190417650
   10.651230000    0.190416730    0.190417699
   10.679040000    0.190416784    0.190417727
   10.706850000    0.190416989    0.190417733
   10.734660000    0.190417314    0.190417723
   10.762470000    0.190417704    0.190417704
   10.790280000    0.190418094    0.190417685
   10.818090000    0.190418418    0.190417675
   10.845900000    0.190418622    0.190417681
   10.873710000    0.190418675    0.190417708
   10.901520000    0.190418573    0.190417755
   10.929330000    0.190418340    0.190417821
   10.957140000    0.190418024    0.190417896
   10.984950000    0.190417688    0.190417974
   11.012760000    0.190417400    0.190418045
   11.040570000    0.190417215    0.190418101
   11.068380000    0.190417174    0.190418136
   11.096190000    0.190417288    0.190418151
   11.124000000    0.190417540    0.190418145
   11.151810000    0.190417890    0.190418127
   11.179620000    0.190418278    0.190418103
   11.207430000    0.190418637    0.190418083
   11.235240000    0.190418907    0.190418075
   11.263050000    0.190419043    0.190418086
   11.290860000    0.190419026    0.190418117
   11.318670000    0.190418862    0.190418168
   11.346480000    0.190418588    0.190418233
   11.374290000    0.190418257    0.190418306
   11.402100000    0.190417935    0.190418377
   11.429910000    0.190417685    0.190418437
   11.457720000    0.190417556    0.190418481
   11.485530000    0.190417576    0.190418503
   11.513340000    0.190417746    0.190418505
   11.541150000    0.190418037    0.190418490
   11.568960000    0.190418402    0.190418465
   11.596770000    0.190418776    0.190418438
   11.624580000    0.190419096    0.190418419
   11.652390000    0.190419307    0.190418415
   11.680200000    0.190419375    0.190418430
   11.708010000    0.190419291    0.190418465
   11.735820000    0.190419074    0.190418518
   11.763630000    0.190418769    0.190418583
   11.791440000    0.190418434    0.190418651
   11.819250000    0.190418135    0.190418714
   11.847060000    0.190417930    0.190418764
   11.874870000    0.190417859    0.190418795
   11.902680000    0.190417939    0.190418805
   11.930490000    0.190418158    0.190418795
   11.958300000    0.190418480    0.190418771
   11.986110000    0.190418848    0.190418741
   12.013920000    0.190419199    0.190418713
   12.041730000    0.190419472    0.190418696
   12.069540000    0.190419620    0.190418695
   12.097350000    0.190419620    0.190418715
   12.125160000    0.190419474    0.190418754
   12.152970000    0.190419213    0.190418809
   12.180780000    0.190418888    0.190418872
   12.208590000    0.190418560    0.190418934
   12.236400000    0.190418293    0.190418988
   12.264210000    0.190418139    0.190419027
   12.292020000    0.190418127    0.190419045
   12.319830000    0.190418263    0.190419043
   12.347640000    0.190418525    0.190419023
   12.375450000    0.190418867    0.190418992
   12.403260000    0.190419229    0.190418958
   12.431070000    0.190419547    0.190418930
   12.458880000    0.190419766    0.190418916
   12.486690000    0.190419849    0.190418920
   12.514500000    0.190419782    0.190418944
   12.542310000    0.190419581    0.190418986
   12.570120000    0.190419285    0.190419041
   12.597930000    0.190418950    0.190419101
   12.625740000    0.190418640    0.190419157
   12.653550000    0.190418413    0.190419201
   12.681360000    0.190418313    0.190419227
   12.709170000    0.190418360    0.190419233
   12.736980000    0.190418548    0.190419219
   12.764790000    0.190418844    0.190419190
   12.792600000    0.190419195    0.190419154
   12.820410000    0.190419540    0.190419118
   12.848220000    0.190419817    0.190419091
   12.876030000    0.190419978    0.190419081
   12.903840000    0.190419994    0.190419089
   12.931650000    0.190419865    0.190419117
   12.959460000    0.190419616    0.190419162
   12.987270000    0.190419295    0.190419216
   13.015080000    0.190418961    0.190419271
   13.042890000    0.190418677    0.190419319
   13.070700000    0.190418497    0.190419352
   13.098510000    0.190418455    0.190419367
   13.126320000    0.190418559    0.190419360
   13.154130000    0.190418793    0.190419336
   13.181940000    0.190419114    0.190419300
   13.209750000    0.190419465    0.190419259
   13.237560000    0.190419783    0.190419223
   13.265370000    0.190420011    0.190419198
   13.293180000    0.190420109    0.190419192
   13.320990000    0.190420059    0.190419205
   13.348800000    0.190419873    0.190419236
   13.376610000    0.190419584    0.190419282
   13.404420000    0.190419247    0.190419333
   13.432230000    0.190418924    0.190419383
   13.460040000    0.190418675    0.190419421
   13.487850000    0.190418547    0.190419444
   13.515660000    0.190418562    0.190419446
   13.543470000    0.190418721    0.190419428
   13.571280000    0.190418993    0.190419395
   13.599090000    0.190419329    0.190419352
   13.626900000    0.190419670    0.190419309
   13.654710000    0.190419953    0.190419273
   13.682520000    0.190420126    0.190419252
   13.710330000    0.190420159    0.190419250
   13.738140000    0.190420047    0.190419267
   13.765950000    0.190419809    0.190419302
   13.793760000    0.190419490    0.190419347
   13.821570000    0.190419148    0.190419395
   13.849380000    0.190418846    0.190419437
   13.877190000    0.190418640    0.190419466
   13.905000000    0.190418567    0.190419476
   13.932810000    0.190418640    0.190419466
   13.960620000    0.190418846    0.190419437
   13.988430000    0.190419148    0.190419395
   14.016240000    0.190419490    0.190419347
   14.044050000    0.190419809    0.190419302
   14.071860000    0.190420047    0.190419267
   14.099670000    0.190420159    0.190419250
   14.127480000    0.190420126    0.190419252
   14.155290000    0.190419953    0.190419273
   14.183100000    0.190419670    0.190419309
   14.210910000    0.190419329    0.190419352
   14.238720000    0.190418993    0.190419395
   14.266530000    0.190418721    0.190419428
   14.294340000    0.190418562    0.190419446
   14.322150000    0.190418547    0.190419444
   14.349960000    0.190418675    0.190419421
   14.377770000    0.190418924    0.190419383
   14.405580000    0.190419247    0.190419333
   14.433390000    0.190419584    0.190419282
   14.461200000    0.190419873    0.190419236
   14.489010000    0.190420059    0.190419205
   14.516820000    0.190420109    0.190419192
   14.544630000    0.190420011    0.190419198
   14.572440000    0.190419783    0.190419223
   14.600250000    0.190419465    0.190419259
   14.628060000    0.190419114    0.190419300
   14.655870000    0.190418793    0.190419336
   14.683680000    0.190418559    0.190419360
   14.711490000    0.190418455    0.190419367
   14.739300000    0.190418497    0.190419352
   14.767110000    0.190418677    0.190419319
   14.794920000    0.190418961    0.190419271
   14.822730000    0.190419295    0.190419216
   14.850540000    0.190419616    0.190419162
   14.878350000    0.190419865    0.190419117
   14.906160000    0.190419994    0.190419089
   14.933970000    0.190419978    0.190419081
   14.961780000    0.190419817    0.190419091
   14.989590000    0.190419540    0.190419118
   15.017400000    0.190419195    0.190419154
   15.045210000    0.190418844    0.190419190
   15.073020000    0.190418548    0.190419219
   15.100830000    0.190418360    0.190419233
   15.128640000    0.190418313    0.190419227
   15.156450000    0.190418413    0.190419201
   15.184260000    0.190418640    0.190419157
   15.212070000    0.190418950    0.190419101
   15.239880000    0.190419285    0.190419041
   15.267690000    0.190419581    0.190418986
   15.295500000    0.190419782    0.190418944
   15.323310000    0.190419849    0.190418920
   15.351120000    0.190419766    0.190418916
   15.378930000    0.190419547    0.190418930
   15.406740000    0.190419229    0.190418958
   15.434550000    0.190418867    0.190418992
   15.462360000    0.190418525    0.190419023
   15.490170000    0.190418263    0.190419043
   15.517980000    0.190418127    0.190419045
   15.545790000    0.190418139    0.190419027
   15.573600000    0.190418293    0.190418988
   15.601410000    0.190418560    0.190418934
   15.629220000    0.190418888    0.190418872
   15.657030000    0.190419213    0.190418809
   15.684840000    0.190419474    0.190418754
   15.712650000    0.190419620    0.190418715
   15.740460000    0.190419620    0.190418695
   15.768270000    0.190419472    0.190418696
   15.796080000    0.190419199    0.190418713
   15.823890000    0.190418848    0.190418741
   15.851700000    0.190418480    0.190418771
   15.879510000    0.190418158    0.190418795
   15.907320000    0.190417939    0.190418805
   15.935130000    0.190417859    0.190418795
   15.962940000    0.190417930    0.190418764
   15.990750000    0.190418135    0.190418714
   16.018560000    0.190418434    0.190418651
   16.046370000    0.190418769    0.190418583
   16.074180000    0.190419074    0.190418518
   16.101990000    0.190419291    0.190418465
   16.129800000    0.190419375    0.190418430
   16.157610000    0.190419307    0.190418415
   16.185420000    0.190419096    0.190418419
   16.213230000    0.190418776    0.190418438
   16.241040000    0.190418402    0.190418465
   16.268850000    0.190418037    0.190418490
   16.296660000    0.190417746    0.190418505
   16.324470000    0.190417576    0.190418503
   16.352280000    0.190417556    0.190418481
   16.380090000    0.190417685    0.190418437
   16.407900000    0.190417935    0.190418377
   16.435710000    0.190418257    0.190418306
   16.463520000    0.190418588    0.190418233
   16.491330000    0.190418862    0.190418168
   16.519140000    0.190419026    0.190418117
   16.546950000    0.190419043    0.190418086
   16.574760000    0.190418907    0.190418075
   16.602570000    0.190418637    0.190418083
   16.630380000    0.190418278    0.190418103
   16.658190000    0.190417890    0.190418127
   16.686000000    0.190417540    0.190418145
   16.713810000    0.190417288    0.190418151
   16.741620000    0.190417174    0.190418136
   16.769430000    0.190417215    0.190418101
   16.797240000    0.190417400    0.190418045
   16.825050000    0.190417688    0.190417974
   16.852860000    0.190418024    0.190417896
   16.880670000    0.190418340    0.190417821
   16.908480000    0.190418573    0.190417755
   16.936290000    0.190418675    0.190417708
   16.964100000    0.190418622    0.190417681
   16.991910000    0.190418418    0.190417675
   17.019720000    0.190418094    0.190417685
   17.047530000    0.190417704    0.190417704
   17.075340000    0.190417314    0.190417723
   17.103150000    0.190416989    0.190417733
   17.130960000    0.190416784    0.190417727
   17.158770000    0.190416730    0.190417699
   17.186580000    0.190416833    0.190417650
   17.214390000    0.190417068    0.190417582
   17.242200000    0.190417387    0.190417501
   17.270010000    0.190417725    0.190417417
   17.297820000    0.190418014    0.190417339
   17.325630000    0.190418196    0.190417276
   17.353440000    0.190418230    0.190417232
   17.381250000    0.190418104    0.190417210
   17.409060000    0.190417834    0.190417208
   17.436870000    0.190417462    0.190417219
   17.464680000    0.190417051    0.190417237
   17.492490000    0.190416669    0.190417250
   17.520300000    0.190416380    0.190417250
   17.548110000    0.190416231    0.190417229
   17.575920000    0.190416244    0.190417185
   17.603730000    0.190416409    0.190417118
   17.631540000    0.190416692    0.190417032
   17.659350000    0.190417033    0.190416933
   17.687160000    0.190417362    0.190416832
   17.714970000    0.190417610    0.190416736
   17.742780000    0.190417723    0.190416654
   17.770590000    0.190417670    0.190416588
   17.798400000    0.190417448    0.190416539
   17.826210000    0.190417086    0.190416503
   17.854020000    0.190416634    0.190416473
   17.881830000    0.190416162    0.190416440
   17.909640000    0.190415739    0.190416394
   17.937450000    0.190415426    0.190416328
   17.965260000    0.190415263    0.190416237
   17.993070000    0.190415259    0.190416119
   18.020880000    0.190415398    0.190415977
   18.048690000    0.190415633    0.190415818
   18.076500000    0.190415901    0.190415652
   18.104310000    0.190416131    0.190415487
   18.132120000    0.190416259    0.190415335
   18.159930000    0.190416240    0.190415201
   18.187740000    0.190416055    0.190415089
   18.215550000    0.190415714    0.190414997
   18.243360000    0.190415258    0.190414920
   18.271170000    0.190414748    0.190414850
   18.298980000    0.190414254    0.190414777
   18.326790000    0.190413844    0.190414691
   18.354600000    0.190413572    0.190414586
   18.382410000    0.190413463    0.190414457
   18.410220000    0.190413516    0.190414304
   18.438030000    0.190413698    0.190414131
   18.465840000    0.190413952    0.190413947
   18.493650000    0.190414207    0.190413759
   18.521460000    0.190414393    0.190413580
   18.549270000    0.190414450    0.190413415
   18.577080000    0.190414342    0.190413272
   18.604890000    0.190414063    0.190413150
   18.632700000    0.190413639    0.190413047
   18.660510000    0.190413119    0.190412956
   18.688320000    0.190412574    0.190412867
   18.716130000    0.190412077    0.190412771
   18.743940000    0.190411691    0.190412657
   18.771750000    0.190411463    0.190412521
   18.799560000    0.190411406    0.190412358
   18.827370000    0.190411504    0.190412173
   18.855180000    0.190411713    0.190411969
   18.882990000    0.190411965    0.190411757
   18.910800000    0.190412187    0.190411547
   18.938610000    0.190412309    0.190411348
   18.966420000    0.190412278    0.190411167
   18.994230000    0.190412071    0.190411008
   19.022040000    0.190411694    0.190410870
   19.049850000    0.190411185    0.190410748
   19.077660000    0.190410607    0.190410634
   19.105470000    0.190410034    0.190410518
   19.133280000    0.190409541    0.190410388
   19.161090000    0.190409185    0.190410237
   19.188900000    0.190409001    0.190410060
   19.216710000    0.190408990    0.190409856
   19.244520000    0.190409121    0.190409628
   19.272330000    0.190409339    0.190409384
   19.300140000    0.190409567    0.190409135
   19.327950000    0.190409731    0.190408890
   19.355760000    0.190409763    0.190408659
   19.383570000    0.190409621    0.190408448
   19.411380000    0.190409294    0.190408258
   19.439190000    0.190408802    0.190408087
   19.467000000    0.190408198    0.190407928
   19.494810000    0.190407553    0.190407771
   19.522620000    0.190406945    0.190407605
   19.550430000    0.190406445    0.190407420
   19.578240000    0.190406106    0.190407208
   19.606050000    0.190405948    0.190406967
   19.633860000    0.190405959    0.190406697
   19.661670000    0.190406094    0.190406405
   19.689480000    0.190406285    0.190406098
   19.717290000    0.190406451    0.190405788
   19.745100000    0.190406518    0.190405485
   19.772910000    0.190406423    0.190405198
   19.800720000    0.190406138    0.190404930
   19.828530000    0.190405663    0.190404682
   19.856340000    0.190405035    0.190404448
   19.884150000    0.190404317    0.190404220
   19.911960000    0.190403588    0.190403986
   19.939770000    0.190402930    0.190403735
   19.967580000    0.190402406    0.190403457
   19.995390000    0.190402060    0.190403146
   20.023200000    0.190401896    0.190402799
   20.051010000    0.190401887    0.190402420
   20.078820000    0.190401975    0.190402016
   20.106630000    0.190402080    0.190401596
   20.134440000    0.190402119    0.190401173
   20.162250000    0.190402017    0.190400756
   20.190060000    0.190401724    0.190400351
   20.217870000    0.190401222    0.190399962
   20.245680000    0.190400527    0.190399585
   20.273490000    0.190399692    0.190399212
   20.301300000    0.190398791    0.190398835
   20.329110000    0.190397908    0.190398439
   20.356920000    0.190397123    0.190398014
   20.384730000    0.190396495    0.190397550
   20.412540000    0.190396051    0.190397041
   20.440350000    0.190395783    0.190396489
   20.468160000    0.190395647    0.190395898
   20.495970000    0.190395570    0.190395276
   20.523780000    0.190395466    0.190394634
   20.551590000    0.190395249    0.190393984
   20.579400000    0.190394849    0.190393333
   20.607210000    0.190394227    0.190392686
   20.635020000    0.190393379    0.190392043
   20.662830000    0.190392338    0.190391399
   20.690640000    0.190391169    0.190390742
   20.718450000    0.190389955    0.190390059
   20.746260000    0.190388785    0.190389338
   20.774070000    0.190387731    0.190388564
   20.801880000    0.190386842    0.190387730
   20.829690000    0.190386130    0.190386830
   20.857500000    0.190385567    0.190385866
   20.885310000    0.190385090    0.190384843
   20.913120000    0.190384616    0.190383771
   20.940930000    0.190384048    0.190382660
   20.968740000    0.190383303    0.190381519
   20.996550000    0.190382316    0.190380355
   21.024360000    0.190381062    0.190379169
   21.052170000    0.190379552    0.190377958
   21.079980000    0.190377836    0.190376712
   21.107790000    0.190375992    0.190375417
   21.135600000    0.190374110    0.190374057
   21.163410000    0.190372279    0.190372617
   21.191220000    0.190370563    0.190371084
   21.219030000    0.190368998    0.190369448
   21.246840000    0.190367576    0.190367706
   21.274650000    0.190366250    0.190365859
   21.302460000    0.190364940    0.190363913
   21.330270000    0.190363550    0.190361876
   21.358080000    0.190361978    0.190359757
   21.385890000    0.190360140    0.190357561
   21.413700000    0.190357983    0.190355292
   21.441510000    0.190355494    0.190352945
   21.469320000    0.190352698    0.190350509
   21.497130000    0.190349661    0.190347969
   21.524940000    0.190346466    0.190345305
   21.552750000    0.190343209    0.190342497
   21.580560000    0.190339967    0.190339523
   21.608370000    0.190336794    0.190336368
   21.636180000    0.190333701    0.190333018
   21.663990000    0.190330656    0.190329467
   21.691800000    0.190327588    0.190325715
   21.719610000    0.190324397    0.190321763
   21.747420000    0.190320968    0.190317617
   21.775230000    0.190317196    0.190313278
   21.803040000    0.190312999    0.190308746
   21.830850000    0.190308332    0.190304015
   21.858660000    0.190303193    0.190299073
   21.886470000    0.190297626    0.190293900
   21.914280000    0.190291705    0.190288470
   21.942090000    0.190285521    0.190282757
   21.969900000    0.190279164    0.190276730
   21.997710000    0.190272703    0.190270362
   22.025520000    0.190266169    0.190263630
   22.053330000    0.190259546    0.190256514
   22.081140000    0.190252775    0.190249003
   22.108950000    0.190245754    0.190241086
   22.136760000    0.190238360    0.190232759
   22.164570000    0.190230460    0.190224013
   22.192380000    0.190221940    0.190214840
   22.220190000    0.190212715    0.190205223
   22.248000000    0.190202745    0.190195141
   22.275810000    0.190192036    0.190184560
   22.303620000    0.190180634    0.190173444
   22.331430000    0.190168613    0.190161745
   22.359240000    0.190156056    0.190149417
   22.387050000    0.190143031    0.190136410
   22.414860000    0.190129577    0.190122677
   22.442670000    0.190115686    0.190108175
   22.470480000    0.190101297    0.190092867
   22.498290000    0.190086303    0.190076719
   22.526100000    0.190070560    0.190059702
   22.553910000    0.190053903    0.190041787
   22.581720000    0.190036174    0.190022941
   22.609530000    0.190017237    0.190003129
   22.637340000    0.189996997    0.189982305
   22.665150000    0.189975409    0.189960413
   22.692960000    0.189952475    0.189937390
   22.720770000    0.189928235    0.189913162
   22.748580000    0.189902748    0.189887648
   22.776390000    0.189876074    0.189860764
   22.804200000    0.189848243    0.189832425
   22.832010000    0.189819245    0.189802546
   22.859820000    0.189789013    0.189771047
   22.887630000    0.189757421    0.189737849
   22.915440000    0.189724293    0.189702875
   22.943250000    0.189689417    0.189666051
   22.971060000    0.189652569    0.189627294
   22.998870000    0.189613537    0.189586518
   23.026680000    0.189572138    0.189543625
   23.054490000    0.189528237    0.189498504
   23.082300000    0.189481747    0.189451029
   23.110110000    0.189432626    0.189401059
   23.137920000    0.189380863    0.189348445
   23.165730000    0.189326453    0.189293022
   23.193540000    0.189269374    0.189234623
   23.221350000    0.189209562    0.189173076
   23.249160000    0.189146894    0.189108207
   23.276970000    0.189081179    0.189039844
   23.304780000    0.189012163    0.188967812
   23.332590000    0.188939538    0.188891935
   23.360400000    0.188862968    0.188812031
   23.388210000    0.188782108    0.188727909
   23.416020000    0.188696636    0.188639363
   23.443830000    0.188606268    0.188546169
   23.471640000    0.188510770    0.188448084
   23.499450000    0.188409960    0.188344843
   23.527260000    0.188303692    0.188236160
   23.555070000    0.188191840    0.188121730
   23.582880000    0.188074264    0.188001233
   23.610690000    0.187950786    0.187874333
   23.638500000    0.187821165    0.187740685
   23.666310000    0.187685077    0.187599933
   23.694120000    0.187542116    0.187451714
   23.721930000    0.187391796    0.187295649
   23.749740000    0.187233571    0.187131347
   23.777550000    0.187066862    0.186958397
   23.805360000    0.186891083    0.186776361
   23.833170000    0.186705669    0.186584771
   23.860980000    0.186510090    0.186383125
   23.888790000    0.186303860    0.186170884
   23.916600000    0.186086530    0.185947470
   23.944410000    0.185857668    0.185712266
   23.972220000    0.185616832    0.185464624
   24.000030000    0.185363538    0.185203860
   24.027840000    0.185097226    0.184929262
   24.055650000    0.184817239    0.184640093
   24.083460000    0.184522811    0.184335585
   24.111270000    0.184213065    0.184014946
   24.139080000    0.183887028    0.183677349
   24.166890000    0.183543659    0.183321931
   24.194700000    0.183181874    0.182947783
   24.222510000    0.182800582    0.182553947
   24.250320000    0.182398706    0.182139404
   24.278130000    0.181975200    0.181703072
   24.305940000    0.181529042    0.181243801
   24.333750000    0.181059222    0.180760369
   24.361560000    0.180564711    0.180251486
   24.389370000    0.180044419    0.179715791
   24.417180000    0.179497162    0.179151853
   24.444990000    0.178921619    0.178558177
   24.472800000    0.178316309    0.177933195
   24.500610000    0.177679583    0.177275272
   24.528420000    0.177009625    0.176582691
   24.556230000    0.176304473    0.175853655
   24.584040000    0.175562051    0.175086270
   24.611850000    0.174780203    0.174278537
   24.639660000    0.173956722    0.173428341
   24.667470000    0.173089373    0.172533442
   24.695280000    0.172175898    0.171591467
   24.723090000    0.171214004    0.170599902
   24.750900000    0.170201335    0.169556092
   24.778710000    0.169135430    0.168457236
   24.806520000    0.168013673    0.167300390
   24.834330000    0.166833246    0.166082465
   24.862140000    0.165591091    0.164800223
   24.889950000    0.164283887    0.163450276
   24.917760000    0.162908041    0.162029078
   24.945570000    0.161459706    0.160532912
   24.973380000    0.159934807    0.158957877
   25.001190000    0.158329076    0.157299876
   25.029000000    0.156638095    0.155554590
   25.056810000    0.154857318    0.153717467
   25.084620000    0.152982089    0.151783703
   25.112430000    0.151007628    0.149748226
   25.140240000    0.148929001    0.147605685
   25.168050000    0.146741070    0.145350439
   25.195860000    0.144438423    0.142976547
   25.223670000    0.142015309    0.140477762
   25.251480000    0.139465569    0.137847519
   25.279290000    0.136782587    0.135078927
   25.307100000    0.133959257    0.132164749
   25.334910000    0.130987984    0.129097387
   25.362720000    0.127860689    0.125868859
   25.390530000    0.124568852    0.122470772
   25.418340000    0.121103542    0.118894295
   25.446150000    0.117455461    0.115130132
   25.473960000    0.113614956    0.111168493
   25.501770000    0.109572026    0.106999071
   25.529580000    0.105316291    0.102611019
   25.557390000    0.100836939    0.097992934
   25.585200000    0.096122652    0.093132837
   25.613010000    0.091161522    0.088018161
   25.640820000    0.085940966    0.082635729
   25.668630000    0.080447651    0.076971741
   25.696440000    0.074667445    0.071011739
   25.724250000    0.068585391    0.064740584
   25.752060000    0.062185707    0.058142413
   25.779870000    0.055451809    0.051200596
   25.807680000    0.048366337    0.043897693
   25.835490000    0.040911187    0.036215403
   25.863300000    0.033067519    0.028134525
   25.891110000    0.024815735    0.019634918
   25.918920000    0.016135434    0.010695471
   25.946730000    0.007005324    0.001294082
   25.974540000   -0.002596884   -0.008592353
   26.002350000   -0.012694592   -0.018987961
   26.030160000   -0.023312418   -0.029917898
   26.057970000   -0.034476275   -0.041408376
   26.085780000   -0.046213405   -0.053486709
   26.113590000   -0.058552361   -0.066181370
   26.141400000   -0.071522952   -0.079522094
   26.169210000   -0.085156153   -0.093540003
   26.197020000   -0.099484018   -0.108267760
   26.224830000   -0.114539626   -0.123739752
   26.252640000   -0.130357114   -0.139992277
   26.280450000   -0.146971800   -0.157063728
   26.308260000   -0.164420459   -0.174994743
   26.336070000   -0.182741718   -0.193828308
   26.363880000   -0.201976582   -0.213609762
   26.391690000   -0.222169018   -0.234386705
   26.419500000   -0.243366551   -0.256208758
   26.447310000   -0.265620748   -0.279127168
   26.475120000   -0.288987515   -0.303194233
   26.502930000   -0.313527075   -0.328462543
   26.530740000   -0.339303541   -0.354984038
   26.558550000   -0.366384001   -0.382808891
   26.586360000   -0.394837081   -0.411984229
   26.614170000   -0.424730985   -0.442552737
   26.641980000   -0.456131061   -0.474551165
   26.669790000   -0.489096986   -0.508008797
   26.697600000   -0.523679721   -0.542945923
   26.725410000   -0.559918381   -0.579372365
   26.753220000   -0.597837228   -0.617286124
   26.781030000   -0.637442959   -0.656672183
   26.808840000   -0.678722467   -0.697501516
   26.836650000   -0.721641212   -0.739730354
   26.864460000   -0.766142294   -0.783299724
   26.892270000   -0.812146299   -0.828135280
   26.920080000   -0.859551878   -0.874147448
   26.947890000   -0.908237032   -0.921231861
   26.975700000   -0.958060988   -0.969270078
   27.003510000   -1.008866536   -1.018130545
   27.031320000   -1.060482663   -1.067669778
   27.059130000   -1.112727335   -1.117733703
   27.086940000   -1.165410262   -1.168159109
   27.114750000   -1.218335509   -1.218775163
   27.142560000   -1.271303844   -1.269404942
   27.170370000   -1.324114753   -1.319866918
   27.198180000   -1.376568059   -1.369976387
   27.225990000   -1.428465167   -1.419546786
   27.253800000   -1.479609929   -1.468390900
   27.281610000   -1.529809195   -1.516321951
   27.309420000   -1.578873107   -1.563154561
   27.337230000   -1.626615223   -1.608705619
   27.365040000   -1.672852533   -1.652795067
   27.392850000   -1.717405475   -1.695246628
   27.420660000   -1.760098001   -1.735888511
   27.448470000   -1.800757763   -1.774554108
   27.476280000   -1.839216487   -1.811082718
   27.504090000   -1.875310532   -1.845320312
   27.531900000   -1.908881699   -1.877120342
   27.559710000   -1.939778245   -1.906344605
   27.587520000   -1.967856123   -1.932864149
   27.615330000   -1.992980393   -1.956560211
   27.643140000   -2.015026761   -1.977325166
   27.670950000   -2.033883197   -1.995063462
   27.698760000   -2.049451538   -2.009692507
   27.726570000   -2.061649030   -2.021143490
   27.754380000   -2.070409713   -2.029362092
   27.782190000   -2.075685581   -2.034309074
