    0.000000000   -1.982246363   -1.938886072
    0.018540000   -1.981463146   -1.938153947
    0.037080000   -1.979115430   -1.935959131
    0.055620000   -1.975209000   -1.932306284
    0.074160000   -1.969753442   -1.927203149
    0.092700000   -1.962762067   -1.920660514
    0.111240000   -1.954251801   -1.912692157
    0.129780000   -1.944243046   -1.903314783
    0.148320000   -1.932759528   -1.892547942
    0.166860000   -1.919828112   -1.880413946
    0.185400000   -1.905478614   -1.866937766
    0.203940000   -1.889743592   -1.852146924
    0.222480000   -1.872658139   -1.836071385
    0.241020000   -1.854259663   -1.818743435
    0.259560000   -1.834587680   -1.800197561
    0.278100000   -1.813683604   -1.780470332
    0.296640000   -1.791590555   -1.759600270
    0.315180000   -1.768353172   -1.737627737
    0.333720000   -1.744017444   -1.714594809
    0.352260000   -1.718630565   -1.690545165
    0.370800000   -1.692240798   -1.665523972
    0.389340000   -1.664897367   -1.639577782
    0.407880000   -1.636650366   -1.612754421
    0.426420000   -1.607550687   -1.585102895
    0.444960000   -1.577649972   -1.556673288
    0.463500000   -1.547000570   -1.527516671
    0.482040000   -1.515655526   -1.497685004
    0.500580000   -1.483668562   -1.467231043
    0.519120000   -1.451094079   -1.436208241
    0.537660000   -1.417987157   -1.404670652
    0.556200000   -1.384403553   -1.372672824
    0.574740000   -1.350399696   -1.340269686
    0.593280000   -1.316032669   -1.307516431
    0.611820000   -1.281360178   -1.274468389
    0.630360000   -1.246440494   -1.241180888
    0.648900000   -1.211332380   -1.207709110
    0.667440000   -1.176094981   -1.174107929
    0.685980000   -1.140787688   -1.140431749
    0.704520000   -1.105469966   -1.106734326
    0.723060000   -1.070201147   -1.073068582
    0.741600000   -1.035040189   -1.039486418
    0.760140000   -1.000045404   -1.006038517
    0.778680000   -0.965274150   -0.972774150
    0.797220000   -0.930782506   -0.939740972
    0.815760000   -0.896624918   -0.906984836
    0.834300000   -0.862853836   -0.874549598
    0.852840000   -0.829519344   -0.842476943
    0.871380000   -0.796668796   -0.810806213
    0.889920000   -0.764346461   -0.779574252
    0.908460000   -0.732593189   -0.748815276
    0.927000000   -0.701446115   -0.718560747
    0.945540000   -0.670938396   -0.688839283
    0.964080000   -0.641099003   -0.659676582
    0.982620000   -0.611952563   -0.631095375
    1.001160000   -0.583519271   -0.603115401
    1.019700000   -0.555814854   -0.575753409
    1.038240000   -0.528850617   -0.549023189
    1.056780000   -0.502633544   -0.522935622
    1.075320000   -0.477166472   -0.497498756
    1.093860000   -0.452448316   -0.472717908
    1.112400000   -0.428474358   -0.448595785
    1.130940000   -0.405236576   -0.425132622
    1.149480000   -0.382724010   -0.402326338
    1.168020000   -0.360923155   -0.380172709
    1.186560000   -0.339818372   -0.358665544
    1.205100000   -0.319392300   -0.337796882
    1.223640000   -0.299626263   -0.317557178
    1.242180000   -0.280500662   -0.297935507
    1.260720000   -0.261995335   -0.278919760
    1.279260000   -0.244089895   -0.260496832
    1.297800000   -0.226764017   -0.242652818
    1.316340000   -0.209997688   -0.225373184
    1.334880000   -0.193771407   -0.208642943
    1.353420000   -0.178066341   -0.192446808
    1.371960000   -0.162864434   -0.176769337
    1.390500000   -0.148148471   -0.161595061
    1.409040000   -0.133902107   -0.146908600
    1.427580000   -0.120109860   -0.132694756
    1.446120000   -0.106757078   -0.118938601
    1.464660000   -0.093829879   -0.105625537
    1.483200000   -0.081315090   -0.092741353
    1.501740000   -0.069200159   -0.080272258
    1.520280000   -0.057473084   -0.068204908
    1.538820000   -0.046122324   -0.056526420
    1.557360000   -0.035136740   -0.045224370
    1.575900000   -0.024505519   -0.034286794
    1.594440000   -0.014218134   -0.023702169
    1.612980000   -0.004264300   -0.013459400
    1.631520000    0.005366051   -0.003547797
    1.650060000    0.014682782    0.006042950
    1.668600000    0.023695561    0.015322792
    1.687140000    0.032413850    0.024301352
    1.705680000    0.040846904    0.032987942
    1.724220000    0.049003752    0.041391588
    1.742760000    0.056893187    0.049521047
    1.761300000    0.064523752    0.057384828
    1.779840000    0.071903732    0.064991201
    1.798380000    0.079041145    0.072348210
    1.816920000    0.085943743    0.079463680
    1.835460000    0.092619015    0.086345228
    1.854000000    0.099074192    0.093000261
    1.872540000    0.105316260    0.099435983
    1.891080000    0.111351974    0.105659397
    1.909620000    0.117187875    0.111677304
    1.928160000    0.122830302    0.117496307
    1.946700000    0.128285412    0.123122812
    1.965240000    0.133559190    0.128563029
    1.983780000    0.138657464    0.133822977
    2.002320000    0.143585912    0.138908486
    2.020860000    0.148350065    0.143825201
    2.039400000    0.152955312    0.148578588
    2.057940000    0.157406901    0.153173941
    2.076480000    0.161709930    0.157616385
    2.095020000    0.165869351    0.161910885
    2.113560000    0.169889958    0.166062252
    2.132100000    0.173776389    0.170075148
    2.150640000    0.177533117    0.173954092
    2.169180000    0.181164456    0.177703465
    2.187720000    0.184674554    0.181327520
    2.206260000    0.188067401    0.184830377
    2.224800000    0.191346836    0.188216034
    2.243340000    0.194516549    0.191488368
    2.261880000    0.197580097    0.194651135
    2.280420000    0.200540914    0.197707978
    2.298960000    0.203402321    0.200662421
    2.317500000    0.206167537    0.203517879
    2.336040000    0.208839695    0.206277654
    2.354580000    0.211421843    0.208944940
    2.373120000    0.213916960    0.211522825
    2.391660000    0.216327954    0.214014291
    2.410200000    0.218657667    0.216422222
    2.428740000    0.220908875    0.218749402
    2.447280000    0.223084288    0.220998521
    2.465820000    0.225186539    0.223172179
    2.484360000    0.227218186    0.225272888
    2.502900000    0.229181704    0.227303077
    2.521440000    0.231079476    0.229265096
    2.539980000    0.232913794    0.231161218
    2.558520000    0.234686849    0.232993643
    2.577060000    0.236400737    0.234764503
    2.595600000    0.238057453    0.236475858
    2.614140000    0.239658895    0.238129707
    2.632680000    0.241206872    0.239727983
    2.651220000    0.242703110    0.241272556
    2.669760000    0.244149256    0.242765235
    2.688300000    0.245546893    0.244207771
    2.706840000    0.246897547    0.245601853
    2.725380000    0.248202696    0.246949113
    2.743920000    0.249463781    0.248251127
    2.762460000    0.250682211    0.249509413
    2.781000000    0.251859370    0.250725436
    2.799540000    0.252996619    0.251900607
    2.818080000    0.254095300    0.253036290
    2.836620000    0.255156734    0.254133795
    2.855160000    0.256182217    0.255194389
    2.873700000    0.257173020    0.256219296
    2.892240000    0.258130379    0.257209698
    2.910780000    0.259055494    0.258166737
    2.929320000    0.259949521    0.259091520
    2.947860000    0.260813570    0.259985120
    2.966400000    0.261648696    0.260848577
    2.984940000    0.262455905    0.261682900
    3.003480000    0.263236146    0.262489069
    3.022020000    0.263990316    0.263268034
    3.040560000    0.264719264    0.264020718
    3.059100000    0.265423791    0.264748017
    3.077640000    0.266104662    0.265450797
    3.096180000    0.266762608    0.266129897
    3.114720000    0.267398335    0.266786128
    3.133260000    0.268012530    0.267420275
    3.151800000    0.268605868    0.268033092
    3.170340000    0.269179013    0.268625307
    3.188880000    0.269732627    0.269197620
    3.207420000    0.270267370    0.269750705
    3.225960000    0.270783897    0.270285209
    3.244500000    0.271282862    0.270801757
    3.263040000    0.271764909    0.271300947
    3.281580000    0.272230673    0.271783358
    3.300120000    0.272680773    0.272249547
    3.318660000    0.273115806    0.272700051
    3.337200000    0.273536346    0.273135392
    3.355740000    0.273942935    0.273556074
    3.374280000    0.274336083    0.273962586
    3.392820000    0.274716264    0.274355402
    3.411360000    0.275083918    0.274734985
    3.429900000    0.275439450    0.275101781
    3.448440000    0.275783234    0.275456226
    3.466980000    0.276115615    0.275798741
    3.485520000    0.276436917    0.276129735
    3.504060000    0.276747446    0.276449603
    3.522600000    0.277047498    0.276758726
    3.541140000    0.277337361    0.277057472
    3.559680000    0.277617323    0.277346193
    3.578220000    0.277887677    0.277625228
    3.596760000    0.278148719    0.277894903
    3.615300000    0.278400756    0.278155528
    3.633840000    0.278644099    0.278407403
    3.652380000    0.278879065    0.278650814
    3.670920000    0.279105977    0.278886035
    3.689460000    0.279325153    0.279113331
    3.708000000    0.279536908    0.279332958
    3.726540000    0.279741547    0.279545164
    3.745080000    0.279939362    0.279750188
    3.763620000    0.280130625    0.279948264
    3.782160000    0.280315588    0.280139622
    3.800700000    0.280494481    0.280324484
    3.819240000    0.280667510    0.280503070
    3.837780000    0.280834859    0.280675593
    3.856320000    0.280996690    0.280842262
    3.874860000    0.281153152    0.281003283
    3.893400000    0.281304376    0.281158853
    3.911940000    0.281450487    0.281309165
    3.930480000    0.281591607    0.281454406
    3.949020000    0.281727855    0.281594755
    3.967560000    0.281859359    0.281730383
    3.986100000    0.281986251    0.281861455
    4.004640000    0.282108674    0.281988128
    4.023180000    0.282226782    0.282110550
    4.041720000    0.282340737    0.282228863
    4.060260000    0.282450710    0.282343203
    4.078800000    0.282556878    0.282453698
    4.097340000    0.282659417    0.282560470
    4.115880000    0.282758503    0.282663640
    4.134420000    0.282854305    0.282763321
    4.152960000    0.282946981    0.282859625
    4.171500000    0.283036675    0.282952660
    4.190040000    0.283123514    0.283042534
    4.208580000    0.283207609    0.283129351
    4.227120000    0.283289051    0.283213216
    4.245660000    0.283367913    0.283294229
    4.264200000    0.283444252    0.283372492
    4.282740000    0.283518115    0.283448101
    4.301280000    0.283589538    0.283521154
    4.319820000    0.283658551    0.283591743
    4.338360000    0.283725186    0.283659956
    4.356900000    0.283789476    0.283725880
    4.375440000    0.283851463    0.283789595
    4.393980000    0.283911196    0.283851178
    4.412520000    0.283968739    0.283910701
    4.431060000    0.284024163    0.283968232
    4.449600000    0.284077553    0.284023834
    4.468140000    0.284129004    0.284077567
    4.486680000    0.284178615    0.284129487
    4.505220000    0.284226492    0.284179648
    4.523760000    0.284272739    0.284228101
    4.542300000    0.284317455    0.284274897
    4.560840000    0.284360733    0.284320084
    4.579380000    0.284402656    0.284363713
    4.597920000    0.284443292    0.284405832
    4.616460000    0.284482696    0.284446492
    4.635000000    0.284520908    0.284485741
    4.653540000    0.284557954    0.284523631
    4.672080000    0.284593846    0.284560213
    4.690620000    0.284628591    0.284595535
    4.709160000    0.284662185    0.284629648
    4.727700000    0.284694624    0.284662600
    4.746240000    0.284725904    0.284694437
    4.764780000    0.284756027    0.284725203
    4.783320000    0.284785001    0.284754940
    4.801860000    0.284812845    0.284783686
    4.820400000    0.284839589    0.284811477
    4.838940000    0.284865273    0.284838344
    4.857480000    0.284889951    0.284864318
    4.876020000    0.284913683    0.284889424
    4.894560000    0.284936537    0.284913688
    4.913100000    0.284958585    0.284937133
    4.931640000    0.284979897    0.284959780
    4.950180000    0.285000541    0.284981650
    4.968720000    0.285020577    0.285002766
    4.987260000    0.285040058    0.285023148
    5.005800000    0.285059021    0.285042819
    5.024340000    0.285077494    0.285061802
    5.042880000    0.285095490    0.285080121
    5.061420000    0.285113008    0.285097802
    5.079960000    0.285130041    0.285114869
    5.098500000    0.285146569    0.285131350
    5.117040000    0.285162570    0.285147268
    5.135580000    0.285178020    0.285162650
    5.154120000    0.285192896    0.285177519
    5.172660000    0.285207181    0.285191897
    5.191200000    0.285220865    0.285205805
    5.209740000    0.285233949    0.285219261
    5.228280000    0.285246444    0.285232280
    5.246820000    0.285258374    0.285244877
    5.265360000    0.285269772    0.285257062
    5.283900000    0.285280680    0.285268845
    5.302440000    0.285291148    0.285280235
    5.320980000    0.285301227    0.285291238
    5.339520000    0.285310972    0.285301863
    5.358060000    0.285320431    0.285312115
    5.376600000    0.285329649    0.285322002
    5.395140000    0.285338662    0.285331533
    5.413680000    0.285347493    0.285340717
    5.432220000    0.285356158    0.285349565
    5.450760000    0.285364656    0.285358090
    5.469300000    0.285372980    0.285366306
    5.487840000    0.285381111    0.285374226
    5.506380000    0.285389023    0.285381865
    5.524920000    0.285396688    0.285389241
    5.543460000    0.285404076    0.285396366
    5.562000000    0.285411159    0.285403256
    5.580540000    0.285417914    0.285409923
    5.599080000    0.285424328    0.285416380
    5.617620000    0.285430396    0.285422636
    5.636160000    0.285436124    0.285428699
    5.654700000    0.285441528    0.285434575
    5.673240000    0.285446636    0.285440268
    5.691780000    0.285451481    0.285445781
    5.710320000    0.285456106    0.285451115
    5.728860000    0.285460553    0.285456272
    5.747400000    0.285464868    0.285461253
    5.765940000    0.285469091    0.285466057
    5.784480000    0.285473257    0.285470687
    5.803020000    0.285477395    0.285475145
    5.821560000    0.285481520    0.285479436
    5.840100000    0.285485639    0.285483563
    5.858640000    0.285489748    0.285487534
    5.877180000    0.285493831    0.285491357
    5.895720000    0.285497865    0.285495040
    5.914260000    0.285501821    0.285498592
    5.932800000    0.285505666    0.285502023
    5.951340000    0.285509367    0.285505343
    5.969880000    0.285512892    0.285508561
    5.988420000    0.285516217    0.285511684
    6.006960000    0.285519324    0.285514718
    6.025500000    0.285522205    0.285517669
    6.044040000    0.285524862    0.285520541
    6.062580000    0.285527307    0.285523333
    6.081120000    0.285529563    0.285526048
    6.099660000    0.285531660    0.285528683
    6.118200000    0.285533633    0.285531236
    6.136740000    0.285535520    0.285533705
    6.155280000    0.285537361    0.285536088
    6.173820000    0.285539191    0.285538382
    6.192360000    0.285541040    0.285540587
    6.210900000    0.285542931    0.285542700
    6.229440000    0.285544876    0.285544725
    6.247980000    0.285546879    0.285546663
    6.266520000    0.285548933    0.285548518
    6.285060000    0.285551020    0.285550296
    6.303600000    0.285553115    0.285552003
    6.322140000    0.285555190    0.285553645
    6.340680000    0.285557211    0.285555230
    6.359220000    0.285559144    0.285556766
    6.377760000    0.285560961    0.285558259
    6.396300000    0.285562635    0.285559715
    6.414840000    0.285564150    0.285561138
    6.433380000    0.285565498    0.285562532
    6.451920000    0.285566681    0.285563898
    6.470460000    0.285567709    0.285565236
    6.489000000    0.285568605    0.285566545
    6.507540000    0.285569395    0.285567823
    6.526080000    0.285570113    0.285569066
    6.544620000    0.285570795    0.285570271
    6.563160000    0.285571477    0.285571433
    6.581700000    0.285572192    0.285572551
    6.600240000    0.285572966    0.285573620
    6.618780000    0.285573820    0.285574641
    6.637320000    0.285574763    0.285575612
    6.655860000    0.285575797    0.285576536
    6.674400000    0.285576911    0.285577414
    6.692940000    0.285578089    0.285578251
    6.711480000    0.285579305    0.285579051
    6.730020000    0.285580528    0.285579821
    6.748560000    0.285581725    0.285580566
    6.767100000    0.285582864    0.285581291
    6.785640000    0.285583913    0.285582002
    6.804180000    0.285584850    0.285582704
    6.822720000    0.285585655    0.285583400
    6.841260000    0.285586322    0.285584091
    6.859800000    0.285586852    0.285584777
    6.878340000    0.285587255    0.285585459
    6.896880000    0.285587550    0.285586134
    6.915420000    0.285587765    0.285586798
    6.933960000    0.285587931    0.285587447
    6.952500000    0.285588082    0.285588078
    6.971040000    0.285588250    0.285588685
    6.989580000    0.285588468    0.285589265
    7.008120000    0.285588759    0.285589815
    7.026660000    0.285589142    0.285590334
    7.045200000    0.285589625    0.285590819
    7.063740000    0.285590208    0.285591273
    7.082280000    0.285590881    0.285591698
    7.100820000    0.285591625    0.285592096
    7.119360000    0.285592416    0.285592472
    7.137900000    0.285593223    0.285592832
    7.156440000    0.285594013    0.285593179
    7.174980000    0.285594756    0.285593521
    7.193520000    0.285595422    0.285593861
    7.212060000    0.285595987    0.285594203
    7.230600000    0.285596436    0.285594551
    7.249140000    0.285596761    0.285594905
    7.267680000    0.285596964    0.285595266
    7.286220000    0.285597056    0.285595632
    7.304760000    0.285597055    0.285596001
    7.323300000    0.285596989    0.285596370
    7.341840000    0.285596888    0.285596733
    7.360380000    0.285596785    0.285597088
    7.378920000    0.285596711    0.285597429
    7.397460000    0.285596697    0.285597753
    7.416000000    0.285596764    0.285598056
    7.434540000    0.285596931    0.285598336
    7.453080000    0.285597204    0.285598594
    7.471620000    0.285597583    0.285598828
    7.490160000    0.285598056    0.285599042
    7.508700000    0.285598604    0.285599237
    7.527240000    0.285599203    0.285599419
    7.545780000    0.285599822    0.285599592
    7.564320000    0.285600430    0.285599760
    7.582860000    0.285600994    0.285599929
    7.601400000    0.285601488    0.285600103
    7.619940000    0.285601888    0.285600285
    7.638480000    0.285602179    0.285600477
    7.657020000    0.285602353    0.285600682
    7.675560000    0.285602413    0.285600897
    7.694100000    0.285602370    0.285601123
    7.712640000    0.285602244    0.285601355
    7.731180000    0.285602058    0.285601591
    7.749720000    0.285601845    0.285601826
    7.768260000    0.285601634    0.285602056
    7.786800000    0.285601458    0.285602276
    7.805340000    0.285601345    0.285602482
    7.823880000    0.285601316    0.285602672
    7.842420000    0.285601388    0.285602842
    7.860960000    0.285601567    0.285602992
    7.879500000    0.285601850    0.285603123
    7.898040000    0.285602228    0.285603236
    7.916580000    0.285602679    0.285603335
    7.935120000    0.285603181    0.285603423
    7.953660000    0.285603702    0.285603505
    7.972200000    0.285604212    0.285603586
    7.990740000    0.285604679    0.285603670
    8.009280000    0.285605077    0.285603761
    8.027820000    0.285605384    0.285603862
    8.046360000    0.285605585    0.285603977
    8.064900000    0.285605674    0.285604105
    8.083440000    0.285605654    0.285604247
    8.101980000    0.285605536    0.285604401
    8.120520000    0.285605339    0.285604564
    8.139060000    0.285605090    0.285604733
    8.157600000    0.285604817    0.285604902
    8.176140000    0.285604552    0.285605068
    8.194680000    0.285604326    0.285605226
    8.213220000    0.285604165    0.285605373
    8.231760000    0.285604093    0.285605504
    8.250300000    0.285604122    0.285605619
    8.268840000    0.285604259    0.285605715
    8.287380000    0.285604502    0.285605794
    8.305920000    0.285604838    0.285605857
    8.324460000    0.285605248    0.285605906
    8.343000000    0.285605707    0.285605946
    8.361540000    0.285606185    0.285605981
    8.380080000    0.285606650    0.285606015
    8.398620000    0.285607073    0.285606052
    8.417160000    0.285607426    0.285606097
    8.435700000    0.285607687    0.285606151
    8.454240000    0.285607842    0.285606218
    8.472780000    0.285607885    0.285606298
    8.491320000    0.285607819    0.285606390
    8.509860000    0.285607655    0.285606492
    8.528400000    0.285607412    0.285606602
    8.546940000    0.285607116    0.285606716
    8.565480000    0.285606795    0.285606829
    8.584020000    0.285606480    0.285606938
    8.602560000    0.285606202    0.285607037
    8.621100000    0.285605987    0.285607123
    8.639640000    0.285605856    0.285607193
    8.658180000    0.285605824    0.285607245
    8.676720000    0.285605895    0.285607278
    8.695260000    0.285606068    0.285607293
    8.713800000    0.285606330    0.285607293
    8.732340000    0.285606663    0.285607279
    8.750880000    0.285607042    0.285607257
    8.769420000    0.285607437    0.285607230
    8.787960000    0.285607820    0.285607202
    8.806500000    0.285608159    0.285607179
    8.825040000    0.285608431    0.285607165
    8.843580000    0.285608613    0.285607162
    8.862120000    0.285608693    0.285607173
    8.880660000    0.285608666    0.285607199
    8.899200000    0.285608536    0.285607238
    8.917740000    0.285608314    0.285607290
    8.936280000    0.285608020    0.285607351
    8.954820000    0.285607680    0.285607419
    8.973360000    0.285607321    0.285607487
    8.991900000    0.285606976    0.285607553
    9.010440000    0.285606672    0.285607612
    9.028980000    0.285606436    0.285607660
    9.047520000    0.285606288    0.285607694
    9.066060000    0.285606241    0.285607712
    9.084600000    0.285606299    0.285607714
    9.103140000    0.285606459    0.285607700
    9.121680000    0.285606708    0.285607672
    9.140220000    0.285607026    0.285607632
    9.158760000    0.285607388    0.285607585
    9.177300000    0.285607765    0.285607535
    9.195840000    0.285608127    0.285607487
    9.214380000    0.285608444    0.285607444
    9.232920000    0.285608690    0.285607410
    9.251460000    0.285608847    0.285607388
    9.270000000    0.285608901    0.285607381
    9.288540000    0.285608847    0.285607388
    9.307080000    0.285608690    0.285607410
    9.325620000    0.285608444    0.285607444
    9.344160000    0.285608127    0.285607487
    9.362700000    0.285607765    0.285607535
    9.381240000    0.285607388    0.285607585
    9.399780000    0.285607026    0.285607632
    9.418320000    0.285606708    0.285607672
    9.436860000    0.285606459    0.285607700
    9.455400000    0.285606299    0.285607714
    9.473940000    0.285606241    0.285607712
    9.492480000    0.285606288    0.285607694
    9.511020000    0.285606436    0.285607660
    9.529560000    0.285606672    0.285607612
    9.548100000    0.285606976    0.285607553
    9.566640000    0.285607321    0.285607487
    9.585180000    0.285607680    0.285607419
    9.603720000    0.285608020    0.285607351
    9.622260000    0.285608314    0.285607290
    9.640800000    0.285608536    0.285607238
    9.659340000    0.285608666    0.285607199
    9.677880000    0.285608693    0.285607173
    9.696420000    0.285608613    0.285607162
    9.714960000    0.285608431    0.285607165
    9.733500000    0.285608159    0.285607179
    9.752040000    0.285607820    0.285607202
    9.770580000    0.285607437    0.285607230
    9.789120000    0.285607042    0.285607257
    9.807660000    0.285606663    0.285607279
    9.826200000    0.285606330    0.285607293
    9.844740000    0.285606068    0.285607293
    9.863280000    0.285605895    0.285607278
    9.881820000    0.285605824    0.285607245
    9.900360000    0.285605856    0.285607193
    9.918900000    0.285605987    0.285607123
    9.937440000    0.285606202    0.285607037
    9.955980000    0.285606480    0.285606938
    9.974520000    0.285606795    0.285606829
    9.993060000    0.285607116    0.285606716
   10.011600000    0.285607412    0.285606602
   10.030140000    0.285607655    0.285606492
   10.048680000    0.285607819    0.285606390
   10.067220000    0.285607885    0.285606298
   10.085760000    0.285607842    0.285606218
   10.104300000    0.285607687    0.285606151
   10.122840000    0.285607426    0.285606097
   10.141380000    0.285607073    0.285606052
   10.159920000    0.285606650    0.285606015
   10.178460000    0.285606185    0.285605981
   10.197000000    0.285605707    0.285605946
   10.215540000    0.285605248    0.285605906
   10.234080000    0.285604838    0.285605857
   10.252620000    0.285604502    0.285605794
   10.271160000    0.285604259    0.285605715
   10.289700000    0.285604122    0.285605619
   10.308240000    0.285604093    0.285605504
   10.326780000    0.285604165    0.285605373
   10.345320000    0.285604326    0.285605226
   10.363860000    0.285604552    0.285605068
   10.382400000    0.285604817    0.285604902
   10.400940000    0.285605090    0.285604733
   10.419480000    0.285605339    0.285604564
   10.438020000    0.285605536    0.285604401
   10.456560000    0.285605654    0.285604247
   10.475100000    0.285605674    0.285604105
   10.493640000    0.285605585    0.285603977
   10.512180000    0.285605384    0.285603862
   10.530720000    0.285605077    0.285603761
   10.549260000    0.285604679    0.285603670
   10.567800000    0.285604212    0.285603586
   10.586340000    0.285603702    0.285603505
   10.604880000    0.285603181    0.285603423
   10.623420000    0.285602679    0.285603335
   10.641960000    0.285602228    0.285603236
   10.660500000    0.285601850    0.285603123
   10.679040000    0.285601567    0.285602992
   10.697580000    0.285601388    0.285602842
   10.716120000    0.285601316    0.285602672
   10.734660000    0.285601345    0.285602482
   10.753200000    0.285601458    0.285602276
   10.771740000    0.285601634    0.285602056
   10.790280000    0.285601845    0.285601826
   10.808820000    0.285602058    0.285601591
   10.827360000    0.285602244    0.285601355
   10.845900000    0.285602370    0.285601123
   10.864440000    0.285602413    0.285600897
   10.882980000    0.285602353    0.285600682
   10.901520000    0.285602179    0.285600477
   10.920060000    0.285601888    0.285600285
   10.938600000    0.285601488    0.285600103
   10.957140000    0.285600994    0.285599929
   10.975680000    0.285600430    0.285599760
   10.994220000    0.285599822    0.285599592
   11.012760000    0.285599203    0.285599419
   11.031300000    0.285598604    0.285599237
   11.049840000    0.285598056    0.285599042
   11.068380000    0.285597583    0.285598828
   11.086920000    0.285597204    0.285598594
   11.105460000    0.285596931    0.285598336
   11.124000000    0.285596764    0.285598056
   11.142540000    0.285596697    0.285597753
   11.161080000    0.285596711    0.285597429
   11.179620000    0.285596785    0.285597088
   11.198160000    0.285596888    0.285596733
   11.216700000    0.285596989    0.285596370
   11.235240000    0.285597055    0.285596001
   11.253780000    0.285597056    0.285595632
   11.272320000    0.285596964    0.285595266
   11.290860000    0.285596761    0.285594905
   11.309400000    0.285596436    0.285594551
   11.327940000    0.285595987    0.285594203
   11.346480000    0.285595422    0.285593861
   11.365020000    0.285594756    0.285593521
   11.383560000    0.285594013    0.285593179
   11.402100000    0.285593223    0.285592832
   11.420640000    0.285592416    0.285592472
   11.439180000    0.285591625    0.285592096
   11.457720000    0.285590881    0.285591698
   11.476260000    0.285590208    0.285591273
   11.494800000    0.285589625    0.285590819
   11.513340000    0.285589142    0.285590334
   11.531880000    0.285588759    0.285589815
   11.550420000    0.285588468    0.285589265
   11.568960000    0.285588250    0.285588685
   11.587500000    0.285588082    0.285588078
   11.606040000    0.285587931    0.285587447
   11.624580000    0.285587765    0.285586798
   11.643120000    0.285587550    0.285586134
   11.661660000    0.285587255    0.285585459
   11.680200000    0.285586852    0.285584777
   11.698740000    0.285586322    0.285584091
   11.717280000    0.285585655    0.285583400
   11.735820000    0.285584850    0.285582704
   11.754360000    0.285583913    0.285582002
   11.772900000    0.285582864    0.285581291
   11.791440000    0.285581725    0.285580566
   11.809980000    0.285580528    0.285579821
   11.828520000    0.285579305    0.285579051
   11.847060000    0.285578089    0.285578251
   11.865600000    0.285576911    0.285577414
   11.884140000    0.285575797    0.285576536
   11.902680000    0.285574763    0.285575612
   11.921220000    0.285573820    0.285574641
   11.939760000    0.285572966    0.285573620
   11.958300000    0.285572192    0.285572551
   11.976840000    0.285571477    0.285571433
   11.995380000    0.285570795    0.285570271
   12.013920000    0.285570113    0.285569066
   12.032460000    0.285569395    0.285567823
   12.051000000    0.285568605    0.285566545
   12.069540000    0.285567709    0.285565236
   12.088080000    0.285566681    0.285563898
   12.106620000    0.285565498    0.285562532
   12.125160000    0.285564150    0.285561138
   12.143700000    0.285562635    0.285559715
   12.162240000    0.285560961    0.285558259
   12.180780000    0.285559144    0.285556766
   12.199320000    0.285557211    0.285555230
   12.217860000    0.285555190    0.285553645
   12.236400000    0.285553115    0.285552003
   12.254940000    0.285551020    0.285550296
   12.273480000    0.285548933    0.285548518
   12.292020000    0.285546879    0.285546663
   12.310560000    0.285544876    0.285544725
   12.329100000    0.285542931    0.285542700
   12.347640000    0.285541040    0.285540587
   12.366180000    0.285539191    0.285538382
   12.384720000    0.285537361    0.285536088
   12.403260000    0.285535520    0.285533705
   12.421800000    0.285533633    0.285531236
   12.440340000    0.285531660    0.285528683
   12.458880000    0.285529563    0.285526048
   12.477420000    0.285527307    0.285523333
   12.495960000    0.285524862    0.285520541
   12.514500000    0.285522205    0.285517669
   12.533040000    0.285519324    0.285514718
   12.551580000    0.285516217    0.285511684
   12.570120000    0.285512892    0.285508561
   12.588660000    0.285509367    0.285505343
   12.607200000    0.285505666    0.285502023
   12.625740000    0.285501821    0.285498592
   12.644280000    0.285497865    0.285495040
   12.662820000    0.285493831    0.285491357
   12.681360000    0.285489748    0.285487534
   12.699900000    0.285485639    0.285483563
   12.718440000    0.285481520    0.285479436
   12.736980000    0.285477395    0.285475145
   12.755520000    0.285473257    0.285470687
   12.774060000    0.285469091    0.285466057
   12.792600000    0.285464868    0.285461253
   12.811140000    0.285460553    0.285456272
   12.829680000    0.285456106    0.285451115
   12.848220000    0.285451481    0.285445781
   12.866760000    0.285446636    0.285440268
   12.885300000    0.285441528    0.285434575
   12.903840000    0.285436124    0.285428699
   12.922380000    0.285430396    0.285422636
   12.940920000    0.285424328    0.285416380
   12.959460000    0.285417914    0.285409923
   12.978000000    0.285411159    0.285403256
   12.996540000    0.285404076    0.285396366
   13.015080000    0.285396688    0.285389241
   13.033620000    0.285389023    0.285381865
   13.052160000    0.285381111    0.285374226
   13.070700000    0.285372980    0.285366306
   13.089240000    0.285364656    0.285358090
   13.107780000    0.285356158    0.285349565
   13.126320000    0.285347493    0.285340717
   13.144860000    0.285338662    0.285331533
   13.163400000    0.285329649    0.285322002
   13.181940000    0.285320431    0.285312115
   13.200480000    0.285310972    0.285301863
   13.219020000    0.285301227    0.285291238
   13.237560000    0.285291148    0.285280235
   13.256100000    0.285280680    0.285268845
   13.274640000    0.285269772    0.285257062
   13.293180000    0.285258374    0.285244877
   13.311720000    0.285246444    0.285232280
   13.330260000    0.285233949    0.285219261
   13.348800000    0.285220865    0.285205805
   13.367340000    0.285207181    0.285191897
   13.385880000    0.285192896    0.285177519
   13.404420000    0.285178020    0.285162650
   13.422960000    0.285162570    0.285147268
   13.441500000    0.285146569    0.285131350
   13.460040000    0.285130041    0.285114869
   13.478580000    0.285113008    0.285097802
   13.497120000    0.285095490    0.285080121
   13.515660000    0.285077494    0.285061802
   13.534200000    0.285059021    0.285042819
   13.552740000    0.285040058    0.285023148
   13.571280000    0.285020577    0.285002766
   13.589820000    0.285000541    0.284981650
   13.608360000    0.284979897    0.284959780
   13.626900000    0.284958585    0.284937133
   13.645440000    0.284936537    0.284913688
   13.663980000    0.284913683    0.284889424
   13.682520000    0.284889951    0.284864318
   13.701060000    0.284865273    0.284838344
   13.719600000    0.284839589    0.284811477
   13.738140000    0.284812845    0.284783686
   13.756680000    0.284785001    0.284754940
   13.775220000    0.284756027    0.284725203
   13.793760000    0.284725904    0.284694437
   13.812300000    0.284694624    0.284662600
   13.830840000    0.284662185    0.284629648
   13.849380000    0.284628591    0.284595535
   13.867920000    0.284593846    0.284560213
   13.886460000    0.284557954    0.284523631
   13.905000000    0.284520908    0.284485741
   13.923540000    0.284482696    0.284446492
   13.942080000    0.284443292    0.284405832
   13.960620000    0.284402656    0.284363713
   13.979160000    0.284360733    0.284320084
   13.997700000    0.284317455    0.284274897
   14.016240000    0.284272739    0.284228101
   14.034780000    0.284226492    0.284179648
   14.053320000    0.284178615    0.284129487
   14.071860000    0.284129004    0.284077567
   14.090400000    0.284077553    0.284023834
   14.108940000    0.284024163    0.283968232
   14.127480000    0.283968739    0.283910701
   14.146020000    0.283911196    0.283851178
   14.164560000    0.283851463    0.283789595
   14.183100000    0.283789476    0.283725880
   14.201640000    0.283725186    0.283659956
   14.220180000    0.283658551    0.283591743
   14.238720000    0.283589538    0.283521154
   14.257260000    0.283518115    0.283448101
   14.275800000    0.283444252    0.283372492
   14.294340000    0.283367913    0.283294229
   14.312880000    0.283289051    0.283213216
   14.331420000    0.283207609    0.283129351
   14.349960000    0.283123514    0.283042534
   14.368500000    0.283036675    0.282952660
   14.387040000    0.282946981    0.282859625
   14.405580000    0.282854305    0.282763321
   14.424120000    0.282758503    0.282663640
   14.442660000    0.282659417    0.282560470
   14.461200000    0.282556878    0.282453698
   14.479740000    0.282450710    0.282343203
   14.498280000    0.282340737    0.282228863
   14.516820000    0.282226782    0.282110550
   14.535360000    0.282108674    0.281988128
   14.553900000    0.281986251    0.281861455
   14.572440000    0.281859359    0.281730383
   14.590980000    0.281727855    0.281594755
   14.609520000    0.281591607    0.281454406
   14.628060000    0.281450487    0.281309165
   14.646600000    0.281304376    0.281158853
   14.665140000    0.281153152    0.281003283
   14.683680000    0.280996690    0.280842262
   14.702220000    0.280834859    0.280675593
   14.720760000    0.280667510    0.280503070
   14.739300000    0.280494481    0.280324484
   14.757840000    0.280315588    0.280139622
   14.776380000    0.280130625    0.279948264
   14.794920000    0.279939362    0.279750188
   14.813460000    0.279741547    0.279545164
   14.832000000    0.279536908    0.279332958
   14.850540000    0.279325153    0.279113331
   14.869080000    0.279105977    0.278886035
   14.887620000    0.278879065    0.278650814
   14.906160000    0.278644099    0.278407403
   14.924700000    0.278400756    0.278155528
   14.943240000    0.278148719    0.277894903
   14.961780000    0.277887677    0.277625228
   14.980320000    0.277617323    0.277346193
   14.998860000    0.277337361    0.277057472
   15.017400000    0.277047498    0.276758726
   15.035940000    0.276747446    0.276449603
   15.054480000    0.276436917    0.276129735
   15.073020000    0.276115615    0.275798741
   15.091560000    0.275783234    0.275456226
   15.110100000    0.275439450    0.275101781
   15.128640000    0.275083918    0.274734985
   15.147180000    0.274716264    0.274355402
   15.165720000    0.274336083    0.273962586
   15.184260000    0.273942935    0.273556074
   15.202800000    0.273536346    0.273135392
   15.221340000    0.273115806    0.272700051
   15.239880000    0.272680773    0.272249547
   15.258420000    0.272230673    0.271783358
   15.276960000    0.271764909    0.271300947
   15.295500000    0.271282862    0.270801757
   15.314040000    0.270783897    0.270285209
   15.332580000    0.270267370    0.269750705
   15.351120000    0.269732627    0.269197620
   15.369660000    0.269179013    0.268625307
   15.388200000    0.268605868    0.268033092
   15.406740000    0.268012530    0.267420275
   15.425280000    0.267398335    0.266786128
   15.443820000    0.266762608    0.266129897
   15.462360000    0.266104662    0.265450797
   15.480900000    0.265423791    0.264748017
   15.499440000    0.264719264    0.264020718
   15.517980000    0.263990316    0.263268034
   15.536520000    0.263236146    0.262489069
   15.555060000    0.262455905    0.261682900
   15.573600000    0.261648696    0.260848577
   15.592140000    0.260813570    0.259985120
   15.610680000    0.259949521    0.259091520
   15.629220000    0.259055494    0.258166737
   15.647760000    0.258130379    0.257209698
   15.666300000    0.257173020    0.256219296
   15.684840000    0.256182217    0.255194389
   15.703380000    0.255156734    0.254133795
   15.721920000    0.254095300    0.253036290
   15.740460000    0.252996619    0.251900607
   15.759000000    0.251859370    0.250725436
   15.777540000    0.250682211    0.249509413
   15.796080000    0.249463781    0.248251127
   15.814620000    0.248202696    0.246949113
   15.833160000    0.246897547    0.245601853
   15.851700000    0.245546893    0.244207771
   15.870240000    0.244149256    0.242765235
   15.888780000    0.242703110    0.241272556
   15.907320000    0.241206872    0.239727983
   15.925860000    0.239658895    0.238129707
   15.944400000    0.238057453    0.236475858
   15.962940000    0.236400737    0.234764503
   15.981480000    0.234686849    0.232993643
   16.000020000    0.232913794    0.231161218
   16.018560000    0.231079476    0.229265096
   16.037100000    0.229181704    0.227303077
   16.055640000    0.227218186    0.225272888
   16.074180000    0.225186539    0.223172179
   16.092720000    0.223084288    0.220998521
   16.111260000    0.220908875    0.218749402
   16.129800000    0.218657667    0.216422222
   16.148340000    0.216327954    0.214014291
   16.166880000    0.213916960    0.211522825
   16.185420000    0.211421843    0.208944940
   16.203960000    0.208839695    0.206277654
   16.222500000    0.206167537    0.203517879
   16.241040000    0.203402321    0.200662421
   16.259580000    0.200540914    0.197707978
   16.278120000    0.197580097    0.194651135
   16.296660000    0.194516549    0.191488368
   16.315200000    0.191346836    0.188216034
   16.333740000    0.188067401    0.184830377
   16.352280000    0.184674554    0.181327520
   16.370820000    0.181164456    0.177703465
   16.389360000    0.177533117    0.173954092
   16.407900000    0.173776389    0.170075148
   16.426440000    0.169889958    0.166062252
   16.444980000    0.165869351    0.161910885
   16.463520000    0.161709930    0.157616385
   16.482060000    0.157406901    0.153173941
   16.500600000    0.152955312    0.148578588
   16.519140000    0.148350065    0.143825201
   16.537680000    0.143585912    0.138908486
   16.556220000    0.138657464    0.133822977
   16.574760000    0.133559190    0.128563029
   16.593300000    0.128285412    0.123122812
   16.611840000    0.122830302    0.117496307
   16.630380000    0.117187875    0.111677304
   16.648920000    0.111351974    0.105659397
   16.667460000    0.105316260    0.099435983
   16.686000000    0.099074192    0.093000261
   16.704540000    0.092619015    0.086345228
   16.723080000    0.085943743    0.079463680
   16.741620000    0.079041145    0.072348210
   16.760160000    0.071903732    0.064991201
   16.778700000    0.064523752    0.057384828
   16.797240000    0.056893187    0.049521047
   16.815780000    0.049003752    0.041391588
   16.834320000    0.040846904    0.032987942
   16.852860000    0.032413850    0.024301352
   16.871400000    0.023695561    0.015322792
   16.889940000    0.014682782    0.006042950
   16.908480000    0.005366051   -0.003547797
   16.927020000   -0.004264300   -0.013459400
   16.945560000   -0.014218134   -0.023702169
   16.964100000   -0.024505519   -0.034286794
   16.982640000   -0.035136740   -0.045224370
   17.001180000   -0.046122324   -0.056526420
   17.019720000   -0.057473084   -0.068204908
   17.038260000   -0.069200159   -0.080272258
   17.056800000   -0.081315090   -0.092741353
   17.075340000   -0.093829879   -0.105625537
   17.093880000   -0.106757078   -0.118938601
   17.112420000   -0.120109860   -0.132694756
   17.130960000   -0.133902107   -0.146908600
   17.149500000   -0.148148471   -0.161595061
   17.168040000   -0.162864434   -0.176769337
   17.186580000   -0.178066341   -0.192446808
   17.205120000   -0.193771407   -0.208642943
   17.223660000   -0.209997688   -0.225373184
   17.242200000   -0.226764017   -0.242652818
   17.260740000   -0.244089895   -0.260496832
   17.279280000   -0.261995335   -0.278919760
   17.297820000   -0.280500662   -0.297935507
   17.316360000   -0.299626263   -0.317557178
   17.334900000   -0.319392300   -0.337796882
   17.353440000   -0.339818372   -0.358665544
   17.371980000   -0.360923155   -0.380172709
   17.390520000   -0.382724010   -0.402326338
   17.409060000   -0.405236576   -0.425132622
   17.427600000   -0.428474358   -0.448595785
   17.446140000   -0.452448316   -0.472717908
   17.464680000   -0.477166472   -0.497498756
   17.483220000   -0.502633544   -0.522935622
   17.501760000   -0.528850617   -0.549023189
   17.520300000   -0.555814854   -0.575753409
   17.538840000   -0.583519271   -0.603115401
   17.557380000   -0.611952563   -0.631095375
   17.575920000   -0.641099003   -0.659676582
   17.594460000   -0.670938396   -0.688839283
   17.613000000   -0.701446115   -0.718560747
   17.631540000   -0.732593189   -0.748815276
   17.650080000   -0.764346461   -0.779574252
   17.668620000   -0.796668796   -0.810806213
   17.687160000   -0.829519344   -0.842476943
   17.705700000   -0.862853836   -0.874549598
   17.724240000   -0.896624918   -0.906984836
   17.742780000   -0.930782506   -0.939740972
   17.761320000   -0.965274150   -0.972774150
   17.779860000   -1.000045404   -1.006038517
   17.798400000   -1.035040189   -1.039486418
   17.816940000   -1.070201147   -1.073068582
   17.835480000   -1.105469966   -1.106734326
   17.854020000   -1.140787688   -1.140431749
   17.872560000   -1.176094981   -1.174107929
   17.891100000   -1.211332380   -1.207709110
   17.909640000   -1.246440494   -1.241180888
   17.928180000   -1.281360178   -1.274468389
   17.946720000   -1.316032669   -1.307516431
   17.965260000   -1.350399696   -1.340269686
   17.983800000   -1.384403553   -1.372672824
   18.002340000   -1.417987157   -1.404670652
   18.020880000   -1.451094079   -1.436208241
   18.039420000   -1.483668562   -1.467231043
   18.057960000   -1.515655526   -1.497685004
   18.076500000   -1.547000570   -1.527516671
   18.095040000   -1.577649972   -1.556673288
   18.113580000   -1.607550687   -1.585102895
   18.132120000   -1.636650366   -1.612754421
   18.150660000   -1.664897367   -1.639577782
   18.169200000   -1.692240798   -1.665523972
   18.187740000   -1.718630565   -1.690545165
   18.206280000   -1.744017444   -1.714594809
   18.224820000   -1.768353172   -1.737627737
   18.243360000   -1.791590555   -1.759600270
   18.261900000   -1.813683604   -1.780470332
   18.280440000   -1.834587680   -1.800197561
   18.298980000   -1.854259663   -1.818743435
   18.317520000   -1.872658139   -1.836071385
   18.336060000   -1.889743592   -1.852146924
   18.354600000   -1.905478614   -1.866937766
   18.373140000   -1.919828112   -1.880413946
   18.391680000   -1.932759528   -1.892547942
   18.410220000   -1.944243046   -1.903314783
   18.428760000   -1.954251801   -1.912692157
   18.447300000   -1.962762067   -1.920660514
   18.465840000   -1.969753442   -1.927203149
   18.484380000   -1.975209000   -1.932306284
   18.502920000   -1.979115430   -1.935959131
   18.521460000   -1.981463146   -1.938153947
