    0.000000000   -2.039512341   -1.995548365
    0.023175000   -2.038288593   -1.994405610
    0.046350000   -2.034622076   -1.990981129
    0.069525000   -2.028526913   -1.985286250
    0.092700000   -2.020026433   -1.977339757
    0.115875000   -2.009152864   -1.967167749
    0.139050000   -1.995946932   -1.954803448
    0.162225000   -1.980457353   -1.940286961
    0.185400000   -1.962740272   -1.923665000
    0.208575000   -1.942858645   -1.904990572
    0.231750000   -1.920881586   -1.884322638
    0.254925000   -1.896883721   -1.861725759
    0.278100000   -1.870944545   -1.837269725
    0.301275000   -1.843147819   -1.811029187
    0.324450000   -1.813581002   -1.783083286
    0.347625000   -1.782334762   -1.753515293
    0.370800000   -1.749502540   -1.722412263
    0.393975000   -1.715180197   -1.689864699
    0.417150000   -1.679465734   -1.655966229
    0.440325000   -1.642459088   -1.620813304
    0.463500000   -1.604261988   -1.584504900
    0.486675000   -1.564977881   -1.547142227
    0.509850000   -1.524711882   -1.508828435
    0.533025000   -1.483570771   -1.469668318
    0.556200000   -1.441662983   -1.429767999
    0.579375000   -1.399098589   -1.389234599
    0.602550000   -1.355989243   -1.348175867
    0.625725000   -1.312448072   -1.306699792
    0.648900000   -1.268589479   -1.264914168
    0.672075000   -1.224528854   -1.222926124
    0.695250000   -1.180382169   -1.180841618
    0.718425000   -1.136265444   -1.138764898
    0.741600000   -1.092294084   -1.096797933
    0.764775000   -1.048582088   -1.055039824
    0.787950000   -1.005241137   -1.013586208
    0.811125000   -0.962379588   -0.972528661
    0.834300000   -0.920101391   -0.931954121
    0.857475000   -0.878504967   -0.891944331
    0.880650000   -0.837682088   -0.852575334
    0.903825000   -0.797716806   -0.813917013
    0.927000000   -0.758684470   -0.776032706
    0.950175000   -0.720650879   -0.738978895
    0.973350000   -0.683671615   -0.702804975
    0.996525000   -0.647791589   -0.667553127
    1.019700000   -0.613044827   -0.633258271
    1.042875000   -0.579454505   -0.599948125
    1.066050000   -0.547033245   -0.567643357
    1.089225000   -0.515783662   -0.536357817
    1.112400000   -0.485699128   -0.506098869
    1.135575000   -0.456764738   -0.476867780
    1.158750000   -0.428958414   -0.448660189
    1.181925000   -0.402252123   -0.421466614
    1.205100000   -0.376613134   -0.395273013
    1.228275000   -0.352005269   -0.370061359
    1.251450000   -0.328390109   -0.345810236
    1.274625000   -0.305728084   -0.322495433
    1.297800000   -0.283979444   -0.300090519
    1.320975000   -0.263105061   -0.278567405
    1.344150000   -0.243067052   -0.257896855
    1.367325000   -0.223829232   -0.238048969
    1.390500000   -0.205357389   -0.218993598
    1.413675000   -0.187619407   -0.200700719
    1.436850000   -0.170585255   -0.183140737
    1.460025000   -0.154226879   -0.166284738
    1.483200000   -0.138518011   -0.150104671
    1.506375000   -0.123433951   -0.134573492
    1.529550000   -0.108951321   -0.119665235
    1.552725000   -0.095047842   -0.105355061
    1.575900000   -0.081702123   -0.091619250
    1.599075000   -0.068893508   -0.078435178
    1.622250000   -0.056601952   -0.065781262
    1.645425000   -0.044807951   -0.053636894
    1.668600000   -0.033492510   -0.041982369
    1.691775000   -0.022637139   -0.030798808
    1.714950000   -0.012223880   -0.020068087
    1.738125000   -0.002235334   -0.009772770
    1.761300000    0.007345304    0.000103945
    1.784475000    0.016534220    0.009578271
    1.807650000    0.025346965    0.018665869
    1.830825000    0.033798460    0.027381871
    1.854000000    0.041903010    0.035740896
    1.877175000    0.049674336    0.043757065
    1.900350000    0.057125614    0.051444002
    1.923525000    0.064269519    0.058814846
    1.946700000    0.071118266    0.065882251
    1.969875000    0.077683646    0.072658393
    1.993050000    0.083977060    0.079154983
    2.016225000    0.090009531    0.085383275
    2.039400000    0.095791719    0.091354084
    2.062575000    0.101333912    0.097077799
    2.085750000    0.106646025    0.102564403
    2.108925000    0.111737589    0.107823495
    2.132100000    0.116617739    0.112864302
    2.155275000    0.121295214    0.117695703
    2.178450000    0.125778351    0.122326241
    2.201625000    0.130075105    0.126764135
    2.224800000    0.134193057    0.131017297
    2.247975000    0.138139447    0.135093335
    2.271150000    0.141921203    0.138999562
    2.294325000    0.145544971    0.142743007
    2.317500000    0.149017152    0.146330417
    2.340675000    0.152343929    0.149768264
    2.363850000    0.155531289    0.153062751
    2.387025000    0.158585039    0.156219827
    2.410200000    0.161510810    0.159245185
    2.433375000    0.164314055    0.162144283
    2.456550000    0.167000044    0.164922349
    2.479725000    0.169573844    0.167584395
    2.502900000    0.172040311    0.170135225
    2.526075000    0.174404071    0.172579451
    2.549250000    0.176669516    0.174921502
    2.572425000    0.178840798    0.177165629
    2.595600000    0.180921834    0.179315915
    2.618775000    0.182916319    0.181376282
    2.641950000    0.184827742    0.183350495
    2.665125000    0.186659414    0.185242165
    2.688300000    0.188414491    0.187054751
    2.711475000    0.190096004    0.188791568
    2.734650000    0.191706880    0.190455786
    2.757825000    0.193249965    0.192050436
    2.781000000    0.194728037    0.193578414
    2.804175000    0.196143811    0.195042487
    2.827350000    0.197499939    0.196445302
    2.850525000    0.198799006    0.197789390
    2.873700000    0.200043513    0.199077175
    2.896875000    0.201235868    0.200310983
    2.920050000    0.202378371    0.201493047
    2.943225000    0.203473204    0.202625514
    2.966400000    0.204522422    0.203710450
    2.989575000    0.205527952    0.204749846
    3.012750000    0.206491599    0.205745617
    3.035925000    0.207415054    0.206699608
    3.059100000    0.208299911    0.207613591
    3.082275000    0.209147680    0.208489268
    3.105450000    0.209959813    0.209328268
    3.128625000    0.210737714    0.210132152
    3.151800000    0.211482757    0.210902408
    3.174975000    0.212196296    0.211640455
    3.198150000    0.212879667    0.212347648
    3.221325000    0.213534190    0.213025276
    3.244500000    0.214161162    0.213674568
    3.267675000    0.214761844    0.214296699
    3.290850000    0.215337454    0.214892792
    3.314025000    0.215889148    0.215463923
    3.337200000    0.216418016    0.216011127
    3.360375000    0.216925068    0.216535398
    3.383550000    0.217411237    0.217037696
    3.406725000    0.217877372    0.217518943
    3.429900000    0.218324255    0.217980030
    3.453075000    0.218752603    0.218421812
    3.476250000    0.219163088    0.218845110
    3.499425000    0.219556347    0.219250710
    3.522600000    0.219933002    0.219639363
    3.545775000    0.220293666    0.220011784
    3.568950000    0.220638962    0.220368653
    3.592125000    0.220969515    0.220710615
    3.615300000    0.221285966    0.221038283
    3.638475000    0.221588954    0.221352239
    3.661650000    0.221879118    0.221653040
    3.684825000    0.222157082    0.221941218
    3.708000000    0.222423443    0.222217281
    3.731175000    0.222678764    0.222481725
    3.754350000    0.222923559    0.222735024
    3.777525000    0.223158297    0.222977641
    3.800700000    0.223383393    0.223210027
    3.823875000    0.223599216    0.223432617
    3.847050000    0.223806094    0.223645835
    3.870225000    0.224004328    0.223850087
    3.893400000    0.224194197    0.224045766
    3.916575000    0.224375976    0.224233247
    3.939750000    0.224549944    0.224412885
    3.962925000    0.224716392    0.224585018
    3.986100000    0.224875627    0.224749963
    4.009275000    0.225027973    0.224908021
    4.032450000    0.225173768    0.225059473
    4.055625000    0.225313357    0.225204587
    4.078800000    0.225447079    0.225343617
    4.101975000    0.225575265    0.225476805
    4.125150000    0.225698218    0.225604386
    4.148325000    0.225816212    0.225726587
    4.171500000    0.225929484    0.225843628
    4.194675000    0.226038232    0.225955728
    4.217850000    0.226142617    0.226063096
    4.241025000    0.226242770    0.226165940
    4.264200000    0.226338796    0.226264459
    4.287375000    0.226430789    0.226358845
    4.310550000    0.226518841    0.226449283
    4.333725000    0.226603049    0.226535946
    4.356900000    0.226683527    0.226618996
    4.380075000    0.226760409    0.226698586
    4.403250000    0.226833851    0.226774858
    4.426425000    0.226904028    0.226847941
    4.449600000    0.226971127    0.226917959
    4.472775000    0.227035344    0.226985027
    4.495950000    0.227096871    0.227049257
    4.519125000    0.227155887    0.227110755
    4.542300000    0.227212551    0.227169628
    4.565475000    0.227266996    0.227225981
    4.588650000    0.227319325    0.227279917
    4.611825000    0.227369611    0.227331544
    4.635000000    0.227417903    0.227380965
    4.658175000    0.227464230    0.227428284
    4.681350000    0.227508609    0.227473602
    4.704525000    0.227551056    0.227517014
    4.727700000    0.227591595    0.227558612
    4.750875000    0.227630264    0.227598480
    4.774050000    0.227667119    0.227636696
    4.797225000    0.227702240    0.227673331
    4.820400000    0.227735724    0.227708446
    4.843575000    0.227767688    0.227742101
    4.866750000    0.227798254    0.227774346
    4.889925000    0.227827550    0.227805233
    4.913100000    0.227855691    0.227834807
    4.936275000    0.227882781    0.227863117
    4.959450000    0.227908901    0.227890210
    4.982625000    0.227934107    0.227916137
    5.005800000    0.227958429    0.227940947
    5.028975000    0.227981872    0.227964693
    5.052150000    0.228004426    0.227987429
    5.075325000    0.228026067    0.228009205
    5.098500000    0.228046770    0.228030073
    5.121675000    0.228066514    0.228050079
    5.144850000    0.228085292    0.228069267
    5.168025000    0.228103116    0.228087674
    5.191200000    0.228120016    0.228105333
    5.214375000    0.228136047    0.228122273
    5.237550000    0.228151279    0.228138516
    5.260725000    0.228165795    0.228154084
    5.283900000    0.228179683    0.228168994
    5.307075000    0.228193030    0.228183264
    5.330250000    0.228205911    0.228196913
    5.353425000    0.228218384    0.228209961
    5.376600000    0.228230488    0.228222429
    5.399775000    0.228242238    0.228234344
    5.422950000    0.228253627    0.228245733
    5.446125000    0.228264633    0.228256625
    5.469300000    0.228275220    0.228267051
    5.492475000    0.228285349    0.228277040
    5.515650000    0.228294986    0.228286620
    5.538825000    0.228304104    0.228295816
    5.562000000    0.228312694    0.228304651
    5.585175000    0.228320768    0.228313142
    5.608350000    0.228328356    0.228321302
    5.631525000    0.228335507    0.228329142
    5.654700000    0.228342282    0.228336667
    5.677875000    0.228348751    0.228343883
    5.701050000    0.228354983    0.228350794
    5.724225000    0.228361042    0.228357406
    5.747400000    0.228366974    0.228363723
    5.770575000    0.228372812    0.228369756
    5.793750000    0.228378563    0.228375516
    5.816925000    0.228384219    0.228381017
    5.840100000    0.228389750    0.228386275
    5.863275000    0.228395116    0.228391309
    5.886450000    0.228400270    0.228396135
    5.909625000    0.228405167    0.228400773
    5.932800000    0.228409771    0.228405236
    5.955975000    0.228414057    0.228409537
    5.979150000    0.228418022    0.228413687
    6.002325000    0.228421678    0.228417689
    6.025500000    0.228425059    0.228421548
    6.048675000    0.228428211    0.228425262
    6.071850000    0.228431191    0.228428829
    6.095025000    0.228434058    0.228432248
    6.118200000    0.228436867    0.228435515
    6.141375000    0.228439664    0.228438632
    6.164550000    0.228442477    0.228441598
    6.187725000    0.228445317    0.228444420
    6.210900000    0.228448177    0.228447105
    6.234075000    0.228451030    0.228449663
    6.257250000    0.228453839    0.228452106
    6.280425000    0.228456557    0.228454447
    6.303600000    0.228459138    0.228456700
    6.326775000    0.228461540    0.228458875
    6.349950000    0.228463735    0.228460982
    6.373125000    0.228465708    0.228463028
    6.396300000    0.228467466    0.228465016
    6.419475000    0.228469030    0.228466946
    6.442650000    0.228470438    0.228468816
    6.465825000    0.228471738    0.228470622
    6.489000000    0.228472984    0.228472358
    6.512175000    0.228474228    0.228474021
    6.535350000    0.228475513    0.228475605
    6.558525000    0.228476869    0.228477110
    6.581700000    0.228478309    0.228478536
    6.604875000    0.228479830    0.228479887
    6.628050000    0.228481409    0.228481169
    6.651225000    0.228483010    0.228482392
    6.674400000    0.228484590    0.228483563
    6.697575000    0.228486100    0.228484695
    6.720750000    0.228487497    0.228485795
    6.743925000    0.228488746    0.228486870
    6.767100000    0.228489827    0.228487927
    6.790275000    0.228490736    0.228488967
    6.813450000    0.228491486    0.228489990
    6.836625000    0.228492107    0.228490991
    6.859800000    0.228492641    0.228491966
    6.882975000    0.228493135    0.228492909
    6.906150000    0.228493638    0.228493813
    6.929325000    0.228494194    0.228494672
    6.952500000    0.228494834    0.228495483
    6.975675000    0.228495577    0.228496245
    6.998850000    0.228496421    0.228496959
    7.022025000    0.228497352    0.228497630
    7.045200000    0.228498339    0.228498263
    7.068375000    0.228499340    0.228498867
    7.091550000    0.228500311    0.228499450
    7.114725000    0.228501206    0.228500022
    7.137900000    0.228501989    0.228500588
    7.161075000    0.228502636    0.228501154
    7.184250000    0.228503136    0.228501722
    7.207425000    0.228503497    0.228502292
    7.230600000    0.228503742    0.228502861
    7.253775000    0.228503905    0.228503424
    7.276950000    0.228504033    0.228503975
    7.300125000    0.228504170    0.228504506
    7.323300000    0.228504360    0.228505012
    7.346475000    0.228504638    0.228505488
    7.369650000    0.228505024    0.228505931
    7.392825000    0.228505524    0.228506341
    7.416000000    0.228506127    0.228506720
    7.439175000    0.228506808    0.228507074
    7.462350000    0.228507528    0.228507409
    7.485525000    0.228508245    0.228507733
    7.508700000    0.228508915    0.228508054
    7.531875000    0.228509497    0.228508377
    7.555050000    0.228509964    0.228508708
    7.578225000    0.228510300    0.228509050
    7.601400000    0.228510506    0.228509403
    7.624575000    0.228510598    0.228509763
    7.647750000    0.228510607    0.228510128
    7.670925000    0.228510572    0.228510490
    7.694100000    0.228510536    0.228510842
    7.717275000    0.228510544    0.228511177
    7.740450000    0.228510630    0.228511492
    7.763625000    0.228510821    0.228511781
    7.786800000    0.228511126    0.228512043
    7.809975000    0.228511540    0.228512280
    7.833150000    0.228512043    0.228512496
    7.856325000    0.228512601    0.228512695
    7.879500000    0.228513176    0.228512886
    7.902675000    0.228513722    0.228513076
    7.925850000    0.228514202    0.228513271
    7.949025000    0.228514582    0.228513476
    7.972200000    0.228514843    0.228513695
    7.995375000    0.228514981    0.228513928
    8.018550000    0.228515006    0.228514175
    8.041725000    0.228514943    0.228514431
    8.064900000    0.228514829    0.228514690
    8.088075000    0.228514703    0.228514947
    8.111250000    0.228514609    0.228515193
    8.134425000    0.228514585    0.228515424
    8.157600000    0.228514658    0.228515634
    8.180775000    0.228514844    0.228515823
    8.203950000    0.228515142    0.228515989
    8.227125000    0.228515538    0.228516137
    8.250300000    0.228516003    0.228516270
    8.273475000    0.228516500    0.228516394
    8.296650000    0.228516987    0.228516517
    8.319825000    0.228517424    0.228516646
    8.343000000    0.228517776    0.228516785
    8.366175000    0.228518020    0.228516939
    8.389350000    0.228518147    0.228517110
    8.412525000    0.228518160    0.228517295
    8.435700000    0.228518080    0.228517493
    8.458875000    0.228517937    0.228517697
    8.482050000    0.228517771    0.228517903
    8.505225000    0.228517623    0.228518102
    8.528400000    0.228517531    0.228518290
    8.551575000    0.228517527    0.228518460
    8.574750000    0.228517629    0.228518610
    8.597925000    0.228517844    0.228518740
    8.621100000    0.228518160    0.228518851
    8.644275000    0.228518555    0.228518947
    8.667450000    0.228518995    0.228519033
    8.690625000    0.228519441    0.228519117
    8.713800000    0.228519852    0.228519205
    8.736975000    0.228520192    0.228519302
    8.760150000    0.228520434    0.228519414
    8.783325000    0.228520564    0.228519542
    8.806500000    0.228520581    0.228519686
    8.829675000    0.228520500    0.228519844
    8.852850000    0.228520348    0.228520012
    8.876025000    0.228520161    0.228520184
    8.899200000    0.228519978    0.228520354
    8.922375000    0.228519839    0.228520514
    8.945550000    0.228519777    0.228520660
    8.968725000    0.228519816    0.228520789
    8.991900000    0.228519964    0.228520898
    9.015075000    0.228520217    0.228520989
    9.038250000    0.228520558    0.228521064
    9.061425000    0.228520956    0.228521129
    9.084600000    0.228521373    0.228521189
    9.107775000    0.228521771    0.228521252
    9.130950000    0.228522112    0.228521322
    9.154125000    0.228522365    0.228521406
    9.177300000    0.228522512    0.228521506
    9.200475000    0.228522548    0.228521623
    9.223650000    0.228522482    0.228521755
    9.246825000    0.228522337    0.228521898
    9.270000000    0.228522143    0.228522048
    9.293175000    0.228521941    0.228522198
    9.316350000    0.228521769    0.228522341
    9.339525000    0.228521663    0.228522472
    9.362700000    0.228521648    0.228522587
    9.385875000    0.228521739    0.228522684
    9.409050000    0.228521937    0.228522762
    9.432225000    0.228522228    0.228522824
    9.455400000    0.228522586    0.228522874
    9.478575000    0.228522977    0.228522918
    9.501750000    0.228523361    0.228522961
    9.524925000    0.228523702    0.228523012
    9.548100000    0.228523966    0.228523073
    9.571275000    0.228524132    0.228523150
    9.594450000    0.228524188    0.228523244
    9.617625000    0.228524140    0.228523354
    9.640800000    0.228524005    0.228523477
    9.663975000    0.228523812    0.228523608
    9.687150000    0.228523597    0.228523742
    9.710325000    0.228523400    0.228523871
    9.733500000    0.228523257    0.228523990
    9.756675000    0.228523197    0.228524094
    9.779850000    0.228523239    0.228524179
    9.803025000    0.228523387    0.228524244
    9.826200000    0.228523633    0.228524291
    9.849375000    0.228523956    0.228524323
    9.872550000    0.228524322    0.228524345
    9.895725000    0.228524693    0.228524362
    9.918900000    0.228525032    0.228524380
    9.942075000    0.228525301    0.228524406
    9.965250000    0.228525475    0.228524443
    9.988425000    0.228525538    0.228524493
   10.011600000    0.228525489    0.228524557
   10.034775000    0.228525341    0.228524632
   10.057950000    0.228525119    0.228524714
   10.081125000    0.228524856    0.228524799
   10.104300000    0.228524591    0.228524880
   10.127475000    0.228524362    0.228524951
   10.150650000    0.228524202    0.228525007
   10.173825000    0.228524135    0.228525045
   10.197000000    0.228524172    0.228525064
   10.220175000    0.228524311    0.228525064
   10.243350000    0.228524534    0.228525049
   10.266525000    0.228524816    0.228525022
   10.289700000    0.228525121    0.228524991
   10.312875000    0.228525413    0.228524961
   10.336050000    0.228525653    0.228524938
   10.359225000    0.228525814    0.228524929
   10.382400000    0.228525876    0.228524935
   10.405575000    0.228525833    0.228524957
   10.428750000    0.228525693    0.228524996
   10.451925000    0.228525475    0.228525046
   10.475100000    0.228525209    0.228525104
   10.498275000    0.228524933    0.228525164
   10.521450000    0.228524682    0.228525219
   10.544625000    0.228524492    0.228525264
   10.567800000    0.228524388    0.228525294
   10.590975000    0.228524386    0.228525308
   10.614150000    0.228524487    0.228525304
   10.637325000    0.228524680    0.228525286
   10.660500000    0.228524940    0.228525256
   10.683675000    0.228525236    0.228525220
   10.706850000    0.228525530    0.228525184
   10.730025000    0.228525785    0.228525154
   10.753200000    0.228525970    0.228525135
   10.776375000    0.228526063    0.228525131
   10.799550000    0.228526051    0.228525144
   10.822725000    0.228525939    0.228525172
   10.845900000    0.228525741    0.228525215
   10.869075000    0.228525485    0.228525266
   10.892250000    0.228525205    0.228525321
   10.915425000    0.228524938    0.228525373
   10.938600000    0.228524720    0.228525417
   10.961775000    0.228524581    0.228525448
   10.984950000    0.228524538    0.228525463
   11.008125000    0.228524599    0.228525460
   11.031300000    0.228524756    0.228525442
   11.054475000    0.228524990    0.228525411
   11.077650000    0.228525271    0.228525372
   11.100825000    0.228525564    0.228525331
   11.124000000    0.228525831    0.228525294
   11.147175000    0.228526038    0.228525267
   11.170350000    0.228526159    0.228525253
   11.193525000    0.228526179    0.228525255
   11.216700000    0.228526097    0.228525273
   11.239875000    0.228525922    0.228525307
   11.263050000    0.228525680    0.228525351
   11.286225000    0.228525401    0.228525400
   11.309400000    0.228525122    0.228525450
   11.332575000    0.228524880    0.228525493
   11.355750000    0.228524707    0.228525524
   11.378925000    0.228524625    0.228525541
   11.402100000    0.228524646    0.228525540
   11.425275000    0.228524767    0.228525523
   11.448450000    0.228524972    0.228525492
   11.471625000    0.228525236    0.228525451
   11.494800000    0.228525524    0.228525406
   11.517975000    0.228525799    0.228525362
   11.541150000    0.228526026    0.228525326
   11.564325000    0.228526175    0.228525302
   11.587500000    0.228526226    0.228525294
   11.610675000    0.228526175    0.228525302
   11.633850000    0.228526026    0.228525326
   11.657025000    0.228525799    0.228525362
   11.680200000    0.228525524    0.228525406
   11.703375000    0.228525236    0.228525451
   11.726550000    0.228524972    0.228525492
   11.749725000    0.228524767    0.228525523
   11.772900000    0.228524646    0.228525540
   11.796075000    0.228524625    0.228525541
   11.819250000    0.228524707    0.228525524
   11.842425000    0.228524880    0.228525493
   11.865600000    0.228525122    0.228525450
   11.888775000    0.228525401    0.228525400
   11.911950000    0.228525680    0.228525351
   11.935125000    0.228525922    0.228525307
   11.958300000    0.228526097    0.228525273
   11.981475000    0.228526179    0.228525255
   12.004650000    0.228526159    0.228525253
   12.027825000    0.228526038    0.228525267
   12.051000000    0.228525831    0.228525294
   12.074175000    0.228525564    0.228525331
   12.097350000    0.228525271    0.228525372
   12.120525000    0.228524990    0.228525411
   12.143700000    0.228524756    0.228525442
   12.166875000    0.228524599    0.228525460
   12.190050000    0.228524538    0.228525463
   12.213225000    0.228524581    0.228525448
   12.236400000    0.228524720    0.228525417
   12.259575000    0.228524938    0.228525373
   12.282750000    0.228525205    0.228525321
   12.305925000    0.228525485    0.228525266
   12.329100000    0.228525741    0.228525215
   12.352275000    0.228525939    0.228525172
   12.375450000    0.228526051    0.228525144
   12.398625000    0.228526063    0.228525131
   12.421800000    0.228525970    0.228525135
   12.444975000    0.228525785    0.228525154
   12.468150000    0.228525530    0.228525184
   12.491325000    0.228525236    0.228525220
   12.514500000    0.228524940    0.228525256
   12.537675000    0.228524680    0.228525286
   12.560850000    0.228524487    0.228525304
   12.584025000    0.228524386    0.228525308
   12.607200000    0.228524388    0.228525294
   12.630375000    0.228524492    0.228525264
   12.653550000    0.228524682    0.228525219
   12.676725000    0.228524933    0.228525164
   12.699900000    0.228525209    0.228525104
   12.723075000    0.228525475    0.228525046
   12.746250000    0.228525693    0.228524996
   12.769425000    0.228525833    0.228524957
   12.792600000    0.228525876    0.228524935
   12.815775000    0.228525814    0.228524929
   12.838950000    0.228525653    0.228524938
   12.862125000    0.228525413    0.228524961
   12.885300000    0.228525121    0.228524991
   12.908475000    0.228524816    0.228525022
   12.931650000    0.228524534    0.228525049
   12.954825000    0.228524311    0.228525064
   12.978000000    0.228524172    0.228525064
   13.001175000    0.228524135    0.228525045
   13.024350000    0.228524202    0.228525007
   13.047525000    0.228524362    0.228524951
   13.070700000    0.228524591    0.228524880
   13.093875000    0.228524856    0.228524799
   13.117050000    0.228525119    0.228524714
   13.140225000    0.228525341    0.228524632
   13.163400000    0.228525489    0.228524557
   13.186575000    0.228525538    0.228524493
   13.209750000    0.228525475    0.228524443
   13.232925000    0.228525301    0.228524406
   13.256100000    0.228525032    0.228524380
   13.279275000    0.228524693    0.228524362
   13.302450000    0.228524322    0.228524345
   13.325625000    0.228523956    0.228524323
   13.348800000    0.228523633    0.228524291
   13.371975000    0.228523387    0.228524244
   13.395150000    0.228523239    0.228524179
   13.418325000    0.228523197    0.228524094
   13.441500000    0.228523257    0.228523990
   13.464675000    0.228523400    0.228523871
   13.487850000    0.228523597    0.228523742
   13.511025000    0.228523812    0.228523608
   13.534200000    0.228524005    0.228523477
   13.557375000    0.228524140    0.228523354
   13.580550000    0.228524188    0.228523244
   13.603725000    0.228524132    0.228523150
   13.626900000    0.228523966    0.228523073
   13.650075000    0.228523702    0.228523012
   13.673250000    0.228523361    0.228522961
   13.696425000    0.228522977    0.228522918
   13.719600000    0.228522586    0.228522874
   13.742775000    0.228522228    0.228522824
   13.765950000    0.228521937    0.228522762
   13.789125000    0.228521739    0.228522684
   13.812300000    0.228521648    0.228522587
   13.835475000    0.228521663    0.228522472
   13.858650000    0.228521769    0.228522341
   13.881825000    0.228521941    0.228522198
   13.905000000    0.228522143    0.228522048
   13.928175000    0.228522337    0.228521898
   13.951350000    0.228522482    0.228521755
   13.974525000    0.228522548    0.228521623
   13.997700000    0.228522512    0.228521506
   14.020875000    0.228522365    0.228521406
   14.044050000    0.228522112    0.228521322
   14.067225000    0.228521771    0.228521252
   14.090400000    0.228521373    0.228521189
   14.113575000    0.228520956    0.228521129
   14.136750000    0.228520558    0.228521064
   14.159925000    0.228520217    0.228520989
   14.183100000    0.228519964    0.228520898
   14.206275000    0.228519816    0.228520789
   14.229450000    0.228519777    0.228520660
   14.252625000    0.228519839    0.228520514
   14.275800000    0.228519978    0.228520354
   14.298975000    0.228520161    0.228520184
   14.322150000    0.228520348    0.228520012
   14.345325000    0.228520500    0.228519844
   14.368500000    0.228520581    0.228519686
   14.391675000    0.228520564    0.228519542
   14.414850000    0.228520434    0.228519414
   14.438025000    0.228520192    0.228519302
   14.461200000    0.228519852    0.228519205
   14.484375000    0.228519441    0.228519117
   14.507550000    0.228518995    0.228519033
   14.530725000    0.228518555    0.228518947
   14.553900000    0.228518160    0.228518851
   14.577075000    0.228517844    0.228518740
   14.600250000    0.228517629    0.228518610
   14.623425000    0.228517527    0.228518460
   14.646600000    0.228517531    0.228518290
   14.669775000    0.228517623    0.228518102
   14.692950000    0.228517771    0.228517903
   14.716125000    0.228517937    0.228517697
   14.739300000    0.228518080    0.228517493
   14.762475000    0.228518160    0.228517295
   14.785650000    0.228518147    0.228517110
   14.808825000    0.228518020    0.228516939
   14.832000000    0.228517776    0.228516785
   14.855175000    0.228517424    0.228516646
   14.878350000    0.228516987    0.228516517
   14.901525000    0.228516500    0.228516394
   14.924700000    0.228516003    0.228516270
   14.947875000    0.228515538    0.228516137
   14.971050000    0.228515142    0.228515989
   14.994225000    0.228514844    0.228515823
   15.017400000    0.228514658    0.228515634
   15.040575000    0.228514585    0.228515424
   15.063750000    0.228514609    0.228515193
   15.086925000    0.228514703    0.228514947
   15.110100000    0.228514829    0.228514690
   15.133275000    0.228514943    0.228514431
   15.156450000    0.228515006    0.228514175
   15.179625000    0.228514981    0.228513928
   15.202800000    0.228514843    0.228513695
   15.225975000    0.228514582    0.228513476
   15.249150000    0.228514202    0.228513271
   15.272325000    0.228513722    0.228513076
   15.295500000    0.228513176    0.228512886
   15.318675000    0.228512601    0.228512695
   15.341850000    0.228512043    0.228512496
   15.365025000    0.228511540    0.228512280
   15.388200000    0.228511126    0.228512043
   15.411375000    0.228510821    0.228511781
   15.434550000    0.228510630    0.228511492
   15.457725000    0.228510544    0.228511177
   15.480900000    0.228510536    0.228510842
   15.504075000    0.228510572    0.228510490
   15.527250000    0.228510607    0.228510128
   15.550425000    0.228510598    0.228509763
   15.573600000    0.228510506    0.228509403
   15.596775000    0.228510300    0.228509050
   15.619950000    0.228509964    0.228508708
   15.643125000    0.228509497    0.228508377
   15.666300000    0.228508915    0.228508054
   15.689475000    0.228508245    0.228507733
   15.712650000    0.228507528    0.228507409
   15.735825000    0.228506808    0.228507074
   15.759000000    0.228506127    0.228506720
   15.782175000    0.228505524    0.228506341
   15.805350000    0.228505024    0.228505931
   15.828525000    0.228504638    0.228505488
   15.851700000    0.228504360    0.228505012
   15.874875000    0.228504170    0.228504506
   15.898050000    0.228504033    0.228503975
   15.921225000    0.228503905    0.228503424
   15.944400000    0.228503742    0.228502861
   15.967575000    0.228503497    0.228502292
   15.990750000    0.228503136    0.228501722
   16.013925000    0.228502636    0.228501154
   16.037100000    0.228501989    0.228500588
   16.060275000    0.228501206    0.228500022
   16.083450000    0.228500311    0.228499450
   16.106625000    0.228499340    0.228498867
   16.129800000    0.228498339    0.228498263
   16.152975000    0.228497352    0.228497630
   16.176150000    0.228496421    0.228496959
   16.199325000    0.228495577    0.228496245
   16.222500000    0.228494834    0.228495483
   16.245675000    0.228494194    0.228494672
   16.268850000    0.228493638    0.228493813
   16.292025000    0.228493135    0.228492909
   16.315200000    0.228492641    0.228491966
   16.338375000    0.228492107    0.228490991
   16.361550000    0.228491486    0.228489990
   16.384725000    0.228490736    0.228488967
   16.407900000    0.228489827    0.228487927
   16.431075000    0.228488746    0.228486870
   16.454250000    0.228487497    0.228485795
   16.477425000    0.228486100    0.228484695
   16.500600000    0.228484590    0.228483563
   16.523775000    0.228483010    0.228482392
   16.546950000    0.228481409    0.228481169
   16.570125000    0.228479830    0.228479887
   16.593300000    0.228478309    0.228478536
   16.616475000    0.228476869    0.228477110
   16.639650000    0.228475513    0.228475605
   16.662825000    0.228474228    0.228474021
   16.686000000    0.228472984    0.228472358
   16.709175000    0.228471738    0.228470622
   16.732350000    0.228470438    0.228468816
   16.755525000    0.228469030    0.228466946
   16.778700000    0.228467466    0.228465016
   16.801875000    0.228465708    0.228463028
   16.825050000    0.228463735    0.228460982
   16.848225000    0.228461540    0.228458875
   16.871400000    0.228459138    0.228456700
   16.894575000    0.228456557    0.228454447
   16.917750000    0.228453839    0.228452106
   16.940925000    0.228451030    0.228449663
   16.964100000    0.228448177    0.228447105
   16.987275000    0.228445317    0.228444420
   17.010450000    0.228442477    0.228441598
   17.033625000    0.228439664    0.228438632
   17.056800000    0.228436867    0.228435515
   17.079975000    0.228434058    0.228432248
   17.103150000    0.228431191    0.228428829
   17.126325000    0.228428211    0.228425262
   17.149500000    0.228425059    0.228421548
   17.172675000    0.228421678    0.228417689
   17.195850000    0.228418022    0.228413687
   17.219025000    0.228414057    0.228409537
   17.242200000    0.228409771    0.228405236
   17.265375000    0.228405167    0.228400773
   17.288550000    0.228400270    0.228396135
   17.311725000    0.228395116    0.228391309
   17.334900000    0.228389750    0.228386275
   17.358075000    0.228384219    0.228381017
   17.381250000    0.228378563    0.228375516
   17.404425000    0.228372812    0.228369756
   17.427600000    0.228366974    0.228363723
   17.450775000    0.228361042    0.228357406
   17.473950000    0.228354983    0.228350794
   17.497125000    0.228348751    0.228343883
   17.520300000    0.228342282    0.228336667
   17.543475000    0.228335507    0.228329142
   17.566650000    0.228328356    0.228321302
   17.589825000    0.228320768    0.228313142
   17.613000000    0.228312694    0.228304651
   17.636175000    0.228304104    0.228295816
   17.659350000    0.228294986    0.228286620
   17.682525000    0.228285349    0.228277040
   17.705700000    0.228275220    0.228267051
   17.728875000    0.228264633    0.228256625
   17.752050000    0.228253627    0.228245733
   17.775225000    0.228242238    0.228234344
   17.798400000    0.228230488    0.228222429
   17.821575000    0.228218384    0.228209961
   17.844750000    0.228205911    0.228196913
   17.867925000    0.228193030    0.228183264
   17.891100000    0.228179683    0.228168994
   17.914275000    0.228165795    0.228154084
   17.937450000    0.228151279    0.228138516
   17.960625000    0.228136047    0.228122273
   17.983800000    0.228120016    0.228105333
   18.006975000    0.228103116    0.228087674
   18.030150000    0.228085292    0.228069267
   18.053325000    0.228066514    0.228050079
   18.076500000    0.228046770    0.228030073
   18.099675000    0.228026067    0.228009205
   18.122850000    0.228004426    0.227987429
   18.146025000    0.227981872    0.227964693
   18.169200000    0.227958429    0.227940947
   18.192375000    0.227934107    0.227916137
   18.215550000    0.227908901    0.227890210
   18.238725000    0.227882781    0.227863117
   18.261900000    0.227855691    0.227834807
   18.285075000    0.227827550    0.227805233
   18.308250000    0.227798254    0.227774346
   18.331425000    0.227767688    0.227742101
   18.354600000    0.227735724    0.227708446
   18.377775000    0.227702240    0.227673331
   18.400950000    0.227667119    0.227636696
   18.424125000    0.227630264    0.227598480
   18.447300000    0.227591595    0.227558612
   18.470475000    0.227551056    0.227517014
   18.493650000    0.227508609    0.227473602
   18.516825000    0.227464230    0.227428284
   18.540000000    0.227417903    0.227380965
   18.563175000    0.227369611    0.227331544
   18.586350000    0.227319325    0.227279917
   18.609525000    0.227266996    0.227225981
   18.632700000    0.227212551    0.227169628
   18.655875000    0.227155887    0.227110755
   18.679050000    0.227096871    0.227049257
   18.702225000    0.227035344    0.226985027
   18.725400000    0.226971127    0.226917959
   18.748575000    0.226904028    0.226847941
   18.771750000    0.226833851    0.226774858
   18.794925000    0.226760409    0.226698586
   18.818100000    0.226683527    0.226618996
   18.841275000    0.226603049    0.226535946
   18.864450000    0.226518841    0.226449283
   18.887625000    0.226430789    0.226358845
   18.910800000    0.226338796    0.226264459
   18.933975000    0.226242770    0.226165940
   18.957150000    0.226142617    0.226063096
   18.980325000    0.226038232    0.225955728
   19.003500000    0.225929484    0.225843628
   19.026675000    0.225816212    0.225726587
   19.049850000    0.225698218    0.225604386
   19.073025000    0.225575265    0.225476805
   19.096200000    0.225447079    0.225343617
   19.119375000    0.225313357    0.225204587
   19.142550000    0.225173768    0.225059473
   19.165725000    0.225027973    0.224908021
   19.188900000    0.224875627    0.224749963
   19.212075000    0.224716392    0.224585018
   19.235250000    0.224549944    0.224412885
   19.258425000    0.224375976    0.224233247
   19.281600000    0.224194197    0.224045766
   19.304775000    0.224004328    0.223850087
   19.327950000    0.223806094    0.223645835
   19.351125000    0.223599216    0.223432617
   19.374300000    0.223383393    0.223210027
   19.397475000    0.223158297    0.222977641
   19.420650000    0.222923559    0.222735024
   19.443825000    0.222678764    0.222481725
   19.467000000    0.222423443    0.222217281
   19.490175000    0.222157082    0.221941218
   19.513350000    0.221879118    0.221653040
   19.536525000    0.221588954    0.221352239
   19.559700000    0.221285966    0.221038283
   19.582875000    0.220969515    0.220710615
   19.606050000    0.220638962    0.220368653
   19.629225000    0.220293666    0.220011784
   19.652400000    0.219933002    0.219639363
   19.675575000    0.219556347    0.219250710
   19.698750000    0.219163088    0.218845110
   19.721925000    0.218752603    0.218421812
   19.745100000    0.218324255    0.217980030
   19.768275000    0.217877372    0.217518943
   19.791450000    0.217411237    0.217037696
   19.814625000    0.216925068    0.216535398
   19.837800000    0.216418016    0.216011127
   19.860975000    0.215889148    0.215463923
   19.884150000    0.215337454    0.214892792
   19.907325000    0.214761844    0.214296699
   19.930500000    0.214161162    0.213674568
   19.953675000    0.213534190    0.213025276
   19.976850000    0.212879667    0.212347648
   20.000025000    0.212196296    0.211640455
   20.023200000    0.211482757    0.210902408
   20.046375000    0.210737714    0.210132152
   20.069550000    0.209959813    0.209328268
   20.092725000    0.209147680    0.208489268
   20.115900000    0.208299911    0.207613591
   20.139075000    0.207415054    0.206699608
   20.162250000    0.206491599    0.205745617
   20.185425000    0.205527952    0.204749846
   20.208600000    0.204522422    0.203710450
   20.231775000    0.203473204    0.202625514
   20.254950000    0.202378371    0.201493047
   20.278125000    0.201235868    0.200310983
   20.301300000    0.200043513    0.199077175
   20.324475000    0.198799006    0.197789390
   20.347650000    0.197499939    0.196445302
   20.370825000    0.196143811    0.195042487
   20.394000000    0.194728037    0.193578414
   20.417175000    0.193249965    0.192050436
   20.440350000    0.191706880    0.190455786
   20.463525000    0.190096004    0.188791568
   20.486700000    0.188414491    0.187054751
   20.509875000    0.186659414    0.185242165
   20.533050000    0.184827742    0.183350495
   20.556225000    0.182916319    0.181376282
   20.579400000    0.180921834    0.179315915
   20.602575000    0.178840798    0.177165629
   20.625750000    0.176669516    0.174921502
   20.648925000    0.174404071    0.172579451
   20.672100000    0.172040311    0.170135225
   20.695275000    0.169573844    0.167584395
   20.718450000    0.167000044    0.164922349
   20.741625000    0.164314055    0.162144283
   20.764800000    0.161510810    0.159245185
   20.787975000    0.158585039    0.156219827
   20.811150000    0.155531289    0.153062751
   20.834325000    0.152343929    0.149768264
   20.857500000    0.149017152    0.146330417
   20.880675000    0.145544971    0.142743007
   20.903850000    0.141921203    0.138999562
   20.927025000    0.138139447    0.135093335
   20.950200000    0.134193057    0.131017297
   20.973375000    0.130075105    0.126764135
   20.996550000    0.125778351    0.122326241
   21.019725000    0.121295214    0.117695703
   21.042900000    0.116617739    0.112864302
   21.066075000    0.111737589    0.107823495
   21.089250000    0.106646025    0.102564403
   21.112425000    0.101333912    0.097077799
   21.135600000    0.095791719    0.091354084
   21.158775000    0.090009531    0.085383275
   21.181950000    0.083977060    0.079154983
   21.205125000    0.077683646    0.072658393
   21.228300000    0.071118266    0.065882251
   21.251475000    0.064269519    0.058814846
   21.274650000    0.057125614    0.051444002
   21.297825000    0.049674336    0.043757065
   21.321000000    0.041903010    0.035740896
   21.344175000    0.033798460    0.027381871
   21.367350000    0.025346965    0.018665869
   21.390525000    0.016534220    0.009578271
   21.413700000    0.007345304    0.000103945
   21.436875000   -0.002235334   -0.009772770
   21.460050000   -0.012223880   -0.020068087
   21.483225000   -0.022637139   -0.030798808
   21.506400000   -0.033492510   -0.041982369
   21.529575000   -0.044807951   -0.053636894
   21.552750000   -0.056601952   -0.065781262
   21.575925000   -0.068893508   -0.078435178
   21.599100000   -0.081702123   -0.091619250
   21.622275000   -0.095047842   -0.105355061
   21.645450000   -0.108951321   -0.119665235
   21.668625000   -0.123433951   -0.134573492
   21.691800000   -0.138518011   -0.150104671
   21.714975000   -0.154226879   -0.166284738
   21.738150000   -0.170585255   -0.183140737
   21.761325000   -0.187619407   -0.200700719
   21.784500000   -0.205357389   -0.218993598
   21.807675000   -0.223829232   -0.238048969
   21.830850000   -0.243067052   -0.257896855
   21.854025000   -0.263105061   -0.278567405
   21.877200000   -0.283979444   -0.300090519
   21.900375000   -0.305728084   -0.322495433
   21.923550000   -0.328390109   -0.345810236
   21.946725000   -0.352005269   -0.370061359
   21.969900000   -0.376613134   -0.395273013
   21.993075000   -0.402252123   -0.421466614
   22.016250000   -0.428958414   -0.448660189
   22.039425000   -0.456764738   -0.476867780
   22.062600000   -0.485699128   -0.506098869
   22.085775000   -0.515783662   -0.536357817
   22.108950000   -0.547033245   -0.567643357
   22.132125000   -0.579454505   -0.599948125
   22.155300000   -0.613044827   -0.633258271
   22.178475000   -0.647791589   -0.667553127
   22.201650000   -0.683671615   -0.702804975
   22.224825000   -0.720650879   -0.738978895
   22.248000000   -0.758684470   -0.776032706
   22.271175000   -0.797716806   -0.813917013
   22.294350000   -0.837682088   -0.852575334
   22.317525000   -0.878504967   -0.891944331
   22.340700000   -0.920101391   -0.931954121
   22.363875000   -0.962379588   -0.972528661
   22.387050000   -1.005241137   -1.013586208
   22.410225000   -1.048582088   -1.055039824
   22.433400000   -1.092294084   -1.096797933
   22.456575000   -1.136265444   -1.138764898
   22.479750000   -1.180382169   -1.180841618
   22.502925000   -1.224528854   -1.222926124
   22.526100000   -1.268589479   -1.264914168
   22.549275000   -1.312448072   -1.306699792
   22.572450000   -1.355989243   -1.348175867
   22.595625000   -1.399098589   -1.389234599
   22.618800000   -1.441662983   -1.429767999
   22.641975000   -1.483570771   -1.469668318
   22.665150000   -1.524711882   -1.508828435
   22.688325000   -1.564977881   -1.547142227
   22.711500000   -1.604261988   -1.584504900
   22.734675000   -1.642459088   -1.620813304
   22.757850000   -1.679465734   -1.655966229
   22.781025000   -1.715180197   -1.689864699
   22.804200000   -1.749502540   -1.722412263
   22.827375000   -1.782334762   -1.753515293
   22.850550000   -1.813581002   -1.783083286
   22.873725000   -1.843147819   -1.811029187
   22.896900000   -1.870944545   -1.837269725
   22.920075000   -1.896883721   -1.861725759
   22.943250000   -1.920881586   -1.884322638
   22.966425000   -1.942858645   -1.904990572
   22.989600000   -1.962740272   -1.923665000
   23.012775000   -1.980457353   -1.940286961
   23.035950000   -1.995946932   -1.954803448
   23.059125000   -2.009152864   -1.967167749
   23.082300000   -2.020026433   -1.977339757
   23.105475000   -2.028526913   -1.985286250
   23.128650000   -2.034622076   -1.990981129
   23.151825000   -2.038288593   -1.994405610
