    0.000000000   -2.104803155   -2.060932870
    0.032445000   -2.102405567   -2.058693349
    0.064890000   -2.095230882   -2.051989320
    0.097335000   -2.083332874   -2.040864166
    0.129780000   -2.066799665   -2.025389479
    0.162225000   -2.045751581   -2.005664024
    0.194670000   -2.020338374   -1.981812363
    0.227115000   -1.990736005   -1.953983216
    0.259560000   -1.957143188   -1.922347620
    0.292005000   -1.919777935   -1.887096979
    0.324450000   -1.878874277   -1.848441078
    0.356895000   -1.834679365   -1.806606124
    0.389340000   -1.787451038   -1.761832870
    0.421785000   -1.737455967   -1.714374835
    0.454230000   -1.684968364   -1.664496627
    0.486675000   -1.630269218   -1.612472348
    0.519120000   -1.573645955   -1.558584016
    0.551565000   -1.515392362   -1.503119959
    0.584010000   -1.455808570   -1.446373097
    0.616455000   -1.395200857   -1.388639040
    0.648900000   -1.333881047   -1.330213955
    0.681345000   -1.272165258   -1.271392165
    0.713790000   -1.210371814   -1.212463459
    0.746235000   -1.148818209   -1.153710173
    0.778680000   -1.087817090   -1.095404072
    0.811125000   -1.027671343   -1.037803160
    0.843570000   -0.968668502   -0.981148511
    0.876015000   -0.911074772   -0.925661285
    0.908460000   -0.855129108   -0.871540044
    0.940905000   -0.801037782   -0.818958522
    0.973350000   -0.748969924   -0.768063952
    1.005795000   -0.699054447   -0.718976042
    1.038240000   -0.651378674   -0.671786656
    1.070685000   -0.605988839   -0.626560211
    1.103130000   -0.562892463   -0.583334773
    1.135575000   -0.522062433   -0.542123787
    1.168020000   -0.483442430   -0.502918359
    1.200465000   -0.446953261   -0.465689961
    1.232910000   -0.412499558   -0.430393440
    1.265355000   -0.379976296   -0.396970181
    1.297800000   -0.349274669   -0.365351284
    1.330245000   -0.320286933   -0.335460621
    1.362690000   -0.292909995   -0.307217654
    1.395135000   -0.267047688   -0.280539926
    1.427580000   -0.242611806   -0.255345144
    1.460025000   -0.219522104   -0.231552836
    1.492470000   -0.197705564   -0.209085553
    1.524915000   -0.177095225   -0.187869654
    1.557360000   -0.157628894   -0.167835708
    1.589805000   -0.139247962   -0.148918591
    1.622250000   -0.121896500   -0.131057339
    1.654695000   -0.105520701   -0.114194847
    1.687140000   -0.090068643   -0.098277485
    1.719585000   -0.075490318   -0.083254700
    1.752030000   -0.061737806   -0.069078646
    1.784475000   -0.048765483   -0.055703879
    1.816920000   -0.036530179   -0.043087132
    1.849365000   -0.024991212   -0.031187166
    1.881810000   -0.014110303   -0.019964679
    1.914255000   -0.003851382   -0.009382267
    1.946700000    0.005819665    0.000595609
    1.979145000    0.014935249    0.010002645
    2.011590000    0.023526284    0.018870738
    2.044035000    0.031622311    0.027230042
    2.076480000    0.039251535    0.035109060
    2.108925000    0.046440790    0.042534733
    2.141370000    0.053215478    0.049532554
    2.173815000    0.059599499    0.056126661
    2.206260000    0.065615232    0.062339929
    2.238705000    0.071283582    0.068194042
    2.271150000    0.076624086    0.073709545
    2.303595000    0.081655081    0.078905885
    2.336040000    0.086393893    0.083801446
    2.368485000    0.090857010    0.088413574
    2.400930000    0.095060222    0.092758619
    2.433375000    0.099018688    0.096851971
    2.465820000    0.102746939    0.100708117
    2.498265000    0.106258822    0.104340699
    2.530710000    0.109567417    0.107762575
    2.563155000    0.112684946    0.110985880
    2.595600000    0.115622722    0.114022078
    2.628045000    0.118391150    0.116882006
    2.660490000    0.120999779    0.119575903
    2.692935000    0.123457423    0.122113435
    2.725380000    0.125772309    0.124503711
    2.757825000    0.127952226    0.126755300
    2.790270000    0.130004657    0.128876246
    2.822715000    0.131936867    0.130874094
    2.855160000    0.133755924    0.132755922
    2.887605000    0.135468673    0.134528379
    2.920050000    0.137081669    0.136197724
    2.952495000    0.138601088    0.137769867
    2.984940000    0.140032655    0.139250404
    3.017385000    0.141381599    0.140644645
    3.049830000    0.142652662    0.141957629
    3.082275000    0.143850145    0.143194137
    3.114720000    0.144978003    0.144358688
    3.147165000    0.146039952    0.145455542
    3.179610000    0.147039568    0.146488700
    3.212055000    0.147980368    0.147461902
    3.244500000    0.148865838    0.148378642
    3.276945000    0.149699425    0.149242186
    3.309390000    0.150484480    0.150055588
    3.341835000    0.151224189    0.150821718
    3.374280000    0.151921492    0.151543289
    3.406725000    0.152579029    0.152222869
    3.439170000    0.153199116    0.152862900
    3.471615000    0.153783768    0.153465704
    3.504060000    0.154334754    0.154033482
    3.536505000    0.154853687    0.154568307
    3.568950000    0.155342105    0.155072127
    3.601395000    0.155801558    0.155546756
    3.633840000    0.156233649    0.155993880
    3.666285000    0.156640042    0.156415062
    3.698730000    0.157022434    0.156811760
    3.731175000    0.157382498    0.157185340
    3.763620000    0.157721808    0.157537092
    3.796065000    0.158041779    0.157868250
    3.828510000    0.158343623    0.158179998
    3.860955000    0.158628345    0.158473479
    3.893400000    0.158896768    0.158749788
    3.925845000    0.159149590    0.159009972
    3.958290000    0.159387458    0.159255018
    3.990735000    0.159611035    0.159485844
    4.023180000    0.159821053    0.159703302
    4.055625000    0.160018332    0.159908168
    4.088070000    0.160203768    0.160101156
    4.120515000    0.160378290    0.160282924
    4.152960000    0.160542802    0.160454087
    4.185405000    0.160698114    0.160615231
    4.217850000    0.160844899    0.160766919
    4.250295000    0.160983666    0.160909702
    4.282740000    0.161114769    0.161044115
    4.315185000    0.161238443    0.161170675
    4.347630000    0.161354865    0.161289873
    4.380075000    0.161464218    0.161402168
    4.412520000    0.161566744    0.161507979
    4.444965000    0.161662785    0.161607683
    4.477410000    0.161752781    0.161701616
    4.509855000    0.161837247    0.161790083
    4.542300000    0.161916729    0.161873362
    4.574745000    0.161991741    0.161951718
    4.607190000    0.162062716    0.162025412
    4.639635000    0.162129965    0.162094706
    4.672080000    0.162193671    0.162159865
    4.704525000    0.162253905    0.162221157
    4.736970000    0.162310670    0.162278844
    4.769415000    0.162363954    0.162333173
    4.801860000    0.162413784    0.162384372
    4.834305000    0.162460271    0.162432639
    4.866750000    0.162503622    0.162478148
    4.899195000    0.162544137    0.162521043
    4.931640000    0.162582169    0.162561450
    4.964085000    0.162618080    0.162599483
    4.996530000    0.162652184    0.162635254
    5.028975000    0.162684706    0.162668880
    5.061420000    0.162715758    0.162700483
    5.093865000    0.162745345    0.162730198
    5.126310000    0.162773388    0.162758159
    5.158755000    0.162799774    0.162784499
    5.191200000    0.162824402    0.162809341
    5.223645000    0.162847238    0.162832791
    5.256090000    0.162868335    0.162854934
    5.288535000    0.162887842    0.162875834
    5.320980000    0.162905987    0.162895542
    5.353425000    0.162923035    0.162914096
    5.385870000    0.162939241    0.162931533
    5.418315000    0.162954801    0.162947898
    5.450760000    0.162969826    0.162963242
    5.483205000    0.162984324    0.162977632
    5.515650000    0.162998218    0.162991144
    5.548095000    0.163011375    0.163003857
    5.580540000    0.163023654    0.163015849
    5.612985000    0.163034951    0.163027187
    5.645430000    0.163045236    0.163037925
    5.677875000    0.163054569    0.163048097
    5.710320000    0.163063093    0.163057725
    5.742765000    0.163071011    0.163066817
    5.775210000    0.163078539    0.163075376
    5.807655000    0.163085865    0.163083411
    5.840100000    0.163093110    0.163090937
    5.872545000    0.163100304    0.163097980
    5.904990000    0.163107390    0.163104580
    5.937435000    0.163114240    0.163110785
    5.969880000    0.163120696    0.163116642
    6.002325000    0.163126613    0.163122199
    6.034770000    0.163131897    0.163127489
    6.067215000    0.163136537    0.163132535
    6.099660000    0.163140603    0.163137343
    6.132105000    0.163144241    0.163141908
    6.164550000    0.163147633    0.163146219
    6.196995000    0.163150959    0.163150265
    6.229440000    0.163154359    0.163154041
    6.261885000    0.163157895    0.163157554
    6.294330000    0.163161549    0.163160821
    6.326775000    0.163165226    0.163163874
    6.359220000    0.163168779    0.163166747
    6.391665000    0.163172055    0.163169477
    6.424110000    0.163174929    0.163172094
    6.456555000    0.163177338    0.163174620
    6.489000000    0.163179301    0.163177059
    6.521445000    0.163180913    0.163179406
    6.553890000    0.163182322    0.163181646
    6.586335000    0.163183699    0.163183763
    6.618780000    0.163185193    0.163185740
    6.651225000    0.163186898    0.163187571
    6.683670000    0.163188835    0.163189261
    6.716115000    0.163190944    0.163190825
    6.748560000    0.163193103    0.163192290
    6.781005000    0.163195160    0.163193683
    6.813450000    0.163196971    0.163195032
    6.845895000    0.163198435    0.163196355
    6.878340000    0.163199522    0.163197662
    6.910785000    0.163200276    0.163198947
    6.943230000    0.163200808    0.163200198
    6.975675000    0.163201269    0.163201393
    7.008120000    0.163201810    0.163202514
    7.040565000    0.163202552    0.163203546
    7.073010000    0.163203551    0.163204483
    7.105455000    0.163204790    0.163205334
    7.137900000    0.163206182    0.163206114
    7.170345000    0.163207594    0.163206847
    7.202790000    0.163208879    0.163207560
    7.235235000    0.163209915    0.163208274
    7.267680000    0.163210633    0.163209000
    7.300125000    0.163211033    0.163209741
    7.332570000    0.163211188    0.163210486
    7.365015000    0.163211222    0.163211219
    7.397460000    0.163211283    0.163211917
    7.429905000    0.163211502    0.163212564
    7.462350000    0.163211969    0.163213146
    7.494795000    0.163212706    0.163213664
    7.527240000    0.163213662    0.163214125
    7.559685000    0.163214733    0.163214550
    7.592130000    0.163215778    0.163214959
    7.624575000    0.163216663    0.163215376
    7.657020000    0.163217289    0.163215814
    7.689465000    0.163217616    0.163216282
    7.721910000    0.163217676    0.163216773
    7.754355000    0.163217560    0.163217275
    7.786800000    0.163217399    0.163217766
    7.819245000    0.163217332    0.163218227
    7.851690000    0.163217468    0.163218642
    7.884135000    0.163217865    0.163219003
    7.916580000    0.163218513    0.163219314
    7.949025000    0.163219340    0.163219585
    7.981470000    0.163220225    0.163219838
    8.013915000    0.163221035    0.163220093
    8.046360000    0.163221651    0.163220370
    8.078805000    0.163222002    0.163220678
    8.111250000    0.163222080    0.163221020
    8.143695000    0.163221941    0.163221386
    8.176140000    0.163221692    0.163221761
    8.208585000    0.163221467    0.163222123
    8.241030000    0.163221389    0.163222455
    8.273475000    0.163221543    0.163222744
    8.305920000    0.163221958    0.163222987
    8.338365000    0.163222594    0.163223190
    8.370810000    0.163223360    0.163223369
    8.403255000    0.163224130    0.163223542
    8.435700000    0.163224777    0.163223730
    8.468145000    0.163225206    0.163223948
    8.500590000    0.163225371    0.163224201
    8.533035000    0.163225293    0.163224486
    8.565480000    0.163225050    0.163224792
    8.597925000    0.163224758    0.163225099
    8.630370000    0.163224544    0.163225388
    8.662815000    0.163224515    0.163225644
    8.695260000    0.163224729    0.163225858
    8.727705000    0.163225186    0.163226031
    8.760150000    0.163225824    0.163226172
    8.792595000    0.163226537    0.163226299
    8.825040000    0.163227200    0.163226432
    8.857485000    0.163227702    0.163226587
    8.889930000    0.163227969    0.163226775
    8.922375000    0.163227985    0.163226998
    8.954820000    0.163227795    0.163227250
    8.987265000    0.163227494    0.163227516
    9.019710000    0.163227202    0.163227777
    9.052155000    0.163227035    0.163228015
    9.084600000    0.163227080    0.163228217
    9.117045000    0.163227367    0.163228379
    9.149490000    0.163227871    0.163228507
    9.181935000    0.163228510    0.163228612
    9.214380000    0.163229170    0.163228712
    9.246825000    0.163229733    0.163228826
    9.279270000    0.163230105    0.163228968
    9.311715000    0.163230236    0.163229145
    9.344160000    0.163230139    0.163229354
    9.376605000    0.163229878    0.163229586
    9.409050000    0.163229559    0.163229824
    9.441495000    0.163229300    0.163230050
    9.473940000    0.163229203    0.163230248
    9.506385000    0.163229330    0.163230409
    9.538830000    0.163229687    0.163230533
    9.571275000    0.163230224    0.163230628
    9.603720000    0.163230847    0.163230709
    9.636165000    0.163231440    0.163230794
    9.668610000    0.163231895    0.163230899
    9.701055000    0.163232140    0.163231034
    9.733500000    0.163232152    0.163231203
    9.765945000    0.163231966    0.163231399
    9.798390000    0.163231663    0.163231608
    9.830835000    0.163231355    0.163231812
    9.863280000    0.163231150    0.163231994
    9.895725000    0.163231131    0.163232140
    9.928170000    0.163231333    0.163232245
    9.960615000    0.163231736    0.163232310
    9.993060000    0.163232267    0.163232348
   10.025505000    0.163232823    0.163232373
   10.057950000    0.163233290    0.163232405
   10.090395000    0.163233576    0.163232456
   10.122840000    0.163233631    0.163232536
   10.155285000    0.163233460    0.163232644
   10.187730000    0.163233121    0.163232772
   10.220175000    0.163232714    0.163232905
   10.252620000    0.163232350    0.163233027
   10.285065000    0.163232134    0.163233123
   10.317510000    0.163232128    0.163233185
   10.349955000    0.163232347    0.163233212
   10.382400000    0.163232749    0.163233210
   10.414845000    0.163233248    0.163233193
   10.447290000    0.163233733    0.163233178
   10.479735000    0.163234100    0.163233182
   10.512180000    0.163234271    0.163233216
   10.544625000    0.163234220    0.163233284
   10.577070000    0.163233970    0.163233382
   10.609515000    0.163233598    0.163233498
   10.641960000    0.163233206    0.163233615
   10.674405000    0.163232902    0.163233718
   10.706850000    0.163232773    0.163233794
   10.739295000    0.163232861    0.163233835
   10.771740000    0.163233155    0.163233844
   10.804185000    0.163233595    0.163233831
   10.836630000    0.163234084    0.163233811
   10.869075000    0.163234515    0.163233799
   10.901520000    0.163234792    0.163233812
   10.933965000    0.163234862    0.163233856
   10.966410000    0.163234719    0.163233932
   10.998855000    0.163234410    0.163234033
   11.031300000    0.163234023    0.163234145
   11.063745000    0.163233663    0.163234252
   11.096190000    0.163233429    0.163234339
   11.128635000    0.163233389    0.163234395
   11.161080000    0.163233563    0.163234418
   11.193525000    0.163233918    0.163234413
   11.225970000    0.163234378    0.163234392
   11.258415000    0.163234839    0.163234370
   11.290860000    0.163235201    0.163234364
   11.323305000    0.163235385    0.163234385
   11.355750000    0.163235357    0.163234439
   11.388195000    0.163235135    0.163234522
   11.420640000    0.163234784    0.163234624
   11.453085000    0.163234400    0.163234730
   11.485530000    0.163234088    0.163234824
   11.517975000    0.163233932    0.163234893
   11.550420000    0.163233981    0.163234931
   11.582865000    0.163234232    0.163234937
   11.615310000    0.163234632    0.163234920
   11.647755000    0.163235092    0.163234894
   11.680200000    0.163235510    0.163234875
   11.712645000    0.163235793    0.163234876
   11.745090000    0.163235881    0.163234907
   11.777535000    0.163235763    0.163234970
   11.809980000    0.163235478    0.163235057
   11.842425000    0.163235105    0.163235158
   11.874870000    0.163234744    0.163235255
   11.907315000    0.163234492    0.163235336
   11.939760000    0.163234421    0.163235387
   11.972205000    0.163234554    0.163235407
   12.004650000    0.163234869    0.163235399
   12.037095000    0.163235295    0.163235374
   12.069540000    0.163235738    0.163235346
   12.101985000    0.163236097    0.163235331
   12.134430000    0.163236294    0.163235341
   12.166875000    0.163236288    0.163235381
   12.199320000    0.163236091    0.163235451
   12.231765000    0.163235759    0.163235541
   12.264210000    0.163235382    0.163235637
   12.296655000    0.163235060    0.163235724
   12.329100000    0.163234879    0.163235789
   12.361545000    0.163234893    0.163235823
   12.393990000    0.163235103    0.163235827
   12.426435000    0.163235467    0.163235807
   12.458880000    0.163235903    0.163235775
   12.491325000    0.163236311    0.163235749
   12.523770000    0.163236600    0.163235740
   12.556215000    0.163236706    0.163235759
   12.588660000    0.163236612    0.163235809
   12.621105000    0.163236348    0.163235885
   12.653550000    0.163235987    0.163235974
   12.685995000    0.163235624    0.163236064
   12.718440000    0.163235356    0.163236138
   12.750885000    0.163235253    0.163236186
   12.783330000    0.163235350    0.163236204
   12.815775000    0.163235627    0.163236193
   12.848220000    0.163236024    0.163236163
   12.880665000    0.163236450    0.163236130
   12.913110000    0.163236808    0.163236106
   12.945555000    0.163237017    0.163236105
   12.978000000    0.163237033    0.163236134
   13.010445000    0.163236859    0.163236192
   13.042890000    0.163236543    0.163236271
   13.075335000    0.163236171    0.163236358
   13.107780000    0.163235840    0.163236438
   13.140225000    0.163235636    0.163236498
   13.172670000    0.163235615    0.163236530
   13.205115000    0.163235789    0.163236531
   13.237560000    0.163236120    0.163236508
   13.270005000    0.163236533    0.163236472
   13.302450000    0.163236933    0.163236438
   13.334895000    0.163237228    0.163236420
   13.367340000    0.163237351    0.163236428
   13.399785000    0.163237279    0.163236466
   13.432230000    0.163237036    0.163236531
   13.464675000    0.163236685    0.163236611
   13.497120000    0.163236320    0.163236692
   13.529565000    0.163236034    0.163236761
   13.562010000    0.163235903    0.163236806
   13.594455000    0.163235964    0.163236821
   13.626900000    0.163236207    0.163236807
   13.659345000    0.163236577    0.163236774
   13.691790000    0.163236988    0.163236735
   13.724235000    0.163237346    0.163236703
   13.756680000    0.163237567    0.163236692
   13.789125000    0.163237603    0.163236710
   13.821570000    0.163237450    0.163236756
   13.854015000    0.163237150    0.163236825
   13.886460000    0.163236782    0.163236903
   13.918905000    0.163236441    0.163236977
   13.951350000    0.163236213    0.163237033
   13.983795000    0.163236160    0.163237062
   14.016240000    0.163236299    0.163237061
   14.048685000    0.163236599    0.163237035
   14.081130000    0.163236991    0.163236994
   14.113575000    0.163237384    0.163236953
   14.146020000    0.163237686    0.163236926
   14.178465000    0.163237826    0.163236924
   14.210910000    0.163237776    0.163236951
   14.243355000    0.163237551    0.163237004
   14.275800000    0.163237210    0.163237075
   14.308245000    0.163236842    0.163237150
   14.340690000    0.163236539    0.163237213
   14.373135000    0.163236380    0.163237255
   14.405580000    0.163236407    0.163237267
   14.438025000    0.163236616    0.163237251
   14.470470000    0.163236960    0.163237215
   14.502915000    0.163237358    0.163237169
   14.535360000    0.163237716    0.163237130
   14.567805000    0.163237950    0.163237110
   14.600250000    0.163238005    0.163237116
   14.632695000    0.163237873    0.163237152
   14.665140000    0.163237588    0.163237210
   14.697585000    0.163237223    0.163237281
   14.730030000    0.163236871    0.163237349
   14.762475000    0.163236621    0.163237401
   14.794920000    0.163236537    0.163237427
   14.827365000    0.163236641    0.163237423
   14.859810000    0.163236912    0.163237394
   14.892255000    0.163237285    0.163237349
   14.924700000    0.163237671    0.163237302
   14.957145000    0.163237980    0.163237266
   14.989590000    0.163238137    0.163237254
   15.022035000    0.163238107    0.163237270
   15.054480000    0.163237899    0.163237312
   15.086925000    0.163237568    0.163237374
   15.119370000    0.163237196    0.163237442
   15.151815000    0.163236876    0.163237501
   15.184260000    0.163236690    0.163237539
   15.216705000    0.163236683    0.163237549
   15.249150000    0.163236861    0.163237531
   15.281595000    0.163237181    0.163237491
   15.314040000    0.163237566    0.163237440
   15.346485000    0.163237925    0.163237393
   15.378930000    0.163238171    0.163237363
   15.411375000    0.163238246    0.163237359
   15.443820000    0.163238133    0.163237384
   15.476265000    0.163237862    0.163237433
   15.508710000    0.163237500    0.163237495
   15.541155000    0.163237137    0.163237558
   15.573600000    0.163236864    0.163237606
   15.606045000    0.163236749    0.163237629
   15.638490000    0.163236820    0.163237623
   15.670935000    0.163237062    0.163237591
   15.703380000    0.163237417    0.163237542
   15.735825000    0.163237798    0.163237488
   15.768270000    0.163238113    0.163237444
   15.800715000    0.163238287    0.163237421
   15.833160000    0.163238277    0.163237427
   15.865605000    0.163238087    0.163237459
   15.898050000    0.163237764    0.163237512
   15.930495000    0.163237388    0.163237573
   15.962940000    0.163237052    0.163237628
   15.995385000    0.163236838    0.163237663
   16.027830000    0.163236799    0.163237671
   16.060275000    0.163236946    0.163237651
   16.092720000    0.163237242    0.163237607
   16.125165000    0.163237616    0.163237550
   16.157610000    0.163237976    0.163237496
   16.190055000    0.163238235    0.163237456
   16.222500000    0.163238329    0.163237442
   16.254945000    0.163238235    0.163237456
   16.287390000    0.163237976    0.163237496
   16.319835000    0.163237616    0.163237550
   16.352280000    0.163237242    0.163237607
   16.384725000    0.163236946    0.163237651
   16.417170000    0.163236799    0.163237671
   16.449615000    0.163236838    0.163237663
   16.482060000    0.163237052    0.163237628
   16.514505000    0.163237388    0.163237573
   16.546950000    0.163237764    0.163237512
   16.579395000    0.163238087    0.163237459
   16.611840000    0.163238277    0.163237427
   16.644285000    0.163238287    0.163237421
   16.676730000    0.163238113    0.163237444
   16.709175000    0.163237798    0.163237488
   16.741620000    0.163237417    0.163237542
   16.774065000    0.163237062    0.163237591
   16.806510000    0.163236820    0.163237623
   16.838955000    0.163236749    0.163237629
   16.871400000    0.163236864    0.163237606
   16.903845000    0.163237137    0.163237558
   16.936290000    0.163237500    0.163237495
   16.968735000    0.163237862    0.163237433
   17.001180000    0.163238133    0.163237384
   17.033625000    0.163238246    0.163237359
   17.066070000    0.163238171    0.163237363
   17.098515000    0.163237925    0.163237393
   17.130960000    0.163237566    0.163237440
   17.163405000    0.163237181    0.163237491
   17.195850000    0.163236861    0.163237531
   17.228295000    0.163236683    0.163237549
   17.260740000    0.163236690    0.163237539
   17.293185000    0.163236876    0.163237501
   17.325630000    0.163237196    0.163237442
   17.358075000    0.163237568    0.163237374
   17.390520000    0.163237899    0.163237312
   17.422965000    0.163238107    0.163237270
   17.455410000    0.163238137    0.163237254
   17.487855000    0.163237980    0.163237266
   17.520300000    0.163237671    0.163237302
   17.552745000    0.163237285    0.163237349
   17.585190000    0.163236912    0.163237394
   17.617635000    0.163236641    0.163237423
   17.650080000    0.163236537    0.163237427
   17.682525000    0.163236621    0.163237401
   17.714970000    0.163236871    0.163237349
   17.747415000    0.163237223    0.163237281
   17.779860000    0.163237588    0.163237210
   17.812305000    0.163237873    0.163237152
   17.844750000    0.163238005    0.163237116
   17.877195000    0.163237950    0.163237110
   17.909640000    0.163237716    0.163237130
   17.942085000    0.163237358    0.163237169
   17.974530000    0.163236960    0.163237215
   18.006975000    0.163236616    0.163237251
   18.039420000    0.163236407    0.163237267
   18.071865000    0.163236380    0.163237255
   18.104310000    0.163236539    0.163237213
   18.136755000    0.163236842    0.163237150
   18.169200000    0.163237210    0.163237075
   18.201645000    0.163237551    0.163237004
   18.234090000    0.163237776    0.163236951
   18.266535000    0.163237826    0.163236924
   18.298980000    0.163237686    0.163236926
   18.331425000    0.163237384    0.163236953
   18.363870000    0.163236991    0.163236994
   18.396315000    0.163236599    0.163237035
   18.428760000    0.163236299    0.163237061
   18.461205000    0.163236160    0.163237062
   18.493650000    0.163236213    0.163237033
   18.526095000    0.163236441    0.163236977
   18.558540000    0.163236782    0.163236903
   18.590985000    0.163237150    0.163236825
   18.623430000    0.163237450    0.163236756
   18.655875000    0.163237603    0.163236710
   18.688320000    0.163237567    0.163236692
   18.720765000    0.163237346    0.163236703
   18.753210000    0.163236988    0.163236735
   18.785655000    0.163236577    0.163236774
   18.818100000    0.163236207    0.163236807
   18.850545000    0.163235964    0.163236821
   18.882990000    0.163235903    0.163236806
   18.915435000    0.163236034    0.163236761
   18.947880000    0.163236320    0.163236692
   18.980325000    0.163236685    0.163236611
   19.012770000    0.163237036    0.163236531
   19.045215000    0.163237279    0.163236466
   19.077660000    0.163237351    0.163236428
   19.110105000    0.163237228    0.163236420
   19.142550000    0.163236933    0.163236438
   19.174995000    0.163236533    0.163236472
   19.207440000    0.163236120    0.163236508
   19.239885000    0.163235789    0.163236531
   19.272330000    0.163235615    0.163236530
   19.304775000    0.163235636    0.163236498
   19.337220000    0.163235840    0.163236438
   19.369665000    0.163236171    0.163236358
   19.402110000    0.163236543    0.163236271
   19.434555000    0.163236859    0.163236192
   19.467000000    0.163237033    0.163236134
   19.499445000    0.163237017    0.163236105
   19.531890000    0.163236808    0.163236106
   19.564335000    0.163236450    0.163236130
   19.596780000    0.163236024    0.163236163
   19.629225000    0.163235627    0.163236193
   19.661670000    0.163235350    0.163236204
   19.694115000    0.163235253    0.163236186
   19.726560000    0.163235356    0.163236138
   19.759005000    0.163235624    0.163236064
   19.791450000    0.163235987    0.163235974
   19.823895000    0.163236348    0.163235885
   19.856340000    0.163236612    0.163235809
   19.888785000    0.163236706    0.163235759
   19.921230000    0.163236600    0.163235740
   19.953675000    0.163236311    0.163235749
   19.986120000    0.163235903    0.163235775
   20.018565000    0.163235467    0.163235807
   20.051010000    0.163235103    0.163235827
   20.083455000    0.163234893    0.163235823
   20.115900000    0.163234879    0.163235789
   20.148345000    0.163235060    0.163235724
   20.180790000    0.163235382    0.163235637
   20.213235000    0.163235759    0.163235541
   20.245680000    0.163236091    0.163235451
   20.278125000    0.163236288    0.163235381
   20.310570000    0.163236294    0.163235341
   20.343015000    0.163236097    0.163235331
   20.375460000    0.163235738    0.163235346
   20.407905000    0.163235295    0.163235374
   20.440350000    0.163234869    0.163235399
   20.472795000    0.163234554    0.163235407
   20.505240000    0.163234421    0.163235387
   20.537685000    0.163234492    0.163235336
   20.570130000    0.163234744    0.163235255
   20.602575000    0.163235105    0.163235158
   20.635020000    0.163235478    0.163235057
   20.667465000    0.163235763    0.163234970
   20.699910000    0.163235881    0.163234907
   20.732355000    0.163235793    0.163234876
   20.764800000    0.163235510    0.163234875
   20.797245000    0.163235092    0.163234894
   20.829690000    0.163234632    0.163234920
   20.862135000    0.163234232    0.163234937
   20.894580000    0.163233981    0.163234931
   20.927025000    0.163233932    0.163234893
   20.959470000    0.163234088    0.163234824
   20.991915000    0.163234400    0.163234730
   21.024360000    0.163234784    0.163234624
   21.056805000    0.163235135    0.163234522
   21.089250000    0.163235357    0.163234439
   21.121695000    0.163235385    0.163234385
   21.154140000    0.163235201    0.163234364
   21.186585000    0.163234839    0.163234370
   21.219030000    0.163234378    0.163234392
   21.251475000    0.163233918    0.163234413
   21.283920000    0.163233563    0.163234418
   21.316365000    0.163233389    0.163234395
   21.348810000    0.163233429    0.163234339
   21.381255000    0.163233663    0.163234252
   21.413700000    0.163234023    0.163234145
   21.446145000    0.163234410    0.163234033
   21.478590000    0.163234719    0.163233932
   21.511035000    0.163234862    0.163233856
   21.543480000    0.163234792    0.163233812
   21.575925000    0.163234515    0.163233799
   21.608370000    0.163234084    0.163233811
   21.640815000    0.163233595    0.163233831
   21.673260000    0.163233155    0.163233844
   21.705705000    0.163232861    0.163233835
   21.738150000    0.163232773    0.163233794
   21.770595000    0.163232902    0.163233718
   21.803040000    0.163233206    0.163233615
   21.835485000    0.163233598    0.163233498
   21.867930000    0.163233970    0.163233382
   21.900375000    0.163234220    0.163233284
   21.932820000    0.163234271    0.163233216
   21.965265000    0.163234100    0.163233182
   21.997710000    0.163233733    0.163233178
   22.030155000    0.163233248    0.163233193
   22.062600000    0.163232749    0.163233210
   22.095045000    0.163232347    0.163233212
   22.127490000    0.163232128    0.163233185
   22.159935000    0.163232134    0.163233123
   22.192380000    0.163232350    0.163233027
   22.224825000    0.163232714    0.163232905
   22.257270000    0.163233121    0.163232772
   22.289715000    0.163233460    0.163232644
   22.322160000    0.163233631    0.163232536
   22.354605000    0.163233576    0.163232456
   22.387050000    0.163233290    0.163232405
   22.419495000    0.163232823    0.163232373
   22.451940000    0.163232267    0.163232348
   22.484385000    0.163231736    0.163232310
   22.516830000    0.163231333    0.163232245
   22.549275000    0.163231131    0.163232140
   22.581720000    0.163231150    0.163231994
   22.614165000    0.163231355    0.163231812
   22.646610000    0.163231663    0.163231608
   22.679055000    0.163231966    0.163231399
   22.711500000    0.163232152    0.163231203
   22.743945000    0.163232140    0.163231034
   22.776390000    0.163231895    0.163230899
   22.808835000    0.163231440    0.163230794
   22.841280000    0.163230847    0.163230709
   22.873725000    0.163230224    0.163230628
   22.906170000    0.163229687    0.163230533
   22.938615000    0.163229330    0.163230409
   22.971060000    0.163229203    0.163230248
   23.003505000    0.163229300    0.163230050
   23.035950000    0.163229559    0.163229824
   23.068395000    0.163229878    0.163229586
   23.100840000    0.163230139    0.163229354
   23.133285000    0.163230236    0.163229145
   23.165730000    0.163230105    0.163228968
   23.198175000    0.163229733    0.163228826
   23.230620000    0.163229170    0.163228712
   23.263065000    0.163228510    0.163228612
   23.295510000    0.163227871    0.163228507
   23.327955000    0.163227367    0.163228379
   23.360400000    0.163227080    0.163228217
   23.392845000    0.163227035    0.163228015
   23.425290000    0.163227202    0.163227777
   23.457735000    0.163227494    0.163227516
   23.490180000    0.163227795    0.163227250
   23.522625000    0.163227985    0.163226998
   23.555070000    0.163227969    0.163226775
   23.587515000    0.163227702    0.163226587
   23.619960000    0.163227200    0.163226432
   23.652405000    0.163226537    0.163226299
   23.684850000    0.163225824    0.163226172
   23.717295000    0.163225186    0.163226031
   23.749740000    0.163224729    0.163225858
   23.782185000    0.163224515    0.163225644
   23.814630000    0.163224544    0.163225388
   23.847075000    0.163224758    0.163225099
   23.879520000    0.163225050    0.163224792
   23.911965000    0.163225293    0.163224486
   23.944410000    0.163225371    0.163224201
   23.976855000    0.163225206    0.163223948
   24.009300000    0.163224777    0.163223730
   24.041745000    0.163224130    0.163223542
   24.074190000    0.163223360    0.163223369
   24.106635000    0.163222594    0.163223190
   24.139080000    0.163221958    0.163222987
   24.171525000    0.163221543    0.163222744
   24.203970000    0.163221389    0.163222455
   24.236415000    0.163221467    0.163222123
   24.268860000    0.163221692    0.163221761
   24.301305000    0.163221941    0.163221386
   24.333750000    0.163222080    0.163221020
   24.366195000    0.163222002    0.163220678
   24.398640000    0.163221651    0.163220370
   24.431085000    0.163221035    0.163220093
   24.463530000    0.163220225    0.163219838
   24.495975000    0.163219340    0.163219585
   24.528420000    0.163218513    0.163219314
   24.560865000    0.163217865    0.163219003
   24.593310000    0.163217468    0.163218642
   24.625755000    0.163217332    0.163218227
   24.658200000    0.163217399    0.163217766
   24.690645000    0.163217560    0.163217275
   24.723090000    0.163217676    0.163216773
   24.755535000    0.163217616    0.163216282
   24.787980000    0.163217289    0.163215814
   24.820425000    0.163216663    0.163215376
   24.852870000    0.163215778    0.163214959
   24.885315000    0.163214733    0.163214550
   24.917760000    0.163213662    0.163214125
   24.950205000    0.163212706    0.163213664
   24.982650000    0.163211969    0.163213146
   25.015095000    0.163211502    0.163212564
   25.047540000    0.163211283    0.163211917
   25.079985000    0.163211222    0.163211219
   25.112430000    0.163211188    0.163210486
   25.144875000    0.163211033    0.163209741
   25.177320000    0.163210633    0.163209000
   25.209765000    0.163209915    0.163208274
   25.242210000    0.163208879    0.163207560
   25.274655000    0.163207594    0.163206847
   25.307100000    0.163206182    0.163206114
   25.339545000    0.163204790    0.163205334
   25.371990000    0.163203551    0.163204483
   25.404435000    0.163202552    0.163203546
   25.436880000    0.163201810    0.163202514
   25.469325000    0.163201269    0.163201393
   25.501770000    0.163200808    0.163200198
   25.534215000    0.163200276    0.163198947
   25.566660000    0.163199522    0.163197662
   25.599105000    0.163198435    0.163196355
   25.631550000    0.163196971    0.163195032
   25.663995000    0.163195160    0.163193683
   25.696440000    0.163193103    0.163192290
   25.728885000    0.163190944    0.163190825
   25.761330000    0.163188835    0.163189261
   25.793775000    0.163186898    0.163187571
   25.826220000    0.163185193    0.163185740
   25.858665000    0.163183699    0.163183763
   25.891110000    0.163182322    0.163181646
   25.923555000    0.163180913    0.163179406
   25.956000000    0.163179301    0.163177059
   25.988445000    0.163177338    0.163174620
   26.020890000    0.163174929    0.163172094
   26.053335000    0.163172055    0.163169477
   26.085780000    0.163168779    0.163166747
   26.118225000    0.163165226    0.163163874
   26.150670000    0.163161549    0.163160821
   26.183115000    0.163157895    0.163157554
   26.215560000    0.163154359    0.163154041
   26.248005000    0.163150959    0.163150265
   26.280450000    0.163147633    0.163146219
   26.312895000    0.163144241    0.163141908
   26.345340000    0.163140603    0.163137343
   26.377785000    0.163136537    0.163132535
   26.410230000    0.163131897    0.163127489
   26.442675000    0.163126613    0.163122199
   26.475120000    0.163120696    0.163116642
   26.507565000    0.163114240    0.163110785
   26.540010000    0.163107390    0.163104580
   26.572455000    0.163100304    0.163097980
   26.604900000    0.163093110    0.163090937
   26.637345000    0.163085865    0.163083411
   26.669790000    0.163078539    0.163075376
   26.702235000    0.163071011    0.163066817
   26.734680000    0.163063093    0.163057725
   26.767125000    0.163054569    0.163048097
   26.799570000    0.163045236    0.163037925
   26.832015000    0.163034951    0.163027187
   26.864460000    0.163023654    0.163015849
   26.896905000    0.163011375    0.163003857
   26.929350000    0.162998218    0.162991144
   26.961795000    0.162984324    0.162977632
   26.994240000    0.162969826    0.162963242
   27.026685000    0.162954801    0.162947898
   27.059130000    0.162939241    0.162931533
   27.091575000    0.162923035    0.162914096
   27.124020000    0.162905987    0.162895542
   27.156465000    0.162887842    0.162875834
   27.188910000    0.162868335    0.162854934
   27.221355000    0.162847238    0.162832791
   27.253800000    0.162824402    0.162809341
   27.286245000    0.162799774    0.162784499
   27.318690000    0.162773388    0.162758159
   27.351135000    0.162745345    0.162730198
   27.383580000    0.162715758    0.162700483
   27.416025000    0.162684706    0.162668880
   27.448470000    0.162652184    0.162635254
   27.480915000    0.162618080    0.162599483
   27.513360000    0.162582169    0.162561450
   27.545805000    0.162544137    0.162521043
   27.578250000    0.162503622    0.162478148
   27.610695000    0.162460271    0.162432639
   27.643140000    0.162413784    0.162384372
   27.675585000    0.162363954    0.162333173
   27.708030000    0.162310670    0.162278844
   27.740475000    0.162253905    0.162221157
   27.772920000    0.162193671    0.162159865
   27.805365000    0.162129965    0.162094706
   27.837810000    0.162062716    0.162025412
   27.870255000    0.161991741    0.161951718
   27.902700000    0.161916729    0.161873362
   27.935145000    0.161837247    0.161790083
   27.967590000    0.161752781    0.161701616
   28.000035000    0.161662785    0.161607683
   28.032480000    0.161566744    0.161507979
   28.064925000    0.161464218    0.161402168
   28.097370000    0.161354865    0.161289873
   28.129815000    0.161238443    0.161170675
   28.162260000    0.161114769    0.161044115
   28.194705000    0.160983666    0.160909702
   28.227150000    0.160844899    0.160766919
   28.259595000    0.160698114    0.160615231
   28.292040000    0.160542802    0.160454087
   28.324485000    0.160378290    0.160282924
   28.356930000    0.160203768    0.160101156
   28.389375000    0.160018332    0.159908168
   28.421820000    0.159821053    0.159703302
   28.454265000    0.159611035    0.159485844
   28.486710000    0.159387458    0.159255018
   28.519155000    0.159149590    0.159009972
   28.551600000    0.158896768    0.158749788
   28.584045000    0.158628345    0.158473479
   28.616490000    0.158343623    0.158179998
   28.648935000    0.158041779    0.157868250
   28.681380000    0.157721808    0.157537092
   28.713825000    0.157382498    0.157185340
   28.746270000    0.157022434    0.156811760
   28.778715000    0.156640042    0.156415062
   28.811160000    0.156233649    0.155993880
   28.843605000    0.155801558    0.155546756
   28.876050000    0.155342105    0.155072127
   28.908495000    0.154853687    0.154568307
   28.940940000    0.154334754    0.154033482
   28.973385000    0.153783768    0.153465704
   29.005830000    0.153199116    0.152862900
   29.038275000    0.152579029    0.152222869
   29.070720000    0.151921492    0.151543289
   29.103165000    0.151224189    0.150821718
   29.135610000    0.150484480    0.150055588
   29.168055000    0.149699425    0.149242186
   29.200500000    0.148865838    0.148378642
   29.232945000    0.147980368    0.147461902
   29.265390000    0.147039568    0.146488700
   29.297835000    0.146039952    0.145455542
   29.330280000    0.144978003    0.144358688
   29.362725000    0.143850145    0.143194137
   29.395170000    0.142652662    0.141957629
   29.427615000    0.141381599    0.140644645
   29.460060000    0.140032655    0.139250404
   29.492505000    0.138601088    0.137769867
   29.524950000    0.137081669    0.136197724
   29.557395000    0.135468673    0.134528379
   29.589840000    0.133755924    0.132755922
   29.622285000    0.131936867    0.130874094
   29.654730000    0.130004657    0.128876246
   29.687175000    0.127952226    0.126755300
   29.719620000    0.125772309    0.124503711
   29.752065000    0.123457423    0.122113435
   29.784510000    0.120999779    0.119575903
   29.816955000    0.118391150    0.116882006
   29.849400000    0.115622722    0.114022078
   29.881845000    0.112684946    0.110985880
   29.914290000    0.109567417    0.107762575
   29.946735000    0.106258822    0.104340699
   29.979180000    0.102746939    0.100708117
   30.011625000    0.099018688    0.096851971
   30.044070000    0.095060222    0.092758619
   30.076515000    0.090857010    0.088413574
   30.108960000    0.086393893    0.083801446
   30.141405000    0.081655081    0.078905885
   30.173850000    0.076624086    0.073709545
   30.206295000    0.071283582    0.068194042
   30.238740000    0.065615232    0.062339929
   30.271185000    0.059599499    0.056126661
   30.303630000    0.053215478    0.049532554
   30.336075000    0.046440790    0.042534733
   30.368520000    0.039251535    0.035109060
   30.400965000    0.031622311    0.027230042
   30.433410000    0.023526284    0.018870738
   30.465855000    0.014935249    0.010002645
   30.498300000    0.005819665    0.000595609
   30.530745000   -0.003851382   -0.009382267
   30.563190000   -0.014110303   -0.019964679
   30.595635000   -0.024991212   -0.031187166
   30.628080000   -0.036530179   -0.043087132
   30.660525000   -0.048765483   -0.055703879
   30.692970000   -0.061737806   -0.069078646
   30.725415000   -0.075490318   -0.083254700
   30.757860000   -0.090068643   -0.098277485
   30.790305000   -0.105520701   -0.114194847
   30.822750000   -0.121896500   -0.131057339
   30.855195000   -0.139247962   -0.148918591
   30.887640000   -0.157628894   -0.167835708
   30.920085000   -0.177095225   -0.187869654
   30.952530000   -0.197705564   -0.209085553
   30.984975000   -0.219522104   -0.231552836
   31.017420000   -0.242611806   -0.255345144
   31.049865000   -0.267047688   -0.280539926
   31.082310000   -0.292909995   -0.307217654
   31.114755000   -0.320286933   -0.335460621
   31.147200000   -0.349274669   -0.365351284
   31.179645000   -0.379976296   -0.396970181
   31.212090000   -0.412499558   -0.430393440
   31.244535000   -0.446953261   -0.465689961
   31.276980000   -0.483442430   -0.502918359
   31.309425000   -0.522062433   -0.542123787
   31.341870000   -0.562892463   -0.583334773
   31.374315000   -0.605988839   -0.626560211
   31.406760000   -0.651378674   -0.671786656
   31.439205000   -0.699054447   -0.718976042
   31.471650000   -0.748969924   -0.768063952
   31.504095000   -0.801037782   -0.818958522
   31.536540000   -0.855129108   -0.871540044
   31.568985000   -0.911074772   -0.925661285
   31.601430000   -0.968668502   -0.981148511
   31.633875000   -1.027671343   -1.037803160
   31.666320000   -1.087817090   -1.095404072
   31.698765000   -1.148818209   -1.153710173
   31.731210000   -1.210371814   -1.212463459
   31.763655000   -1.272165258   -1.271392165
   31.796100000   -1.333881047   -1.330213955
   31.828545000   -1.395200857   -1.388639040
   31.860990000   -1.455808570   -1.446373097
   31.893435000   -1.515392362   -1.503119959
   31.925880000   -1.573645955   -1.558584016
   31.958325000   -1.630269218   -1.612472348
   31.990770000   -1.684968364   -1.664496627
   32.023215000   -1.737455967   -1.714374835
   32.055660000   -1.787451038   -1.761832870
   32.088105000   -1.834679365   -1.806606124
   32.120550000   -1.878874277   -1.848441078
   32.152995000   -1.919777935   -1.887096979
   32.185440000   -1.957143188   -1.922347620
   32.217885000   -1.990736005   -1.953983216
   32.250330000   -2.020338374   -1.981812363
   32.282775000   -2.045751581   -2.005664024
   32.315220000   -2.066799665   -2.025389479
   32.347665000   -2.083332874   -2.040864166
   32.380110000   -2.095230882   -2.051989320
   32.412555000   -2.102405567   -2.058693349
