    0.000000000   -2.125079987   -2.082084013
    0.037080000   -2.121948846   -2.079155488
    0.074160000   -2.112586278   -2.070394784
    0.111240000   -2.097083803   -2.055876023
    0.148320000   -2.075590604   -2.035721141
    0.185400000   -2.048308840   -2.010097598
    0.222480000   -2.015487722   -1.979215389
    0.259560000   -1.977416898   -1.943323541
    0.296640000   -1.934419687   -1.902706306
    0.333720000   -1.886846710   -1.857679249
    0.370800000   -1.835070333   -1.808585418
    0.407880000   -1.779480218   -1.755791694
    0.444960000   -1.720480131   -1.699685402
    0.482040000   -1.658485965   -1.640671136
    0.519120000   -1.593924786   -1.579167725
    0.556200000   -1.527234548   -1.515605155
    0.593280000   -1.458863999   -1.450421293
    0.630360000   -1.389272192   -1.384058200
    0.667440000   -1.318927033   -1.316957894
    0.704520000   -1.248302272   -1.249557492
    0.741600000   -1.177872548   -1.182283721
    0.778680000   -1.108106280   -1.115546942
    0.815760000   -1.039456507   -1.049734890
    0.852840000   -0.972350116   -0.985206427
    0.889920000   -0.907176246   -0.922285678
    0.927000000   -0.844274898   -0.861256900
    0.964080000   -0.783926942   -0.802360431
    1.001160000   -0.726346669   -0.745789998
    1.038240000   -0.671677867   -0.691691571
    1.075320000   -0.619993977   -0.640163841
    1.112400000   -0.571302457   -0.591260285
    1.149480000   -0.525552921   -0.544992677
    1.186560000   -0.482648177   -0.501335793
    1.223640000   -0.442456922   -0.460233012
    1.260720000   -0.404826730   -0.421602434
    1.297800000   -0.369596012   -0.385343168
    1.334880000   -0.336603888   -0.351341411
    1.371960000   -0.305697338   -0.319476019
    1.409040000   -0.276735415   -0.289623311
    1.446120000   -0.249590783   -0.261660954
    1.483200000   -0.224149157   -0.235470834
    1.520280000   -0.200307409   -0.210940951
    1.557360000   -0.177971140   -0.187966416
    1.594440000   -0.157052357   -0.166449704
    1.631520000   -0.137467722   -0.146300380
    1.668600000   -0.119137526   -0.127434470
    1.705680000   -0.101985361   -0.109773696
    1.742760000   -0.085938260   -0.093244716
    1.779840000   -0.070927049   -0.077778472
    1.816920000   -0.056886641   -0.063309713
    1.854000000   -0.043756122   -0.049776679
    1.891080000   -0.031478581   -0.037120931
    1.928160000   -0.020000724   -0.025287264
    1.965240000   -0.009272412   -0.014223652
    2.002320000    0.000753757   -0.003881182
    2.039400000    0.010122727    0.005786053
    2.076480000    0.018877083    0.014821110
    2.113560000    0.027057003    0.023264379
    2.150640000    0.034700152    0.031153781
    2.187720000    0.041841598    0.038524959
    2.224800000    0.048513846    0.045411425
    2.261880000    0.054747008    0.051844690
    2.298960000    0.060569096    0.057854347
    2.336040000    0.066006368    0.063468141
    2.373120000    0.071083654    0.068712036
    2.410200000    0.075824580    0.073610291
    2.447280000    0.080251652    0.078185551
    2.484360000    0.084386204    0.082458961
    2.521440000    0.088248266    0.086450279
    2.558520000    0.091856405    0.090177999
    2.595600000    0.095227641    0.093659446
    2.632680000    0.098377463    0.096910863
    2.669760000    0.101319981    0.099947461
    2.706840000    0.104068168    0.102783472
    2.743920000    0.106634149    0.105432171
    2.781000000    0.109029454    0.107905922
    2.818080000    0.111265186    0.110216224
    2.855160000    0.113352064    0.112373774
    2.892240000    0.115300366    0.114388541
    2.929320000    0.117119785    0.116269843
    2.966400000    0.118819291    0.118026423
    3.003480000    0.120407033    0.119666503
    3.040560000    0.121890336    0.121197823
    3.077640000    0.123275791    0.122627661
    3.114720000    0.124569428    0.123962838
    3.151800000    0.125776911    0.125209717
    3.188880000    0.126903709    0.126374210
    3.225960000    0.127955187    0.127461793
    3.263040000    0.128936614    0.128477535
    3.300120000    0.129853079    0.129426139
    3.337200000    0.130709359    0.130311989
    3.374280000    0.131509792    0.131139195
    3.411360000    0.132258196    0.131911621
    3.448440000    0.132957870    0.132632912
    3.485520000    0.133611678    0.133306494
    3.522600000    0.134222191    0.133935575
    3.559680000    0.134791850    0.134523135
    3.596760000    0.135323099    0.135071929
    3.633840000    0.135818453    0.135584491
    3.670920000    0.136280488    0.136063159
    3.708000000    0.136711754    0.136510097
    3.745080000    0.137114662    0.136927334
    3.782160000    0.137491362    0.137316788
    3.819240000    0.137843679    0.137680287
    3.856320000    0.138173105    0.138019576
    3.893400000    0.138480874    0.138336314
    3.930480000    0.138768069    0.138632059
    3.967560000    0.139035759    0.138908258
    4.004640000    0.139285090    0.139166237
    4.041720000    0.139517334    0.139407200
    4.078800000    0.139733858    0.139632245
    4.115880000    0.139936044    0.139842377
    4.152960000    0.140125177    0.140038536
    4.190040000    0.140302345    0.140221618
    4.227120000    0.140468386    0.140392482
    4.264200000    0.140623887    0.140551960
    4.301280000    0.140769254    0.140700846
    4.338360000    0.140904820    0.140839885
    4.375440000    0.141030950    0.140969762
    4.412520000    0.141148130    0.141091092
    4.449600000    0.141256997    0.141204421
    4.486680000    0.141358305    0.141310238
    4.523760000    0.141452850    0.141408990
    4.560840000    0.141541366    0.141501096
    4.597920000    0.141624440    0.141586973
    4.635000000    0.141702460    0.141667033
    4.672080000    0.141775627    0.141741690
    4.709160000    0.141844012    0.141811349
    4.746240000    0.141907652    0.141876391
    4.783320000    0.141966645    0.141937163
    4.820400000    0.142021214    0.141993965
    4.857480000    0.142071729    0.142047052
    4.894560000    0.142118673    0.142096641
    4.931640000    0.142162563    0.142142926
    4.968720000    0.142203857    0.142186090
    5.005800000    0.142242881    0.142226319
    5.042880000    0.142279788    0.142263812
    5.079960000    0.142314572    0.142298773
    5.117040000    0.142347125    0.142331409
    5.154120000    0.142377329    0.142361912
    5.191200000    0.142405137    0.142390452
    5.228280000    0.142430634    0.142417163
    5.265360000    0.142454048    0.142442153
    5.302440000    0.142475713    0.142465501
    5.339520000    0.142495997    0.142487276
    5.376600000    0.142515217    0.142507548
    5.413680000    0.142533573    0.142526401
    5.450760000    0.142551111    0.142543934
    5.487840000    0.142567745    0.142560260
    5.524920000    0.142583312    0.142575498
    5.562000000    0.142597647    0.142589760
    5.599080000    0.142610667    0.142603139
    5.636160000    0.142622414    0.142615700
    5.673240000    0.142633060    0.142627487
    5.710320000    0.142642874    0.142638521
    5.747400000    0.142652148    0.142648819
    5.784480000    0.142661120    0.142658399
    5.821560000    0.142669914    0.142667296
    5.858640000    0.142678518    0.142675561
    5.895720000    0.142686798    0.142683260
    5.932800000    0.142694557    0.142690463
    5.969880000    0.142701611    0.142697236
    6.006960000    0.142707855    0.142703629
    6.044040000    0.142713309    0.142709669
    6.081120000    0.142718113    0.142715363
    6.118200000    0.142722496    0.142720705
    6.155280000    0.142726703    0.142725684
    6.192360000    0.142730927    0.142730296
    6.229440000    0.142735253    0.142734555
    6.266520000    0.142739640    0.142738492
    6.303600000    0.142743943    0.142742151
    6.340680000    0.142747962    0.142745585
    6.377760000    0.142751520    0.142748839
    6.414840000    0.142754519    0.142751945
    6.451920000    0.142756978    0.142754917
    6.489000000    0.142759029    0.142757746
    6.526080000    0.142760881    0.142760416
    6.563160000    0.142762751    0.142762906
    6.600240000    0.142764800    0.142765205
    6.637320000    0.142767088    0.142767314
    6.674400000    0.142769552    0.142769256
    6.711480000    0.142772039    0.142771063
    6.748560000    0.142774350    0.142772775
    6.785640000    0.142776314    0.142774426
    6.822720000    0.142777839    0.142776034
    6.859800000    0.142778945    0.142777603
    6.896880000    0.142779759    0.142779119
    6.933960000    0.142780474    0.142780556
    6.971040000    0.142781285    0.142781892
    7.008120000    0.142782335    0.142783110
    7.045200000    0.142783662    0.142784212
    7.082280000    0.142785198    0.142785213
    7.119360000    0.142786788    0.142786144
    7.156440000    0.142788243    0.142787037
    7.193520000    0.142789403    0.142787922
    7.230600000    0.142790191    0.142788812
    7.267680000    0.142790633    0.142789708
    7.304760000    0.142790856    0.142790591
    7.341840000    0.142791043    0.142791437
    7.378920000    0.142791374    0.142792221
    7.416000000    0.142791973    0.142792927
    7.453080000    0.142792866    0.142793555
    7.490160000    0.142793975    0.142794119
    7.527240000    0.142795145    0.142794646
    7.564320000    0.142796196    0.142795165
    7.601400000    0.142796977    0.142795700
    7.638480000    0.142797422    0.142796261
    7.675560000    0.142797563    0.142796845
    7.712640000    0.142797525    0.142797432
    7.749720000    0.142797482    0.142797997
    7.786800000    0.142797602    0.142798515
    7.823880000    0.142797995    0.142798972
    7.860960000    0.142798675    0.142799367
    7.898040000    0.142799561    0.142799714
    7.935120000    0.142800499    0.142800040
    7.972200000    0.142801318    0.142800371
    8.009280000    0.142801881    0.142800728
    8.046360000    0.142802132    0.142801121
    8.083440000    0.142802111    0.142801543
    8.120520000    0.142801943    0.142801976
    8.157600000    0.142801796    0.142802394
    8.194680000    0.142801825    0.142802773
    8.231760000    0.142802128    0.142803102
    8.268840000    0.142802710    0.142803379
    8.305920000    0.142803483    0.142803620
    8.343000000    0.142804299    0.142803848
    8.380080000    0.142804992    0.142804088
    8.417160000    0.142805436    0.142804360
    8.454240000    0.142805586    0.142804670
    8.491320000    0.142805487    0.142805011
    8.528400000    0.142805262    0.142805364
    8.565480000    0.142805074    0.142805703
    8.602560000    0.142805069    0.142806007
    8.639640000    0.142805332    0.142806264
    8.676720000    0.142805859    0.142806475
    8.713800000    0.142806561    0.142806655
    8.750880000    0.142807291    0.142806827
    8.787960000    0.142807893    0.142807015
    8.825040000    0.142808252    0.142807237
    8.862120000    0.142808331    0.142807497
    8.899200000    0.142808181    0.142807788
    8.936280000    0.142807926    0.142808090
    8.973360000    0.142807723    0.142808380
    9.010440000    0.142807707    0.142808636
    9.047520000    0.142807955    0.142808848
    9.084600000    0.142808454    0.142809019
    9.121680000    0.142809112    0.142809164
    9.158760000    0.142809785    0.142809304
    9.195840000    0.142810324    0.142809463
    9.232920000    0.142810623    0.142809656
    9.270000000    0.142810655    0.142809887
    9.307080000    0.142810476    0.142810147
    9.344160000    0.142810209    0.142810417
    9.381240000    0.142810005    0.142810673
    9.418320000    0.142809991    0.142810896
    9.455400000    0.142810234    0.142811077
    9.492480000    0.142810713    0.142811219
    9.529560000    0.142811334    0.142811338
    9.566640000    0.142811957    0.142811456
    9.603720000    0.142812439    0.142811594
    9.640800000    0.142812686    0.142811767
    9.677880000    0.142812677    0.142811976
    9.714960000    0.142812475    0.142812212
    9.752040000    0.142812204    0.142812453
    9.789120000    0.142812007    0.142812678
    9.826200000    0.142812004    0.142812867
    9.863280000    0.142812248    0.142813010
    9.900360000    0.142812712    0.142813111
    9.937440000    0.142813295    0.142813185
    9.974520000    0.142813856    0.142813252
   10.011600000    0.142814256    0.142813332
   10.048680000    0.142814409    0.142813440
   10.085760000    0.142814301    0.142813576
   10.122840000    0.142814000    0.142813731
   10.159920000    0.142813634    0.142813887
   10.197000000    0.142813346    0.142814023
   10.234080000    0.142813252    0.142814123
   10.271160000    0.142813404    0.142814182
   10.308240000    0.142813775    0.142814205
   10.345320000    0.142814265    0.142814209
   10.382400000    0.142814738    0.142814215
   10.419480000    0.142815063    0.142814244
   10.456560000    0.142815159    0.142814309
   10.493640000    0.142815018    0.142814409
   10.530720000    0.142814708    0.142814534
   10.567800000    0.142814351    0.142814665
   10.604880000    0.142814084    0.142814781
   10.641960000    0.142814013    0.142814865
   10.679040000    0.142814181    0.142814913
   10.716120000    0.142814554    0.142814929
   10.753200000    0.142815030    0.142814930
   10.790280000    0.142815477    0.142814935
   10.827360000    0.142815772    0.142814963
   10.864440000    0.142815841    0.142815026
   10.901520000    0.142815682    0.142815123
   10.938600000    0.142815369    0.142815242
   10.975680000    0.142815022    0.142815366
   11.012760000    0.142814773    0.142815473
   11.049840000    0.142814721    0.142815550
   11.086920000    0.142814901    0.142815590
   11.124000000    0.142815273    0.142815601
   11.161080000    0.142815736    0.142815598
   11.198160000    0.142816159    0.142815601
   11.235240000    0.142816426    0.142815628
   11.272320000    0.142816470    0.142815689
   11.309400000    0.142816296    0.142815783
   11.346480000    0.142815980    0.142815897
   11.383560000    0.142815643    0.142816014
   11.420640000    0.142815411    0.142816113
   11.457720000    0.142815376    0.142816182
   11.494800000    0.142815566    0.142816216
   11.531880000    0.142815938    0.142816221
   11.568960000    0.142816388    0.142816216
   11.606040000    0.142816789    0.142816217
   11.643120000    0.142817030    0.142816243
   11.680200000    0.142817051    0.142816303
   11.717280000    0.142816864    0.142816394
   11.754360000    0.142816547    0.142816503
   11.791440000    0.142816219    0.142816614
   11.828520000    0.142816003    0.142816706
   11.865600000    0.142815984    0.142816768
   11.902680000    0.142816184    0.142816795
   11.939760000    0.142816555    0.142816797
   11.976840000    0.142816993    0.142816788
   12.013920000    0.142817373    0.142816788
   12.051000000    0.142817589    0.142816814
   12.088080000    0.142817589    0.142816872
   12.125160000    0.142817389    0.142816960
   12.162240000    0.142817070    0.142817065
   12.199320000    0.142816751    0.142817169
   12.236400000    0.142816551    0.142817255
   12.273480000    0.142816547    0.142817309
   12.310560000    0.142816757    0.142817331
   12.347640000    0.142817127    0.142817329
   12.384720000    0.142817553    0.142817317
   12.421800000    0.142817912    0.142817316
   12.458880000    0.142818105    0.142817341
   12.495960000    0.142818084    0.142817398
   12.533040000    0.142817872    0.142817483
   12.570120000    0.142817553    0.142817584
   12.607200000    0.142817244    0.142817682
   12.644280000    0.142817058    0.142817761
   12.681360000    0.142817069    0.142817810
   12.718440000    0.142817288    0.142817826
   12.755520000    0.142817656    0.142817819
   12.792600000    0.142818070    0.142817806
   12.829680000    0.142818409    0.142817804
   12.866760000    0.142818579    0.142817827
   12.903840000    0.142818539    0.142817883
   12.940920000    0.142818317    0.142817965
   12.978000000    0.142817997    0.142818062
   13.015080000    0.142817697    0.142818155
   13.052160000    0.142817525    0.142818228
   13.089240000    0.142817551    0.142818270
   13.126320000    0.142817777    0.142818281
   13.163400000    0.142818144    0.142818270
   13.200480000    0.142818546    0.142818255
   13.237560000    0.142818866    0.142818251
   13.274640000    0.142819014    0.142818274
   13.311720000    0.142818956    0.142818328
   13.348800000    0.142818723    0.142818409
   13.385880000    0.142818403    0.142818501
   13.422960000    0.142818112    0.142818589
   13.460040000    0.142817955    0.142818655
   13.497120000    0.142817994    0.142818692
   13.534200000    0.142818228    0.142818698
   13.571280000    0.142818593    0.142818684
   13.608360000    0.142818983    0.142818666
   13.645440000    0.142819284    0.142818661
   13.682520000    0.142819411    0.142818683
   13.719600000    0.142819335    0.142818736
   13.756680000    0.142819093    0.142818814
   13.793760000    0.142818773    0.142818903
   13.830840000    0.142818491    0.142818985
   13.867920000    0.142818347    0.142819046
   13.905000000    0.142818399    0.142819076
   13.942080000    0.142818640    0.142819077
   13.979160000    0.142819003    0.142819060
   14.016240000    0.142819382    0.142819040
   14.053320000    0.142819664    0.142819034
   14.090400000    0.142819771    0.142819056
   14.127480000    0.142819678    0.142819107
   14.164560000    0.142819426    0.142819183
   14.201640000    0.142819108    0.142819267
   14.238720000    0.142818834    0.142819345
   14.275800000    0.142818704    0.142819400
   14.312880000    0.142818769    0.142819424
   14.349960000    0.142819016    0.142819421
   14.387040000    0.142819377    0.142819400
   14.424120000    0.142819744    0.142819378
   14.461200000    0.142820008    0.142819372
   14.498280000    0.142820095    0.142819393
   14.535360000    0.142819986    0.142819443
   14.572440000    0.142819726    0.142819516
   14.609520000    0.142819408    0.142819597
   14.646600000    0.142819143    0.142819669
   14.683680000    0.142819026    0.142819718
   14.720760000    0.142819103    0.142819738
   14.757840000    0.142819357    0.142819730
   14.794920000    0.142819715    0.142819706
   14.832000000    0.142820070    0.142819682
   14.869080000    0.142820317    0.142819675
   14.906160000    0.142820384    0.142819695
   14.943240000    0.142820260    0.142819744
   14.980320000    0.142819992    0.142819815
   15.017400000    0.142819675    0.142819892
   15.054480000    0.142819419    0.142819959
   15.091560000    0.142819315    0.142820003
   15.128640000    0.142819404    0.142820017
   15.165720000    0.142819664    0.142820005
   15.202800000    0.142820019    0.142819978
   15.239880000    0.142820362    0.142819953
   15.276960000    0.142820592    0.142819945
   15.314040000    0.142820640    0.142819964
   15.351120000    0.142820500    0.142820012
   15.388200000    0.142820224    0.142820080
   15.425280000    0.142819909    0.142820153
   15.462360000    0.142819662    0.142820216
   15.499440000    0.142819571    0.142820254
   15.536520000    0.142819671    0.142820263
   15.573600000    0.142819936    0.142820247
   15.610680000    0.142820288    0.142820217
   15.647760000    0.142820620    0.142820190
   15.684840000    0.142820832    0.142820181
   15.721920000    0.142820862    0.142820200
   15.759000000    0.142820707    0.142820246
   15.796080000    0.142820424    0.142820312
   15.833160000    0.142820110    0.142820382
   15.870240000    0.142819873    0.142820439
   15.907320000    0.142819794    0.142820473
   15.944400000    0.142819905    0.142820476
   15.981480000    0.142820176    0.142820456
   16.018560000    0.142820525    0.142820423
   16.055640000    0.142820845    0.142820394
   16.092720000    0.142821039    0.142820385
   16.129800000    0.142821051    0.142820403
   16.166880000    0.142820882    0.142820448
   16.203960000    0.142820592    0.142820511
   16.241040000    0.142820280    0.142820577
   16.278120000    0.142820052    0.142820630
   16.315200000    0.142819985    0.142820658
   16.352280000    0.142820107    0.142820657
   16.389360000    0.142820382    0.142820632
   16.426440000    0.142820728    0.142820597
   16.463520000    0.142821036    0.142820566
   16.500600000    0.142821214    0.142820556
   16.537680000    0.142821208    0.142820573
   16.574760000    0.142821025    0.142820617
   16.611840000    0.142820728    0.142820678
   16.648920000    0.142820419    0.142820741
   16.686000000    0.142820199    0.142820789
   16.723080000    0.142820145    0.142820812
   16.760160000    0.142820277    0.142820806
   16.797240000    0.142820557    0.142820777
   16.834320000    0.142820899    0.142820739
   16.871400000    0.142821196    0.142820707
   16.908480000    0.142821356    0.142820696
   16.945560000    0.142821332    0.142820712
   16.982640000    0.142821136    0.142820755
   17.019720000    0.142820833    0.142820814
   17.056800000    0.142820526    0.142820873
   17.093880000    0.142820316    0.142820916
   17.130960000    0.142820274    0.142820934
   17.168040000    0.142820416    0.142820923
   17.205120000    0.142820701    0.142820890
   17.242200000    0.142821038    0.142820849
   17.279280000    0.142821323    0.142820816
   17.316360000    0.142821466    0.142820804
   17.353440000    0.142821425    0.142820820
   17.390520000    0.142821215    0.142820862
   17.427600000    0.142820907    0.142820918
   17.464680000    0.142820602    0.142820973
   17.501760000    0.142820401    0.142821012
   17.538840000    0.142820371    0.142821025
   17.575920000    0.142820524    0.142821009
   17.613000000    0.142820813    0.142820973
   17.650080000    0.142821146    0.142820929
   17.687160000    0.142821419    0.142820894
   17.724240000    0.142821546    0.142820882
   17.761320000    0.142821487    0.142820897
   17.798400000    0.142821264    0.142820938
   17.835480000    0.142820950    0.142820991
   17.872560000    0.142820648    0.142821043
   17.909640000    0.142820457    0.142821077
   17.946720000    0.142820439    0.142821085
   17.983800000    0.142820601    0.142821064
   18.020880000    0.142820894    0.142821024
   18.057960000    0.142821222    0.142820978
   18.095040000    0.142821483    0.142820942
   18.132120000    0.142821593    0.142820929
   18.169200000    0.142821517    0.142820944
   18.206280000    0.142821282    0.142820983
   18.243360000    0.142820963    0.142821034
   18.280440000    0.142820664    0.142821082
   18.317520000    0.142820482    0.142821112
   18.354600000    0.142820477    0.142821114
   18.391680000    0.142820649    0.142821090
   18.428760000    0.142820945    0.142821046
   18.465840000    0.142821269    0.142820997
   18.502920000    0.142821518    0.142820960
   18.540000000    0.142821610    0.142820946
   18.577080000    0.142821518    0.142820960
   18.614160000    0.142821269    0.142820997
   18.651240000    0.142820945    0.142821046
   18.688320000    0.142820649    0.142821090
   18.725400000    0.142820477    0.142821114
   18.762480000    0.142820482    0.142821112
   18.799560000    0.142820664    0.142821082
   18.836640000    0.142820963    0.142821034
   18.873720000    0.142821282    0.142820983
   18.910800000    0.142821517    0.142820944
   18.947880000    0.142821593    0.142820929
   18.984960000    0.142821483    0.142820942
   19.022040000    0.142821222    0.142820978
   19.059120000    0.142820894    0.142821024
   19.096200000    0.142820601    0.142821064
   19.133280000    0.142820439    0.142821085
   19.170360000    0.142820457    0.142821077
   19.207440000    0.142820648    0.142821043
   19.244520000    0.142820950    0.142820991
   19.281600000    0.142821264    0.142820938
   19.318680000    0.142821487    0.142820897
   19.355760000    0.142821546    0.142820882
   19.392840000    0.142821419    0.142820894
   19.429920000    0.142821146    0.142820929
   19.467000000    0.142820813    0.142820973
   19.504080000    0.142820524    0.142821009
   19.541160000    0.142820371    0.142821025
   19.578240000    0.142820401    0.142821012
   19.615320000    0.142820602    0.142820973
   19.652400000    0.142820907    0.142820918
   19.689480000    0.142821215    0.142820862
   19.726560000    0.142821425    0.142820820
   19.763640000    0.142821466    0.142820804
   19.800720000    0.142821323    0.142820816
   19.837800000    0.142821038    0.142820849
   19.874880000    0.142820701    0.142820890
   19.911960000    0.142820416    0.142820923
   19.949040000    0.142820274    0.142820934
   19.986120000    0.142820316    0.142820916
   20.023200000    0.142820526    0.142820873
   20.060280000    0.142820833    0.142820814
   20.097360000    0.142821136    0.142820755
   20.134440000    0.142821332    0.142820712
   20.171520000    0.142821356    0.142820696
   20.208600000    0.142821196    0.142820707
   20.245680000    0.142820899    0.142820739
   20.282760000    0.142820557    0.142820777
   20.319840000    0.142820277    0.142820806
   20.356920000    0.142820145    0.142820812
   20.394000000    0.142820199    0.142820789
   20.431080000    0.142820419    0.142820741
   20.468160000    0.142820728    0.142820678
   20.505240000    0.142821025    0.142820617
   20.542320000    0.142821208    0.142820573
   20.579400000    0.142821214    0.142820556
   20.616480000    0.142821036    0.142820566
   20.653560000    0.142820728    0.142820597
   20.690640000    0.142820382    0.142820632
   20.727720000    0.142820107    0.142820657
   20.764800000    0.142819985    0.142820658
   20.801880000    0.142820052    0.142820630
   20.838960000    0.142820280    0.142820577
   20.876040000    0.142820592    0.142820511
   20.913120000    0.142820882    0.142820448
   20.950200000    0.142821051    0.142820403
   20.987280000    0.142821039    0.142820385
   21.024360000    0.142820845    0.142820394
   21.061440000    0.142820525    0.142820423
   21.098520000    0.142820176    0.142820456
   21.135600000    0.142819905    0.142820476
   21.172680000    0.142819794    0.142820473
   21.209760000    0.142819873    0.142820439
   21.246840000    0.142820110    0.142820382
   21.283920000    0.142820424    0.142820312
   21.321000000    0.142820707    0.142820246
   21.358080000    0.142820862    0.142820200
   21.395160000    0.142820832    0.142820181
   21.432240000    0.142820620    0.142820190
   21.469320000    0.142820288    0.142820217
   21.506400000    0.142819936    0.142820247
   21.543480000    0.142819671    0.142820263
   21.580560000    0.142819571    0.142820254
   21.617640000    0.142819662    0.142820216
   21.654720000    0.142819909    0.142820153
   21.691800000    0.142820224    0.142820080
   21.728880000    0.142820500    0.142820012
   21.765960000    0.142820640    0.142819964
   21.803040000    0.142820592    0.142819945
   21.840120000    0.142820362    0.142819953
   21.877200000    0.142820019    0.142819978
   21.914280000    0.142819664    0.142820005
   21.951360000    0.142819404    0.142820017
   21.988440000    0.142819315    0.142820003
   22.025520000    0.142819419    0.142819959
   22.062600000    0.142819675    0.142819892
   22.099680000    0.142819992    0.142819815
   22.136760000    0.142820260    0.142819744
   22.173840000    0.142820384    0.142819695
   22.210920000    0.142820317    0.142819675
   22.248000000    0.142820070    0.142819682
   22.285080000    0.142819715    0.142819706
   22.322160000    0.142819357    0.142819730
   22.359240000    0.142819103    0.142819738
   22.396320000    0.142819026    0.142819718
   22.433400000    0.142819143    0.142819669
   22.470480000    0.142819408    0.142819597
   22.507560000    0.142819726    0.142819516
   22.544640000    0.142819986    0.142819443
   22.581720000    0.142820095    0.142819393
   22.618800000    0.142820008    0.142819372
   22.655880000    0.142819744    0.142819378
   22.692960000    0.142819377    0.142819400
   22.730040000    0.142819016    0.142819421
   22.767120000    0.142818769    0.142819424
   22.804200000    0.142818704    0.142819400
   22.841280000    0.142818834    0.142819345
   22.878360000    0.142819108    0.142819267
   22.915440000    0.142819426    0.142819183
   22.952520000    0.142819678    0.142819107
   22.989600000    0.142819771    0.142819056
   23.026680000    0.142819664    0.142819034
   23.063760000    0.142819382    0.142819040
   23.100840000    0.142819003    0.142819060
   23.137920000    0.142818640    0.142819077
   23.175000000    0.142818399    0.142819076
   23.212080000    0.142818347    0.142819046
   23.249160000    0.142818491    0.142818985
   23.286240000    0.142818773    0.142818903
   23.323320000    0.142819093    0.142818814
   23.360400000    0.142819335    0.142818736
   23.397480000    0.142819411    0.142818683
   23.434560000    0.142819284    0.142818661
   23.471640000    0.142818983    0.142818666
   23.508720000    0.142818593    0.142818684
   23.545800000    0.142818228    0.142818698
   23.582880000    0.142817994    0.142818692
   23.619960000    0.142817955    0.142818655
   23.657040000    0.142818112    0.142818589
   23.694120000    0.142818403    0.142818501
   23.731200000    0.142818723    0.142818409
   23.768280000    0.142818956    0.142818328
   23.805360000    0.142819014    0.142818274
   23.842440000    0.142818866    0.142818251
   23.879520000    0.142818546    0.142818255
   23.916600000    0.142818144    0.142818270
   23.953680000    0.142817777    0.142818281
   23.990760000    0.142817551    0.142818270
   24.027840000    0.142817525    0.142818228
   24.064920000    0.142817697    0.142818155
   24.102000000    0.142817997    0.142818062
   24.139080000    0.142818317    0.142817965
   24.176160000    0.142818539    0.142817883
   24.213240000    0.142818579    0.142817827
   24.250320000    0.142818409    0.142817804
   24.287400000    0.142818070    0.142817806
   24.324480000    0.142817656    0.142817819
   24.361560000    0.142817288    0.142817826
   24.398640000    0.142817069    0.142817810
   24.435720000    0.142817058    0.142817761
   24.472800000    0.142817244    0.142817682
   24.509880000    0.142817553    0.142817584
   24.546960000    0.142817872    0.142817483
   24.584040000    0.142818084    0.142817398
   24.621120000    0.142818105    0.142817341
   24.658200000    0.142817912    0.142817316
   24.695280000    0.142817553    0.142817317
   24.732360000    0.142817127    0.142817329
   24.769440000    0.142816757    0.142817331
   24.806520000    0.142816547    0.142817309
   24.843600000    0.142816551    0.142817255
   24.880680000    0.142816751    0.142817169
   24.917760000    0.142817070    0.142817065
   24.954840000    0.142817389    0.142816960
   24.991920000    0.142817589    0.142816872
   25.029000000    0.142817589    0.142816814
   25.066080000    0.142817373    0.142816788
   25.103160000    0.142816993    0.142816788
   25.140240000    0.142816555    0.142816797
   25.177320000    0.142816184    0.142816795
   25.214400000    0.142815984    0.142816768
   25.251480000    0.142816003    0.142816706
   25.288560000    0.142816219    0.142816614
   25.325640000    0.142816547    0.142816503
   25.362720000    0.142816864    0.142816394
   25.399800000    0.142817051    0.142816303
   25.436880000    0.142817030    0.142816243
   25.473960000    0.142816789    0.142816217
   25.511040000    0.142816388    0.142816216
   25.548120000    0.142815938    0.142816221
   25.585200000    0.142815566    0.142816216
   25.622280000    0.142815376    0.142816182
   25.659360000    0.142815411    0.142816113
   25.696440000    0.142815643    0.142816014
   25.733520000    0.142815980    0.142815897
   25.770600000    0.142816296    0.142815783
   25.807680000    0.142816470    0.142815689
   25.844760000    0.142816426    0.142815628
   25.881840000    0.142816159    0.142815601
   25.918920000    0.142815736    0.142815598
   25.956000000    0.142815273    0.142815601
   25.993080000    0.142814901    0.142815590
   26.030160000    0.142814721    0.142815550
   26.067240000    0.142814773    0.142815473
   26.104320000    0.142815022    0.142815366
   26.141400000    0.142815369    0.142815242
   26.178480000    0.142815682    0.142815123
   26.215560000    0.142815841    0.142815026
   26.252640000    0.142815772    0.142814963
   26.289720000    0.142815477    0.142814935
   26.326800000    0.142815030    0.142814930
   26.363880000    0.142814554    0.142814929
   26.400960000    0.142814181    0.142814913
   26.438040000    0.142814013    0.142814865
   26.475120000    0.142814084    0.142814781
   26.512200000    0.142814351    0.142814665
   26.549280000    0.142814708    0.142814534
   26.586360000    0.142815018    0.142814409
   26.623440000    0.142815159    0.142814309
   26.660520000    0.142815063    0.142814244
   26.697600000    0.142814738    0.142814215
   26.734680000    0.142814265    0.142814209
   26.771760000    0.142813775    0.142814205
   26.808840000    0.142813404    0.142814182
   26.845920000    0.142813252    0.142814123
   26.883000000    0.142813346    0.142814023
   26.920080000    0.142813634    0.142813887
   26.957160000    0.142814000    0.142813731
   26.994240000    0.142814301    0.142813576
   27.031320000    0.142814409    0.142813440
   27.068400000    0.142814256    0.142813332
   27.105480000    0.142813856    0.142813252
   27.142560000    0.142813295    0.142813185
   27.179640000    0.142812712    0.142813111
   27.216720000    0.142812248    0.142813010
   27.253800000    0.142812004    0.142812867
   27.290880000    0.142812007    0.142812678
   27.327960000    0.142812204    0.142812453
   27.365040000    0.142812475    0.142812212
   27.402120000    0.142812677    0.142811976
   27.439200000    0.142812686    0.142811767
   27.476280000    0.142812439    0.142811594
   27.513360000    0.142811957    0.142811456
   27.550440000    0.142811334    0.142811338
   27.587520000    0.142810713    0.142811219
   27.624600000    0.142810234    0.142811077
   27.661680000    0.142809991    0.142810896
   27.698760000    0.142810005    0.142810673
   27.735840000    0.142810209    0.142810417
   27.772920000    0.142810476    0.142810147
   27.810000000    0.142810655    0.142809887
   27.847080000    0.142810623    0.142809656
   27.884160000    0.142810324    0.142809463
   27.921240000    0.142809785    0.142809304
   27.958320000    0.142809112    0.142809164
   27.995400000    0.142808454    0.142809019
   28.032480000    0.142807955    0.142808848
   28.069560000    0.142807707    0.142808636
   28.106640000    0.142807723    0.142808380
   28.143720000    0.142807926    0.142808090
   28.180800000    0.142808181    0.142807788
   28.217880000    0.142808331    0.142807497
   28.254960000    0.142808252    0.142807237
   28.292040000    0.142807893    0.142807015
   28.329120000    0.142807291    0.142806827
   28.366200000    0.142806561    0.142806655
   28.403280000    0.142805859    0.142806475
   28.440360000    0.142805332    0.142806264
   28.477440000    0.142805069    0.142806007
   28.514520000    0.142805074    0.142805703
   28.551600000    0.142805262    0.142805364
   28.588680000    0.142805487    0.142805011
   28.625760000    0.142805586    0.142804670
   28.662840000    0.142805436    0.142804360
   28.699920000    0.142804992    0.142804088
   28.737000000    0.142804299    0.142803848
   28.774080000    0.142803483    0.142803620
   28.811160000    0.142802710    0.142803379
   28.848240000    0.142802128    0.142803102
   28.885320000    0.142801825    0.142802773
   28.922400000    0.142801796    0.142802394
   28.959480000    0.142801943    0.142801976
   28.996560000    0.142802111    0.142801543
   29.033640000    0.142802132    0.142801121
   29.070720000    0.142801881    0.142800728
   29.107800000    0.142801318    0.142800371
   29.144880000    0.142800499    0.142800040
   29.181960000    0.142799561    0.142799714
   29.219040000    0.142798675    0.142799367
   29.256120000    0.142797995    0.142798972
   29.293200000    0.142797602    0.142798515
   29.330280000    0.142797482    0.142797997
   29.367360000    0.142797525    0.142797432
   29.404440000    0.142797563    0.142796845
   29.441520000    0.142797422    0.142796261
   29.478600000    0.142796977    0.142795700
   29.515680000    0.142796196    0.142795165
   29.552760000    0.142795145    0.142794646
   29.589840000    0.142793975    0.142794119
   29.626920000    0.142792866    0.142793555
   29.664000000    0.142791973    0.142792927
   29.701080000    0.142791374    0.142792221
   29.738160000    0.142791043    0.142791437
   29.775240000    0.142790856    0.142790591
   29.812320000    0.142790633    0.142789708
   29.849400000    0.142790191    0.142788812
   29.886480000    0.142789403    0.142787922
   29.923560000    0.142788243    0.142787037
   29.960640000    0.142786788    0.142786144
   29.997720000    0.142785198    0.142785213
   30.034800000    0.142783662    0.142784212
   30.071880000    0.142782335    0.142783110
   30.108960000    0.142781285    0.142781892
   30.146040000    0.142780474    0.142780556
   30.183120000    0.142779759    0.142779119
   30.220200000    0.142778945    0.142777603
   30.257280000    0.142777839    0.142776034
   30.294360000    0.142776314    0.142774426
   30.331440000    0.142774350    0.142772775
   30.368520000    0.142772039    0.142771063
   30.405600000    0.142769552    0.142769256
   30.442680000    0.142767088    0.142767314
   30.479760000    0.142764800    0.142765205
   30.516840000    0.142762751    0.142762906
   30.553920000    0.142760881    0.142760416
   30.591000000    0.142759029    0.142757746
   30.628080000    0.142756978    0.142754917
   30.665160000    0.142754519    0.142751945
   30.702240000    0.142751520    0.142748839
   30.739320000    0.142747962    0.142745585
   30.776400000    0.142743943    0.142742151
   30.813480000    0.142739640    0.142738492
   30.850560000    0.142735253    0.142734555
   30.887640000    0.142730927    0.142730296
   30.924720000    0.142726703    0.142725684
   30.961800000    0.142722496    0.142720705
   30.998880000    0.142718113    0.142715363
   31.035960000    0.142713309    0.142709669
   31.073040000    0.142707855    0.142703629
   31.110120000    0.142701611    0.142697236
   31.147200000    0.142694557    0.142690463
   31.184280000    0.142686798    0.142683260
   31.221360000    0.142678518    0.142675561
   31.258440000    0.142669914    0.142667296
   31.295520000    0.142661120    0.142658399
   31.332600000    0.142652148    0.142648819
   31.369680000    0.142642874    0.142638521
   31.406760000    0.142633060    0.142627487
   31.443840000    0.142622414    0.142615700
   31.480920000    0.142610667    0.142603139
   31.518000000    0.142597647    0.142589760
   31.555080000    0.142583312    0.142575498
   31.592160000    0.142567745    0.142560260
   31.629240000    0.142551111    0.142543934
   31.666320000    0.142533573    0.142526401
   31.703400000    0.142515217    0.142507548
   31.740480000    0.142495997    0.142487276
   31.777560000    0.142475713    0.142465501
   31.814640000    0.142454048    0.142442153
   31.851720000    0.142430634    0.142417163
   31.888800000    0.142405137    0.142390452
   31.925880000    0.142377329    0.142361912
   31.962960000    0.142347125    0.142331409
   32.000040000    0.142314572    0.142298773
   32.037120000    0.142279788    0.142263812
   32.074200000    0.142242881    0.142226319
   32.111280000    0.142203857    0.142186090
   32.148360000    0.142162563    0.142142926
   32.185440000    0.142118673    0.142096641
   32.222520000    0.142071729    0.142047052
   32.259600000    0.142021214    0.141993965
   32.296680000    0.141966645    0.141937163
   32.333760000    0.141907652    0.141876391
   32.370840000    0.141844012    0.141811349
   32.407920000    0.141775627    0.141741690
   32.445000000    0.141702460    0.141667033
   32.482080000    0.141624440    0.141586973
   32.519160000    0.141541366    0.141501096
   32.556240000    0.141452850    0.141408990
   32.593320000    0.141358305    0.141310238
   32.630400000    0.141256997    0.141204421
   32.667480000    0.141148130    0.141091092
   32.704560000    0.141030950    0.140969762
   32.741640000    0.140904820    0.140839885
   32.778720000    0.140769254    0.140700846
   32.815800000    0.140623887    0.140551960
   32.852880000    0.140468386    0.140392482
   32.889960000    0.140302345    0.140221618
   32.927040000    0.140125177    0.140038536
   32.964120000    0.139936044    0.139842377
   33.001200000    0.139733858    0.139632245
   33.038280000    0.139517334    0.139407200
   33.075360000    0.139285090    0.139166237
   33.112440000    0.139035759    0.138908258
   33.149520000    0.138768069    0.138632059
   33.186600000    0.138480874    0.138336314
   33.223680000    0.138173105    0.138019576
   33.260760000    0.137843679    0.137680287
   33.297840000    0.137491362    0.137316788
   33.334920000    0.137114662    0.136927334
   33.372000000    0.136711754    0.136510097
   33.409080000    0.136280488    0.136063159
   33.446160000    0.135818453    0.135584491
   33.483240000    0.135323099    0.135071929
   33.520320000    0.134791850    0.134523135
   33.557400000    0.134222191    0.133935575
   33.594480000    0.133611678    0.133306494
   33.631560000    0.132957870    0.132632912
   33.668640000    0.132258196    0.131911621
   33.705720000    0.131509792    0.131139195
   33.742800000    0.130709359    0.130311989
   33.779880000    0.129853079    0.129426139
   33.816960000    0.128936614    0.128477535
   33.854040000    0.127955187    0.127461793
   33.891120000    0.126903709    0.126374210
   33.928200000    0.125776911    0.125209717
   33.965280000    0.124569428    0.123962838
   34.002360000    0.123275791    0.122627661
   34.039440000    0.121890336    0.121197823
   34.076520000    0.120407033    0.119666503
   34.113600000    0.118819291    0.118026423
   34.150680000    0.117119785    0.116269843
   34.187760000    0.115300366    0.114388541
   34.224840000    0.113352064    0.112373774
   34.261920000    0.111265186    0.110216224
   34.299000000    0.109029454    0.107905922
   34.336080000    0.106634149    0.105432171
   34.373160000    0.104068168    0.102783472
   34.410240000    0.101319981    0.099947461
   34.447320000    0.098377463    0.096910863
   34.484400000    0.095227641    0.093659446
   34.521480000    0.091856405    0.090177999
   34.558560000    0.088248266    0.086450279
   34.595640000    0.084386204    0.082458961
   34.632720000    0.080251652    0.078185551
   34.669800000    0.075824580    0.073610291
   34.706880000    0.071083654    0.068712036
   34.743960000    0.066006368    0.063468141
   34.781040000    0.060569096    0.057854347
   34.818120000    0.054747008    0.051844690
   34.855200000    0.048513846    0.045411425
   34.892280000    0.041841598    0.038524959
   34.929360000    0.034700152    0.031153781
   34.966440000    0.027057003    0.023264379
   35.003520000    0.018877083    0.014821110
   35.040600000    0.010122727    0.005786053
   35.077680000    0.000753757   -0.003881182
   35.114760000   -0.009272412   -0.014223652
   35.151840000   -0.020000724   -0.025287264
   35.188920000   -0.031478581   -0.037120931
   35.226000000   -0.043756122   -0.049776679
   35.263080000   -0.056886641   -0.063309713
   35.300160000   -0.070927049   -0.077778472
   35.337240000   -0.085938260   -0.093244716
   35.374320000   -0.101985361   -0.109773696
   35.411400000   -0.119137526   -0.127434470
   35.448480000   -0.137467722   -0.146300380
   35.485560000   -0.157052357   -0.166449704
   35.522640000   -0.177971140   -0.187966416
   35.559720000   -0.200307409   -0.210940951
   35.596800000   -0.224149157   -0.235470834
   35.633880000   -0.249590783   -0.261660954
   35.670960000   -0.276735415   -0.289623311
   35.708040000   -0.305697338   -0.319476019
   35.745120000   -0.336603888   -0.351341411
   35.782200000   -0.369596012   -0.385343168
   35.819280000   -0.404826730   -0.421602434
   35.856360000   -0.442456922   -0.460233012
   35.893440000   -0.482648177   -0.501335793
   35.930520000   -0.525552921   -0.544992677
   35.967600000   -0.571302457   -0.591260285
   36.004680000   -0.619993977   -0.640163841
   36.041760000   -0.671677867   -0.691691571
   36.078840000   -0.726346669   -0.745789998
   36.115920000   -0.783926942   -0.802360431
   36.153000000   -0.844274898   -0.861256900
   36.190080000   -0.907176246   -0.922285678
   36.227160000   -0.972350116   -0.985206427
   36.264240000   -1.039456507   -1.049734890
   36.301320000   -1.108106280   -1.115546942
   36.338400000   -1.177872548   -1.182283721
   36.375480000   -1.248302272   -1.249557492
   36.412560000   -1.318927033   -1.316957894
   36.449640000   -1.389272192   -1.384058200
   36.486720000   -1.458863999   -1.450421293
   36.523800000   -1.527234548   -1.515605155
   36.560880000   -1.593924786   -1.579167725
   36.597960000   -1.658485965   -1.640671136
   36.635040000   -1.720480131   -1.699685402
   36.672120000   -1.779480218   -1.755791694
   36.709200000   -1.835070333   -1.808585418
   36.746280000   -1.886846710   -1.857679249
   36.783360000   -1.934419687   -1.902706306
   36.820440000   -1.977416898   -1.943323541
   36.857520000   -2.015487722   -1.979215389
   36.894600000   -2.048308840   -2.010097598
   36.931680000   -2.075590604   -2.035721141
   36.968760000   -2.097083803   -2.055876023
   37.005840000   -2.112586278   -2.070394784
   37.042920000   -2.121948846   -2.079155488
