 &plot nbnd=  10, nks=    51 /
            0.000000  0.000000  0.000000
  -21.326   -9.448   -4.898   -4.898    1.119    2.131    2.941    4.734    5.657    6.580
           -0.015873  0.027493  0.000000
  -21.308   -9.427   -4.972   -4.937    1.143    2.155    2.965    4.758    5.681    6.658
           -0.031746  0.054986  0.000000
  -21.255   -9.363   -5.187   -5.054    1.216    2.228    3.040    4.831    5.752    6.630
           -0.047619  0.082479  0.000000
  -21.166   -9.256   -5.521   -5.245    1.337    2.349    3.163    4.953    5.870    6.695
           -0.063491  0.109972  0.000000
  -21.042   -9.108   -5.950   -5.503    1.506    2.519    3.336    5.123    6.035    6.792
           -0.079364  0.137465  0.000000
  -20.882   -8.916   -6.448   -5.821    1.724    2.737    3.558    5.341    6.248    6.925
           -0.095237  0.164958  0.000000
  -20.688   -8.684   -6.992   -6.192    1.990    3.004    3.830    5.607    6.506    7.095
           -0.111110  0.192451  0.000000
  -20.458   -8.412   -7.565   -6.605    2.304    3.318    4.152    5.920    6.810    6.958
           -0.126983  0.219944  0.000000
  -20.194   -8.152   -8.100   -7.052    2.667    3.680    4.522    6.281    6.300    7.156
           -0.142856  0.247437  0.000000
  -19.896   -8.742   -7.749   -7.523    3.077    4.088    4.943    5.613    6.689    7.537
           -0.158729  0.274930  0.000000
  -19.565   -9.328   -8.011   -7.362    3.535    4.542    4.911    5.412    7.141    7.940
           -0.174601  0.302423  0.000000
  -19.201   -9.903   -8.507   -6.941    4.041    4.203    5.041    5.931    7.635    8.353
           -0.190474  0.329916  0.000000
  -18.805  -10.463   -9.005   -6.486    3.500    4.594    5.582    6.499    8.169    8.771
           -0.206347  0.357409  0.000000
  -18.378  -11.005   -9.498   -6.003    2.806    5.193    6.160    7.115    8.732    9.202
           -0.222220  0.384902  0.000000
  -17.922  -11.524   -9.981   -5.494    2.131    5.837    6.769    7.781    9.306    9.646
           -0.238093  0.412395  0.000000
  -17.439  -12.020  -10.448   -4.965    1.476    6.525    7.392    8.495    9.839   10.093
           -0.253966  0.439888  0.000000
  -16.931  -12.491  -10.894   -4.421    0.847    7.255    7.991    9.256   10.226   10.530
           -0.269839  0.467381  0.000000
  -16.405  -12.936  -11.312   -3.870    0.248    8.021    8.474   10.061   10.463   10.930
           -0.285711  0.494874  0.000000
  -15.867  -13.353  -11.693   -3.322   -0.321    8.716    8.815   10.823   10.897   11.059
           -0.301584  0.522367  0.000000
  -15.333  -13.743  -12.023   -2.788   -0.854    8.738    9.615   11.082   11.389   11.423
           -0.317457  0.549860  0.000000
  -14.835  -14.104  -12.272   -2.281   -1.353    8.684   10.362   11.010   11.419   12.159
           -0.333330  0.577353  0.000000
  -14.436  -14.435  -12.375   -1.814   -1.814    8.654   10.846   10.846   11.372   12.838
           -0.303027  0.577352  0.000000
  -14.725  -14.232  -12.257   -2.219   -1.419    8.689   10.624   10.794   11.327   12.374
           -0.272725  0.577352  0.000000
  -14.987  -14.217  -11.918   -2.586   -1.080    8.799   10.371   10.521   10.944   11.953
           -0.242422  0.577352  0.000000
  -15.222  -14.313  -11.440   -2.917   -0.804    8.979   10.079   10.110   10.421   11.576
           -0.212119  0.577352  0.000000
  -15.430  -14.451  -10.901   -3.211   -0.588    9.206    9.348    9.860   10.083   11.243
           -0.181816  0.577352  0.000000
  -15.610  -14.595  -10.347   -3.466   -0.428    8.545    9.443    9.632    9.824   10.954
           -0.151514  0.577351  0.000000
  -15.763  -14.729   -9.810   -3.683   -0.315    7.767    9.432    9.605    9.644   10.710
           -0.121211  0.577351  0.000000
  -15.888  -14.844   -9.315   -3.860   -0.240    7.062    9.264    9.425    9.782   10.510
           -0.090908  0.577351  0.000000
  -15.985  -14.937   -8.889   -3.999   -0.191    6.465    9.131    9.284    9.857   10.354
           -0.060605  0.577351  0.000000
  -16.054  -15.005   -8.559   -4.098   -0.163    6.009    9.036    9.182    9.888   10.243
           -0.030303  0.577350  0.000000
  -16.096  -15.046   -8.348   -4.158   -0.148    5.722    8.978    9.121    9.898   10.176
            0.000000  0.577350  0.000000
  -16.110  -15.059   -8.275   -4.178   -0.144    5.624    8.958    9.101    9.900   10.154
            0.000000  0.545275  0.000000
  -16.376  -14.766   -8.258   -4.295    0.002    5.633    8.194    9.200    9.900   10.226
            0.000000  0.513200  0.000000
  -16.858  -14.203   -8.203   -4.604    0.395    5.660    7.403    8.421    9.395   10.795
            0.000000  0.481125  0.000000
  -17.362  -13.565   -8.113   -5.024    0.954    5.702    6.658    7.678    8.616   10.242
            0.000000  0.449050  0.000000
  -17.852  -12.889   -7.988   -5.493    1.614    5.725    5.994    6.977    7.887    9.552
            0.000000  0.416975  0.000000
  -18.317  -12.189   -7.830   -5.975    2.333    5.262    5.877    6.322    7.208    8.900
            0.000000  0.384900  0.000000
  -18.752  -11.471   -7.639   -6.448    3.084    4.660    5.715    5.958    6.581    8.292
            0.000000  0.352825  0.000000
  -19.157  -10.742   -7.420   -6.901    3.840    4.098    5.167    5.958    6.103    7.730
            0.000000  0.320750  0.000000
  -19.528  -10.007   -7.325   -7.174    3.583    4.423    4.840    5.459    6.181    7.216
            0.000000  0.288675  0.000000
  -19.866   -9.274   -7.717   -6.905    3.116    4.113    4.983    5.441    6.289    6.753
            0.000000  0.256600  0.000000
  -20.171   -8.552   -8.073   -6.620    2.698    3.708    4.555    6.114    6.382    6.391
            0.000000  0.224525  0.000000
  -20.440   -8.391   -7.850   -6.324    2.328    3.342    4.177    5.939    6.468    6.886
            0.000000  0.192450  0.000000
  -20.674   -8.668   -7.181   -6.027    2.008    3.022    3.849    5.624    6.447    6.693
            0.000000  0.160375  0.000000
  -20.873   -8.905   -6.562   -5.737    1.736    2.750    3.571    5.353    6.248    6.668
            0.000000  0.128300  0.000000
  -21.036   -9.100   -6.011   -5.469    1.514    2.527    3.344    5.130    6.041    6.670
            0.000000  0.096225  0.000000
  -21.163   -9.252   -5.548   -5.236    1.341    2.354    3.168    4.957    5.874    6.652
            0.000000  0.064150  0.000000
  -21.253   -9.361   -5.197   -5.054    1.218    2.230    3.042    4.833    5.754    6.621
            0.000000  0.032075  0.000000
  -21.308   -9.427   -4.973   -4.937    1.144    2.155    2.966    4.759    5.681    6.592
            0.000000  0.000000  0.000000
  -21.326   -9.448   -4.898   -4.898    1.119    2.131    2.941    4.734    5.657    6.580
